000      0      6     13     33     66    155    374    850   1870   3764   7048  11745  17412  23053  27154  28896 
001      0      3      5     11     28     74    177    422    892   1912   3508   5898   8871  11733  13810  14736 
002      0      4      7     19     50    123    300    727   1618   3308   6117  10187  15430  20410  24238  25756 
003      0      2      4     16     37     86    197    481   1063   2145   3994   6685  10015  13317  15627  16731 
004      0      4     10     31     66    143    330    754   1719   3506   6480  10761  15939  21097  24812  26610 
005      0      4      5     15     39    102    238    551   1235   2552   4766   7954  11788  15696  18563  19655 
006      0      3      2      6     18     54    117    267    586   1202   2223   3649   5433   7104   8370   8927 
007      0      7      9     27     63    152    351    786   1728   3527   6556  10994  16289  21507  25275  27001 
008      0      3      2      7     16     44    108    238    483    956   1755   2975   4478   5947   7019   7504 
009      0      5      5     11     35     83    183    394    861   1745   3325   5612   8215  10859  12760  13516 
010      0      4      2      9     25     47    116    255    565   1159   2187   3641   5414   7223   8541   9077 
011      0      4      9     29     70    182    451   1023   2189   4488   8442  14008  20703  27310  32311  34319 
012      0      5     10     27     55    122    279    646   1420   2894   5371   8854  13060  17238  20427  21676 
013      0      2      0      4      7     27     58    130    274    542   1018   1677   2452   3238   3813   4079 
014      0      4      5     16     36     87    194    452    966   2019   3782   6295   9323  12378  14593  15508 
015      0      6     13     37     87    200    453   1028   2258   4585   8433  14006  20895  27665  32732  34820 
016      0      8     11     30     73    174    396    862   1871   3752   7029  11749  17664  23416  27582  29379 
017      0      5     13     30     73    179    433    969   2113   4365   8155  13741  20348  26942  31689  33779 
018      0      3      6     19     36     75    176    383    835   1789   3233   5392   7917  10437  12401  13221 
019      0      7     11     27     54    122    262    593   1290   2662   5003   8394  12314  16245  19065  20295 
020      0      3      5     13     37     96    215    539   1195   2340   4359   7207  10787  14290  17014  18121 
021      0      4      8     23     67    159    369    865   1871   3812   7035  11846  17710  23390  27727  29627 
022      0      4      8     22     46    111    268    606   1350   2739   5086   8570  12773  16929  19903  21201 
023      0      4      7     13     33     77    186    428    920   1921   3620   6058   9028  11785  13872  14660 
024      0      4     11     30     82    200    468   1071   2350   4812   9097  15200  22680  29807  35092  37507 
025      0      3      2      7     17     44    103    234    499   1035   1941   3258   4875   6446   7587   8201 
026      0      3      3      8     23     66    156    327    682   1433   2607   4363   6504   8654  10222  10878 
027      0      4      5     15     31     79    193    426    901   1805   3366   5610   8378  11115  13105  13901 
028      0      3      5     15     32     82    222    504   1077   2224   4135   6946  10340  13721  16287  17358 
029      0      4      6     20     52    117    271    632   1378   2799   5204   8662  12897  17047  20076  21309 
030      0      5     12     30     63    152    361    863   1882   3870   7197  11895  17744  23544  27699  29494 
031      0      4      9     19     46    107    247    560   1217   2538   4643   7742  11568  15300  18130  19236 
032      0      4     10     24     50    127    325    802   1712   3564   6682  11070  16383  21656  25576  27297 
033      0      3      6     17     30     65    168    375    834   1682   3132   5238   7833  10322  12144  12896 
034      0      3      6     19     52    115    274    616   1334   2719   5086   8489  12750  16918  19854  21159 
035      0      4      9     27     57    148    348    806   1761   3601   6681  11134  16484  21862  25825  27503 
036      0      6      9     20     43    111    252    569   1221   2512   4567   7603  11199  14944  17669  18717 
037      0      3      8     16     37     82    196    473   1013   2037   3746   6302   9473  12542  14864  15806 
038      0      4      9     21     44    124    297    728   1615   3321   6100  10015  14988  19649  23249  24896 
039      0      3      2      4      9     20     37     86    184    378    724   1221   1792   2386   2849   3002 
040      0      4      3     10     19     46    106    247    530   1111   2032   3386   4992   6640   7825   8337 
041      0      8     12     29     69    173    409    961   2042   4150   7627  12637  18861  25115  29689  31540 
042      0      3      6     16     48    104    256    563   1288   2631   4920   8240  12300  16324  19326  20644 
043      0      3      3      8     25     63    146    344    742   1480   2757   4613   6854   8991  10627  11338 
044      0      4      9     20     44    108    276    643   1431   2822   5153   8610  12855  17064  20145  21538 
045      0      3      3      5     14     37     78    197    427    874   1652   2783   4137   5457   6397   6852 
046      0      4      3     13     38     95    213    473   1035   2129   4021   6680  10031  13304  15656  16655 
047      0      4      7     22     64    140    341    743   1619   3250   6010  10051  14927  19714  23235  24758 
048      0      4      7     17     38     96    224    522   1172   2365   4337   7206  10692  14119  16650  17620 
049      0      2      5     13     30     67    150    323    739   1505   2761   4658   6898   9121  10701  11298 
050      0      7     19     42    102    236    534   1186   2586   5300   9800  16355  24384  32217  38050  40530 
051      0      6      8     28     63    166    369    867   1901   3791   7087  11857  17690  23365  27604  29361 
052      0      6      9     20     47    102    264    642   1375   2831   5201   8773  13075  17310  20388  21804 
053      0      4      6     21     51    138    319    725   1609   3306   6054  10096  15151  20163  23754  25350 
054      0      4      8     25     59    154    352    790   1710   3462   6365  10671  15934  21077  25018  26604 
055      0      3      3     11     33     88    220    523   1156   2319   4332   7239  10783  14165  16832  17845 
056      0      2      2      2      7     19     45     96    203    430    763   1268   1881   2488   2930   3138 
057      0      4      7     22     59    146    364    833   1815   3708   6859  11441  16896  22245  26296  27995 
058      0      4      8     25     63    142    343    762   1605   3222   6013  10133  15069  19916  23572  25031 
059      0      7     13     40     95    229    529   1251   2681   5320   9808  16289  24419  32380  38147  40711 
060      0      4      3     12     28     57    131    306    686   1422   2646   4425   6581   8611  10297  10933 
061      0      5      6     21     55    132    344    781   1691   3467   6414  10731  16080  21197  24996  26850 
062      0      7     10     23     56    117    305    691   1542   3139   5820   9780  14432  19015  22549  24038 
063      0      4      7     24     54    160    356    855   1841   3731   6872  11402  16960  22567  26700  28454 
064      0      3      5     16     32     60    147    332    710   1417   2609   4361   6513   8660  10329  11061 
065      0      6      9     32     68    163    356    818   1779   3650   6756  11284  16796  22235  26271  28026 
066      0      3      2      6     18     49    117    259    581   1194   2258   3768   5647   7452   8821   9467 
067      0      5     12     26     62    149    358    837   1804   3654   6800  11346  16974  22446  26544  28216 
068      0      4      4     14     45    119    273    613   1350   2697   5053   8434  12583  16594  19536  20772 
069      0      2      5     11     25     51    140    326    703   1469   2714   4522   6707   8826  10403  11025 
070      0      3      5     17     48    121    295    674   1439   2996   5530   9204  13747  18258  21643  23037 
071      0      5      4     11     27     59    152    369    791   1606   2937   4910   7342   9846  11767  12505 
072      0      3      6     15     50    110    270    661   1401   2887   5393   8960  13337  17595  20798  22112 
073      0      5     11     24     60    134    323    749   1672   3405   6337  10581  15691  20789  24462  25989 
074      0      6     15     41    100    213    489   1104   2407   4885   9087  15265  22861  30336  35841  38159 
075      0      3      4     13     27     71    176    406    869   1773   3260   5430   8034  10609  12573  13386 
076      0      7     13     27     63    152    375    854   1866   3697   6904  11539  17169  22712  26861  28611 
077      0      2      2      8     22     53    129    315    690   1360   2471   4142   6283   8358   9919  10657 
078      0      2      2      7     19     46    110    257    604   1251   2339   3939   5920   7908   9399  10009 
079      0      4      7     15     42     88    205    499   1048   2216   4088   6836  10107  13342  15741  16656 
080      0      3      4      8     13     45    119    274    589   1184   2196   3635   5397   7091   8410   8928 
081      0      3      4     15     37     77    190    456   1007   2041   3809   6287   9301  12362  14565  15558 
082      0      4      6     14     35     82    179    382    878   1765   3273   5528   8246  10859  12887  13748 
083      0      7     12     25     55    142    322    739   1649   3410   6234  10404  15413  20407  24073  25699 
084      0      4      5     10     20     45    114    279    603   1203   2247   3761   5669   7471   8787   9369 
085      0      4      7     26     69    166    421    918   1976   4039   7500  12517  18582  24659  29178  31080 
086      0      5      7     21     50    128    297    704   1537   3151   5914   9811  14637  19296  22971  24445 
087      0      2      4     15     42     95    228    534   1176   2310   4262   7046  10358  13615  15978  17020 
088      0      3      4     12     31     84    182    415    923   1916   3614   6042   9022  11851  14011  14896 
089      0      3      4     12     31     84    182    415    923   1916   3614   6042   9022  11851  14011  14896 
090      0      7     11     28     70    177    413    955   2069   4242   7994  13306  19812  26105  30893  32893 
091      0      4      7     20     47    114    264    599   1336   2672   4859   8185  12262  16278  19189  20451 
092      0      4      3      8     23     55    134    276    594   1220   2243   3827   5708   7510   8829   9402 
093      0      3      3     10     22     38     95    241    509   1042   1923   3179   4759   6363   7521   8022 
094      0      4      9     22     53    113    248    570   1260   2594   4819   7919  11726  15621  18516  19715 
095      0      5     12     32     71    165    389    874   1849   3733   6925  11564  17243  22766  27002  28834 
096      0      3      5     22     55    127    284    672   1455   2997   5481   9065  13500  17803  21108  22560 
097      0      4      7     18     45     97    229    488   1075   2167   4081   6764   9957  13038  15365  16473 
098      0      4      5     15     40     86    211    473   1038   2114   3988   6579   9714  12862  15284  16217 
099      0      6     17     42     84    190    423    984   2148   4389   8087  13503  19950  26406  31092  33029 
100      0      5     12     30     79    182    442    938   2042   4084   7576  12636  18762  24847  29140  31111 
101      0      3      6     13     30     69    170    402    861   1733   3302   5505   8169  10688  12585  13354 
102      0      6     11     27     59    137    323    743   1646   3335   6244  10372  15460  20332  24047  25508 
103      0      3      4     11     32     79    176    405    895   1854   3416   5823   8616  11459  13461  14337 
104      0      8     14     38     89    239    541   1278   2795   5690  10675  17828  26617  35318  41484  44047 
105      0      3      2     10     31     73    180    395    868   1743   3228   5376   8050  10665  12639  13493 
106      0      6     13     36     83    196    501   1132   2429   4937   9076  15100  22552  29957  35421  37768 
107      0      3      4     12     31     77    164    377    792   1660   3066   5117   7603  10061  11949  12772 
108      0      4      3      9     22     54    121    284    604   1191   2205   3617   5412   7194   8573   9068 
109      0      2      1      4     12     29     84    193    462    956   1801   2984   4508   5950   7005   7468 
110      0      4      4     10     25     53    137    289    640   1282   2384   4013   5907   7878   9248   9842 
111      0      3      7     14     35     82    200    474   1030   2127   3910   6483   9613  12695  14950  16017 
112      0      4      6     15     38     93    219    531   1172   2351   4378   7311  10877  14446  17002  18075 
113      0      6      9     21     52    111    257    602   1299   2646   4863   8189  12149  15954  18967  20082 
114      0      3      5     15     28     68    177    408    891   1814   3367   5598   8354  11067  13128  14026 
115      0      5      9     22     56    141    333    729   1605   3251   6003   9944  14810  19583  23207  24882 
116      0      4      8     16     42     98    218    484   1046   2072   3946   6591   9756  13026  15349  16320 
117      0      3      5      9     27     59    149    341    732   1468   2689   4475   6681   8758  10319  10945 
118      0      3      6     20     43    107    258    619   1363   2705   5055   8485  12596  16697  19748  21087 
119      0      5     12     30     84    203    467   1021   2263   4660   8660  14566  21649  28478  33503  35625 
120      0      4      5      9     18     46    112    278    598   1210   2210   3673   5494   7243   8599   9223 
121      0      3      5     16     35     91    213    459    976   1943   3600   6043   8899  11789  14006  15024 
122      0      3      4     11     24     59    143    356    756   1543   2871   4827   7184   9442  11196  11939 
123      0      3      4     10     29     66    153    374    847   1700   3109   5115   7603  10053  11785  12578 
124      0      2      0      1      8     16     46    121    272    558   1043   1752   2634   3485   4117   4362 
125      0      6     11     29     68    150    339    796   1684   3377   6253  10318  15353  20283  23893  25534 
126      0      5     10     29     72    176    412    944   2025   3990   7368  12380  18404  24372  28836  30822 
127      0      4      7     17     35     92    210    479   1022   2063   3926   6548   9814  12983  15291  16410 
128      0      2      0      1      5     12     29     71    159    310    567    960   1403   1818   2138   2263 
129      0      4      6     15     38     97    235    565   1249   2550   4713   7938  11844  15729  18703  19944 
130      0      3      8     17     42    104    245    568   1259   2528   4722   7843  11662  15424  18156  19366 
131      0      3      5     14     35     80    187    446    960   1906   3537   5958   8967  11840  13948  14871 
132      0      4      5     18     58    141    328    734   1604   3261   5966   9957  14732  19703  23174  24678 
133      0      6     13     30     75    157    368    843   1891   3831   7039  11744  17631  23345  27647  29438 
134      0      2      1      8     22     56    129    309    659   1320   2431   4036   6027   7969   9499  10148 
135      0      4      8     23     43    100    249    574   1219   2498   4683   7760  11533  15248  18040  19242 
136      0      4      6     10     24     53    120    267    547   1119   2054   3364   4984   6623   7760   8328 
137      0      3      5     11     30     67    156    369    791   1629   3039   5088   7516   9924  11679  12470 
138      0      3      5     11     30     67    156    369    791   1629   3039   5088   7516   9924  11679  12470 
139      0      4      7     13     33     78    193    466   1003   2020   3818   6311   9331  12310  14467  15345 
140      0      3      3      6     15     37     78    179    382    799   1469   2463   3647   4849   5688   5967 
141      0      4     10     28     69    163    377    862   1882   3841   7036  11874  17544  23255  27426  29070 
142      0      2      1      6     13     36     76    166    340    711   1326   2232   3330   4425   5254   5580 
143      0      2      2      9     27     64    131    312    668   1356   2534   4274   6453   8582  10197  10913 
144      0      4      5     12     30     78    179    394    833   1774   3295   5518   8191  10920  12832  13594 
145      0      5      8     18     39     93    228    539   1210   2480   4519   7491  11175  14659  17280  18323 
146      0      5      8     18     39     93    228    539   1210   2480   4519   7491  11175  14659  17280  18323 
147      0      3      3      7     28     71    166    393    868   1770   3315   5521   8316  10970  12884  13745 
148      0      4      6     18     45    108    247    570   1221   2463   4552   7579  11349  14927  17668  18805 
149      0      5      9     20     55    129    312    744   1657   3349   6214  10301  15262  20294  23992  25551 
150      0      2      3     10     33     75    151    337    743   1518   2756   4587   6915   9132  10846  11435 
151      0      6     13     31     78    176    424    995   2163   4400   8221  13727  20608  27151  32189  34208 
152      0      6      8     16     30     65    151    353    749   1557   2916   4827   7186   9554  11305  12016 
153      0      4      7     16     46    109    257    590   1287   2558   4760   7952  11890  15653  18553  19756 
154      0      5      6     13     36     81    182    441    984   1981   3651   6121   9170  12149  14478  15371 
155      0      2      2      6     20     55    126    280    601   1214   2263   3712   5603   7415   8786   9351 
156      0      3      8     28     67    174    405    933   2076   4231   7914  13257  19744  26081  30753  32771 
157      0      6     10     27     53    130    295    647   1372   2773   5224   8728  13074  17190  20366  21750 
158      0      4     11     21     52    119    289    642   1375   2803   5228   8802  13131  17490  20763  22178 
159      0      3      7     21     46    108    267    628   1320   2676   5070   8511  12752  16791  19695  21031 
160      0      2      4     12     32     74    193    434    959   1984   3653   6158   9180  12063  14355  15320 
161      0      2      1      5     16     46    108    249    539   1113   2048   3352   5023   6621   7795   8355 
162      0      2      1      5     16     46    108    249    539   1113   2048   3352   5023   6621   7795   8355 
163      0      4      8     19     49    111    263    590   1261   2567   4780   8020  11908  15857  18763  20144 
164      0      6     11     31     72    170    416    910   1967   3962   7395  12321  18342  24245  28663  30478 
165      0      5     11     32     84    183    402    932   1984   4058   7696  12885  19187  25331  29927  31757 
166      0      5     11     23     59    135    297    668   1421   2886   5435   9042  13561  17751  21006  22367 
167      0      3      7     28     68    140    318    738   1633   3363   6253  10445  15495  20449  24231  25834 
168      0      3      4     11     27     63    148    333    753   1509   2825   4696   7026   9284  11002  11624 
169      0      3      3     12     33     82    197    461    968   1936   3511   5825   8615  11333  13351  14171 
170      0      4      5     14     32     77    166    390    867   1749   3263   5529   8210  10942  12824  13648 
171      0      4      7     15     32     83    187    417    911   1876   3470   5831   8659  11403  13346  14055 
172      0      4      7     16     46    113    237    517   1097   2227   4259   7213  10671  13953  16377  17481 
173      0      4      6     18     42    109    245    554   1241   2472   4658   7724  11495  15188  17866  19138 
174      0      3      2      4     13     39     94    190    421    835   1518   2567   3820   5081   6022   6434 
175      0      5     10     22     58    149    365    835   1806   3609   6684  11245  16744  22101  26099  27746 
176      0      4      9     21     49    121    297    687   1545   3109   5724   9564  14282  18780  22197  23555 
177      0      5      9     18     40    104    250    570   1219   2480   4615   7643  11342  14887  17620  18655 
178      0      3      3      9     22     53    140    327    696   1439   2620   4385   6605   8701  10276  10920 
179      0      3      4     11     29     74    182    430    960   1945   3590   5934   8823  11609  13827  14596 
180      0      5     11     24     50    129    304    684   1463   2948   5407   9025  13606  17834  21151  22557 
181      0      4      6     19     48    107    261    617   1378   2803   5199   8705  12948  17140  20240  21424 
182      0      4      6     14     39     97    240    529   1163   2426   4554   7501  11259  14933  17686  18783 
183      0      6     10     30     60    148    352    837   1791   3679   6850  11525  17059  22638  26759  28537 
184      0      2      1      6     13     28     72    174    372    761   1394   2343   3459   4496   5333   5664 
185      0      3      2      2      7     19     53    121    273    560   1025   1711   2492   3258   3795   4070 
186      0      6      7     18     44    107    261    587   1256   2633   4873   8107  12091  15908  18868  19972 
187      0      3      3     10     22     50    129    308    638   1350   2556   4238   6331   8459   9952  10631 
188      0      6      9     21     46    120    307    703   1462   2894   5414   9090  13627  17990  21137  22560 
189      0      2      2      7     20     51    122    292    643   1267   2386   3941   5946   7971   9382  10004 
190      0      4      5     13     33     74    181    383    806   1695   3167   5266   7892  10505  12393  13116 
191      0      3      7     20     62    144    322    730   1634   3395   6333  10571  15670  20876  24647  26190 
192      0      4      7     22     53    112    256    590   1277   2603   4795   7983  11744  15577  18448  19654 
193      0      4      4     11     31     76    193    418    928   1879   3457   5768   8578  11249  13341  14212 
194      0      4      6     16     36    109    268    651   1444   2937   5406   8977  13375  17616  20730  22002 
195      0      3      6     14     35     75    176    397    868   1759   3305   5519   8185  10803  12673  13561 
196      0      3      5     18     45    102    260    619   1313   2659   4864   8148  11968  15724  18387  19561 
197      0      3      3     11     26     66    162    393    846   1711   3144   5223   7779  10178  12019  12881 
198      0      3      4      8     25     58    144    325    714   1430   2713   4470   6707   8860  10373  11098 
199      0      6     10     23     51    136    321    723   1563   3177   5913   9802  14738  19429  22939  24504 
200      0      6     13     31     76    166    405    935   2097   4307   8010  13291  19801  26233  30916  32941 
201      0      5      8     19     54    131    286    613   1338   2782   5058   8491  12557  16584  19574  20852 
202      0      7     13     33     78    171    421    946   2020   4186   7793  13131  19622  26136  30861  32911 
203      0      4      5     10     32     66    160    333    726   1508   2745   4572   6811   8983  10578  11319 
204      0      2      1      7     17     47    136    287    638   1328   2482   4094   6104   8004   9387   9891 
205      0      4      7     16     44    105    254    610   1375   2829   5194   8715  13058  17269  20390  21765 
206      0      4      4     12     26     59    125    274    606   1200   2265   3764   5655   7529   8903   9470 
207      0      5     11     24     54    123    314    693   1444   2956   5475   9157  13563  18042  21363  22924 
208      0      2      1      7     18     45     92    205    451    931   1657   2792   4142   5531   6537   7015 
209      0      8     14     32     76    175    414    957   2075   4202   7847  13099  19320  25515  29974  32010 
210      0      2      1      2      6     21     45    109    236    497    923   1529   2228   3019   3524   3714 
211      0      3      5     14     29     81    195    440    961   1985   3629   6031   8875  11768  13870  14787 
212      0      3      4     12     23     56    131    294    661   1346   2499   4226   6259   8304   9748  10394 
213      0      4      9     18     56    140    336    785   1744   3432   6343  10552  15782  20757  24562  26119 
214      0      5      5     11     28     66    150    357    814   1583   2902   4847   7257   9540  11292  12073 
215      0      6     13     33     81    195    460   1053   2248   4463   8397  14028  20841  27715  32701  35063 
216      0      4      8     24     67    156    353    806   1757   3546   6596  10957  16208  21538  25361  27189 
217      0      3      6     17     49    123    279    629   1358   2808   5199   8738  12979  17042  20160  21560 
218      0      4      6     16     44    111    248    526   1170   2467   4559   7524  11297  14797  17438  18654 
219      0      5      7     18     53    108    241    594   1298   2619   4888   8160  12081  15841  18854  20091 
220      0      4      3     11     29     73    165    398    874   1809   3413   5737   8455  11215  13303  14169 
221      0      4      6     11     30     79    167    387    872   1747   3228   5365   8045  10645  12556  13280 
222      0      7     13     37     93    218    497   1160   2554   5095   9335  15623  23292  30999  36523  38865 
223      0      4      7     22     54    133    301    681   1477   2968   5448   9029  13477  17795  20876  22131 
224      0      5     11     33     70    159    362    793   1744   3596   6634  10978  16495  21830  25819  27474 
225      0      7     10     25     69    168    381    869   1887   3740   6948  11615  17378  22911  27033  28805 
226      0      4      6     12     29     76    180    418    922   1944   3678   6066   9028  11926  14041  15065 
227      0      3      2      7     15     41     89    205    435    864   1578   2737   4071   5413   6405   6782 
228      0      3      6     10     24     54    122    285    625   1272   2355   3928   5859   7730   9045   9652 
229      0      4      7     18     44    109    260    621   1394   2816   5175   8607  12752  16810  19907  21231 
230      0      4      8     17     44    110    256    566   1221   2488   4626   7697  11611  15414  18298  19464 
231      0      5      8     17     36     85    209    481   1038   2181   4074   6821  10149  13463  15941  16922 
232      0      4      9     23     56    137    340    750   1653   3481   6421  10746  15824  20872  24710  26284 
233      0      4      9     18     42    100    238    554   1238   2508   4643   7768  11679  15485  18371  19579 
234      0      3      6     18     38     92    233    548   1151   2237   4119   6865  10149  13376  15721  16781 
235      0      9     16     31     78    199    470   1081   2375   4829   8915  14902  22057  29016  34088  36256 
236      0      5     11     26     58    139    315    734   1618   3275   6072  10120  15090  20023  23578  25284 
237      0      5     11     24     55    129    288    681   1491   2992   5526   9190  13686  18183  21485  23044 
238      0      3      6     16     37     90    233    534   1144   2331   4363   7382  10834  14385  16971  18039 
239      0      2      6     11     43    105    243    541   1127   2280   4196   7015  10341  13656  16134  17296 
240      0      2      0      0      4     11     32     73    163    321    600    963   1439   1891   2248   2432 
241      0      5      6     15     43    106    222    489   1081   2173   3994   6686   9996  13178  15609  16722 
242      0      5     11     25     64    139    322    766   1660   3336   6193  10345  15373  20345  24064  25669 
243      0      4      4     12     27     61    138    319    708   1454   2812   4651   6860   9024  10661  11344 
244      0      3     10     26     72    186    455   1036   2264   4696   8639  14383  21307  28392  33510  35705 
245      0      7     13     31     87    193    461   1070   2327   4773   8802  14613  21922  29125  34361  36672 
246      0      7     14     28     65    148    355    798   1781   3634   6753  11330  16750  22181  26215  27879 
247      0      2      0      0      3     10     19     40     87    183    348    605    901   1185   1362   1457 
248      0      3      7     18     42     93    213    484   1068   2161   4003   6650   9882  13084  15420  16475 
249      0      5      8     19     52    119    277    590   1260   2542   4732   7830  11617  15306  17950  19086 
250      0      3      4     13     38     94    228    509   1111   2218   4075   6832  10088  13239  15551  16595 
251      0      4      6     19     45    117    275    624   1389   2790   5122   8611  12881  17045  20165  21488 
252      0      5     13     32     74    183    420    967   2124   4358   8124  13432  20075  26552  31309  33370 
253      0      4      6     13     30     82    166    400    885   1803   3359   5568   8433  11045  13078  13926 
254      0      5      7     19     45    103    228    517   1115   2235   4200   7006  10449  13836  16298  17292 
255      0      3      3      8     25     61    144    336    741   1487   2786   4688   6962   9293  10911  11682 
256      0      5     13     35     95    231    531   1242   2731   5486  10071  16857  24969  32977  39176  41882 
257      0      2      4      6     11     28     71    169    371    777   1495   2480   3727   4941   5861   6269 
258      0      6      8     16     42    111    259    594   1259   2520   4610   7647  11448  15321  18089  19210 
259      0      5      6     17     46    109    267    605   1284   2607   4840   8147  12118  16073  18887  20099 
260      0      5     16     34     72    179    437    995   2185   4406   8057  13500  20148  26557  31298  33428 
261      0      5      9     25     61    160    375    866   1896   3918   7251  12058  17886  23671  27938  29758 
262      0      3      4      8     19     51    127    310    700   1432   2649   4433   6547   8656  10134  10770 
263      0      4      2      4     13     38    111    271    599   1214   2253   3750   5610   7475   8810   9405 
264      0      2      5     10     27     69    164    387    841   1687   3160   5316   7948  10534  12522  13301 
265      0      4      8     13     36     93    230    530   1160   2394   4493   7544  11089  14729  17410  18437 
266      0      3      2      5     11     29     74    159    335    697   1304   2123   3148   4123   4957   5293 
267      0      4      8     28     56    140    312    693   1531   3081   5752   9530  14244  18831  22152  23650 
268      0      4      9     26     62    158    392    906   2022   4035   7466  12336  18523  24606  29138  30996 
269      0      2      5     11     33     87    206    484   1060   2124   3919   6579   9822  12939  15191  16300 
270      0      6     14     36     87    201    439   1013   2220   4494   8348  14032  20707  27257  32192  34281 
271      0      3      2      7     23     51    122    309    662   1305   2452   4021   5902   7802   9263   9877 
272      0      3      3      6     19     46    104    243    546   1123   2078   3461   5039   6643   7815   8331 
273      0      5      7     17     40     99    244    543   1180   2435   4490   7578  11375  15181  17970  19202 
274      0      7     12     23     62    126    276    630   1368   2794   5149   8660  13060  17271  20416  21760 
275      0      4      5      8     20     48    114    261    562   1153   2128   3583   5413   7120   8457   9053 
276      0      3      2      6     21     46     95    230    502    990   1829   3048   4567   5976   7069   7553 
277      0      7     19     48    126    305    676   1544   3445   6992  12827  21554  32152  42439  50052  53233 
278      0      5     15     36     75    184    424    980   2192   4492   8407  14011  20755  27350  32298  34542 
279      0      8     15     36     83    200    493   1110   2381   4828   8934  15025  22334  29596  34927  37131 
280      0      5      9     23     55    140    326    761   1666   3417   6301  10547  15555  20603  24340  26053 
281      0      6      8     25     54    140    331    767   1660   3361   6224  10343  15448  20373  24133  25728 
282      0      3      3     10     30     76    183    429    947   1912   3560   5982   8990  11908  14122  15052 
283      0      5     11     36     81    196    432    971   2125   4258   7913  13309  19830  26376  31113  33184 
284      0      3      4     10     25     55    133    309    670   1383   2512   4327   6462   8510  10117  10812 
285      0      3      6      9     25     64    162    372    806   1672   3125   5228   7863  10368  12185  13020 
286      0      5      9     23     58    141    344    789   1671   3394   6286  10474  15671  20562  24305  25791 
287      0      5     13     40     96    215    490   1124   2397   4878   9162  15248  22681  29937  35456  37714 
288      0      2      0      2      4     10     22     41     77    144    278    457    695    920   1076   1126 
289      0      4      3     10     24     48    102    252    559   1123   2100   3545   5269   7015   8291   8837 
290      0      3      5     14     35     90    203    453   1015   2079   3800   6352   9395  12334  14576  15585 
291      0      5      9     21     51    128    309    717   1575   3225   5968  10003  15003  19865  23530  25042 
292      0      2      3      5     12     22     55    110    239    478    874   1473   2152   2863   3417   3648 
293      0      5      9     20     56    132    301    681   1453   2914   5370   9052  13443  17726  20892  22240 
294      0      5     11     31     80    192    449   1057   2314   4667   8659  14340  21220  28218  33397  35545 
295      0      5      8     14     31     80    188    433    949   1874   3483   5765   8524  11323  13407  14267 
296      0      4      9     17     45    104    246    560   1188   2382   4474   7525  11080  14757  17543  18665 
297      0      6     11     29     71    164    417   1011   2231   4608   8540  14283  21152  27989  32998  35028 
298      0      4      6     11     23     61    150    329    732   1480   2690   4518   6878   9113  10716  11469 
299      0      6     14     30     87    213    473   1070   2326   4839   8968  14873  22111  29307  34676  36980 
