000      2      0      0      0      0      0      2      5      9     31     96    232    475    924   1703   2852 
001      2      0      0      0      0      1      2      5     24     49     87    199    405    767   1379   2372 
002      2      0      0      0      0      0      1      7     17     47    115    244    490    919   1704   2786 
003      2      0      0      0      0      0      2      9     18     42     85    206    449    893   1622   2680 
004      2      0      0      0      0      0      3      5     16     59    138    287    584   1119   2015   3375 
005      2      0      0      0      0      1      4     13     23     73    175    385    836   1596   2890   4850 
006      2      0      0      0      0      0      0      4      9     19     50    131    235    466    828   1394 
007      2      0      0      0      0      2      3      6     13     30     74    153    309    667   1230   2064 
008      2      0      0      0      0      0      3      9     26     63    145    335    738   1527   2828   4652 
009      2      0      0      0      0      0      4      7     13     25     53    126    250    477    905   1541 
010      2      0      0      0      1      1      4      9     32     86    185    395    851   1639   2990   5039 
011      2      0      0      0      0      1      2     12     36     86    200    422    896   1739   3120   5216 
012      2      0      0      0      1      1      4     17     33     81    176    406    885   1704   3117   5155 
013      2      0      0      0      0      0      0      3      9     22     52    101    218    441    814   1369 
014      2      0      0      0      0      0      1     10     21     39     94    205    389    748   1397   2333 
015      2      0      0      0      0      1      5     11     24     67    142    341    724   1362   2496   4190 
016      2      0      0      1      1      2      6     16     41     95    207    496   1048   2043   3659   6164 
017      2      0      0      0      0      0      1      2      8     22     50    120    229    403    698   1155 
018      2      0      0      0      1      2      5     15     41    104    228    522   1063   2171   3983   6563 
019      2      0      0      0      0      0      3     13     30     71    146    347    718   1419   2494   4169 
020      2      0      0      0      1      2      4      8     18     59    119    253    507   1071   1986   3375 
021      2      0      0      0      0      1      3      6     12     25     55    116    248    444    811   1411 
022      2      0      0      0      1      1      4     14     30     62    138    311    639   1237   2190   3656 
023      2      0      0      0      0      1      3     10     24     58    167    342    729   1387   2483   4144 
024      2      0      0      0      1      4      7     14     32     69    149    339    733   1467   2674   4490 
025      2      0      0      0      0      2      7     15     33     75    166    376    783   1582   2772   4619 
026      2      0      0      1      1      1      1      9     32     74    161    361    755   1500   2715   4455 
027      2      0      0      0      0      0      0      9     17     60    130    294    613   1192   2060   3452 
028      2      0      0      0      0      0      1      8     20     42     87    184    374    724   1313   2242 
029      2      0      0      0      0      0      3      3      5     17     34     70    146    301    533    873 
030      2      0      0      0      0      0      1      7     11     32     57    127    244    502    931   1618 
031      2      0      0      0      0      0      1     10     19     42     74    158    335    661   1230   2088 
032      2      0      0      0      2      3      4     12     37     76    163    379    804   1657   3002   5049 
033      2      0      0      0      0      1      5      8     25     68    143    302    671   1370   2483   4149 
034      2      0      0      0      0      1      2      7     13     33     83    166    324    648   1172   1924 
035      2      0      0      0      0      2      6     11     34     74    154    362    720   1444   2678   4426 
036      2      0      0      0      0      0      0      5     18     36     86    150    334    629   1090   1831 
037      2      0      0      0      0      1      3      7     22     64    141    292    614   1218   2273   3801 
038      2      0      0      0      0      5      8     15     37     91    215    466   1015   2003   3664   6208 
039      2      0      0      0      0      1      2      4     16     44    108    252    531   1085   1989   3342 
040      2      0      0      0      0      2      6      7     19     52    115    256    552   1035   1860   3115 
041      2      0      0      0      1      1      7     12     24     69    162    317    635   1240   2261   3877 
042      2      0      0      0      0      0      0      9     25     52    111    273    540   1079   1900   3223 
043      2      0      0      0      0      1      4     10     22     64    148    338    722   1416   2596   4345 
044      2      0      0      0      1      1      6     19     43    107    252    566   1134   2203   4080   6702 
045      2      0      0      0      0      1      3     16     27     55    136    301    590   1133   2077   3490 
046      2      0      0      0      0      1      7     11     28     68    143    332    685   1354   2479   4095 
047      2      0      0      0      0      1      2      8     24     76    149    342    739   1486   2726   4550 
048      2      0      0      0      0      0      2      5     14     36     87    184    386    707   1272   2122 
049      2      0      0      0      1      2      5     11     30     70    141    302    686   1310   2296   3841 
050      2      0      0      0      1      1      2     10     32     64    153    318    679   1366   2438   4052 
051      2      0      0      0      1      2      8     23     47    118    269    632   1308   2542   4544   7600 
052      2      0      0      0      0      0      1      2     10     39    109    212    433    852   1587   2625 
053      2      0      0      0      0      0      1      3     11     29     69    148    288    607   1102   1806 
054      2      0      0      0      1      2      4      9     23     50    111    254    537   1062   1986   3344 
055      2      0      0      0      0      1      4     16     36     94    210    499   1063   2063   3737   6339 
056      2      0      0      0      0      1      2      8     31     64    131    309    636   1237   2266   3797 
057      2      0      0      0      0      1      3      7     16     46     98    246    497    969   1796   3020 
058      2      0      0      0      0      0      1      5     11     22     42     85    157    347    616   1001 
059      2      0      0      0      1      3      7     14     27     56    120    249    528   1107   2026   3422 
060      2      0      0      0      1      1      1      5     11     49    108    258    530   1037   1902   3132 
061      2      0      0      0      0      1      7     14     32     75    159    390    864   1636   2990   4907 
062      2      0      0      0      1      2      5     13     35     85    215    465    947   1832   3260   5435 
063      2      0      0      0      0      0      1      5     14     34     89    201    458    921   1737   2905 
064      2      0      0      0      0      0      2      5     13     29     67    162    350    713   1288   2157 
065      2      0      0      0      0      2      3     10     12     29     66    163    349    695   1229   2047 
066      2      0      0      0      0      0      2      5     10     35     73    173    362    717   1330   2260 
067      2      0      0      0      1      2      3     11     26     63    132    271    559   1113   2025   3403 
068      2      0      0      0      0      2     10     18     42     88    195    388    855   1663   2983   4951 
069      2      0      0      0      1      1      3      7     12     48    123    241    490   1041   1854   3178 
070      2      0      0      0      0      2     10     21     44    121    283    610   1271   2491   4510   7520 
071      2      0      0      0      0      0      1      6     18     41    102    223    443    868   1572   2634 
072      2      0      0      0      0      1      2      6     15     38     93    188    444    929   1697   2842 
073      2      0      0      0      0      0      8     22     42    115    291    651   1359   2643   4942   8262 
074      2      0      0      0      0      2      3      5     13     38    113    242    492   1002   1817   3076 
075      2      0      0      0      0      0      1      2      8     22     54    127    249    518    929   1597 
076      2      0      0      0      0      3      5      8     20     48    113    234    487    948   1759   2958 
077      2      0      0      0      0      0      0      2     17     42    110    241    495    992   1818   3094 
078      2      0      0      0      0      1      4      5     14     41     98    227    487    983   1802   2975 
079      2      0      0      0      0      1      1      8     21     50    104    222    481    901   1652   2806 
080      2      0      0      0      0      1      6     14     34     64    134    324    674   1362   2484   4124 
081      2      0      0      0      0      0      4      8     23     63    153    335    764   1479   2647   4460 
082      2      0      0      1      2      4      7     13     33     77    170    405    860   1695   3050   5086 
083      2      0      0      0      0      1      2     10     25     71    167    372    758   1462   2713   4577 
084      2      0      0      0      0      0      2      4     14     32     75    185    376    733   1333   2280 
085      2      0      0      0      0      1      3      5     17     31     73    182    378    733   1238   2097 
086      2      0      0      0      0      0      5      9     18     43     90    195    382    739   1411   2324 
087      2      0      0      0      0      0      1      7     24     49     99    224    473    957   1767   3008 
088      2      0      0      0      0      1      2      6     24     58    134    332    697   1402   2542   4141 
089      2      0      0      0      0      3      5      9     21     58    148    312    708   1413   2664   4495 
090      2      0      0      0      1      2      4     13     30     69    142    317    655   1286   2233   3783 
091      2      0      0      0      1      3      6     13     27     57    140    303    614   1201   2249   3779 
092      2      0      0      1      1      1      3      8     11     35     67    156    330    729   1326   2179 
093      2      0      0      0      0      1      3      6     16     53    112    232    506   1000   1740   2973 
094      2      0      0      0      1      4      7     13     39     91    199    493   1029   2059   3700   6165 
095      2      0      0      0      0      0      1      1      7     28     55    128    263    553    987   1651 
096      2      0      0      0      1      3      4     23     61    127    301    667   1391   2774   5053   8507 
097      2      0      0      0      0      0      1      8     18     44    107    227    491    877   1560   2589 
098      2      0      0      0      0      1      5      9     25     59    145    313    625   1282   2363   3902 
099      2      0      0      0      1      1      6     12     27     59    158    334    718   1452   2622   4355 
100      2      0      0      0      0      1      4      8     14     35     69    155    315    630   1129   1882 
101      2      0      0      0      0      1      5     15     39     76    198    438    938   1807   3302   5641 
102      2      0      0      0      0      1      2      3     17     39     83    165    355    740   1276   2122 
103      2      0      0      0      0      1      3      7     22     59    176    403    822   1630   2884   4971 
104      2      0      0      0      0      0      1      6     15     30     87    198    404    800   1465   2420 
105      2      0      0      0      1      3      6     11     31     66    139    278    607   1189   2116   3559 
106      2      0      0      1      1      3     11     29     78    192    439    922   1974   3842   6936  11559 
107      2      0      0      0      1      1      4     10     21     52    110    251    512   1042   1829   3044 
108      2      0      0      0      1      1      1      5     23     57    121    299    624   1245   2317   3834 
109      2      0      0      0      0      2      3      6     16     50    112    267    572   1140   2045   3464 
110      2      0      0      1      2      6     12     26     59    119    253    525   1099   2138   3840   6443 
111      2      0      0      0      0      5     12     21     52    114    282    630   1294   2592   4659   7809 
112      2      0      0      0      0      3      4      8     26     52    133    308    675   1327   2438   4024 
113      2      0      0      0      0      3      7     15     32     70    136    299    626   1230   2280   3891 
114      2      0      0      0      0      1      1      3     19     50    115    224    437    838   1609   2701 
115      2      0      0      0      0      2      4     13     27     66    126    288    565   1196   2234   3742 
116      2      0      0      1      2      2      5     11     24     56    122    294    644   1277   2377   3896 
117      2      0      0      0      0      0      1      4     14     34     71    159    356    692   1288   2116 
118      2      0      0      0      0      1      2      5     11     27     69    160    347    691   1254   2090 
119      2      0      0      0      0      0      1      6     14     39     74    165    353    727   1318   2178 
120      2      0      0      0      0      2      4     11     32     82    181    421    837   1665   2996   5064 
121      2      0      0      0      0      0      2      4     13     25     58    135    268    548   1009   1672 
122      2      0      0      0      0      0      6     13     32     64    154    339    760   1508   2765   4670 
123      2      0      0      0      0      0      3     14     34     78    164    364    787   1505   2745   4613 
124      2      0      0      1      1      2      3      8     21     41    120    249    529   1076   1929   3237 
125      2      0      0      0      1      1      5     13     49    119    272    612   1317   2632   4775   8207 
126      2      0      0      0      0      2      5     16     42     77    201    474    956   1974   3538   5926 
127      2      0      0      0      0      0      1      3      8     34     74    158    356    693   1248   2140 
128      2      0      0      0      0      1      3      6     22     53    115    261    516   1040   1916   3203 
129      2      0      0      0      0      0      0      0      3     10     27     63    151    295    541    955 
130      2      0      0      0      0      0      1      4     18     48    121    280    578   1121   2022   3478 
131      2      0      0      0      0      0      1      1      2      4     23     48    104    195    367    672 
132      2      0      0      0      0      0      0      5     15     25     72    170    361    697   1275   2123 
133      2      0      0      0      1      6      8     21     46    103    241    487   1009   2013   3708   6260 
134      2      0      0      0      0      0      0      3      6     11     23     59    129    270    503    837 
135      2      0      0      0      0      0      2      8     31     88    180    399    808   1574   2788   4698 
136      2      0      0      0      0      0      2      9     19     53    111    253    462    907   1610   2813 
137      2      0      0      0      0      1      6     17     36     79    170    413    845   1638   2968   4916 
138      2      0      0      0      0      1      3      8     20     46    116    257    538   1049   1985   3432 
139      2      0      0      0      0      0      2     13     26     61    146    302    600   1187   2279   3755 
140      2      0      0      0      0      1      1      5     15     29     54    144    292    584   1098   1868 
141      2      0      0      0      1      2      9     12     31     57    139    291    596   1201   2156   3580 
142      2      0      0      0      1      1      4      8     20     64    141    325    647   1185   2089   3504 
143      2      0      0      0      0      1      4     15     32     66    159    323    680   1336   2454   4001 
144      2      0      0      0      1      4      5     12     31     85    204    429    874   1709   3121   5265 
145      2      0      0      0      0      0      0      0      0      2      6     16     30     58    110    189 
146      2      0      0      0      0      0      3      9     21     51    114    206    421    833   1542   2584 
147      2      0      0      0      0      0      5     11     22     56    137    287    609   1214   2213   3720 
148      2      0      0      0      0      1      3      8     17     38     93    187    394    805   1483   2458 
149      2      0      0      0      0      2      3      8     32     61    147    367    752   1477   2676   4474 
150      2      0      0      0      0      0      3      4     10     30     73    154    321    627   1120   1958 
151      2      0      0      0      0      1      1      5     10     25     62    133    281    577   1053   1801 
152      2      0      0      0      0      1      3     11     24     56    141    308    637   1281   2349   4012 
153      2      0      0      0      1      3      5     14     27     74    193    430    851   1678   3030   5031 
154      2      0      0      0      0      0      2      4     11     24     67    148    315    623   1112   1761 
155      2      0      0      0      0      0      0      5     11     34     78    162    323    593   1110   1895 
156      2      0      0      0      0      0      0      5     15     40     99    209    411    812   1482   2459 
157      2      0      0      0      0      1      2      7     23     53     89    188    399    738   1380   2335 
158      2      0      0      0      0      0      1     11     23     65    161    349    709   1433   2641   4430 
159      2      0      0      0      0      2      7     16     41    110    237    486    964   1882   3477   5899 
160      2      0      0      0      1      1      1      4     10     26     74    158    313    641   1182   2012 
161      2      0      0      0      0      0      2      3     12     30     66    173    334    645   1107   1867 
162      2      0      0      0      0      1      4      6     24     51    135    312    633   1262   2213   3766 
163      2      0      0      0      0      0      1      5     20     44     90    188    384    748   1364   2251 
164      2      0      0      0      0      0      0      4     13     37     82    197    404    800   1453   2421 
165      2      0      0      0      0      3      6     12     26     69    158    333    693   1362   2531   4195 
166      2      0      0      0      0      0      1      3     15     53    118    247    563   1100   2025   3381 
167      2      0      0      0      1      2      6     10     31     66    156    330    719   1409   2536   4272 
168      2      0      0      0      0      1      3     12     34     70    131    278    607   1180   2115   3509 
169      2      0      0      1      1      2      8     19     43     95    226    465    983   1931   3482   5869 
170      2      0      0      0      0      0      4      9     29     81    179    379    835   1667   3017   4962 
171      2      0      0      0      0      0      5      9     16     44     98    215    439    853   1579   2637 
172      2      0      0      0      1      2      5     24     62    112    251    587   1222   2384   4345   7236 
173      2      0      0      0      1      1      2      6     20     40    103    232    469    885   1694   2898 
174      2      0      0      0      0      0      1     10     27     59    167    380    836   1648   2944   4869 
175      2      0      0      0      0      0      2      7     13     34     78    181    364    691   1272   2160 
176      2      0      0      0      1      2      3     11     30     90    190    385    856   1629   2997   4986 
177      2      0      0      0      0      0      2      8     20     42    105    259    570   1166   2117   3555 
178      2      0      0      0      0      3      6     11     32     79    197    418    884   1706   3022   5050 
179      2      0      0      0      0      0      0      3     13     30     77    184    389    723   1313   2159 
180      2      0      0      0      0      0      0      3     12     25     62    138    281    565   1016   1716 
181      2      0      0      1      1      1      3      7     12     28     58    139    294    557    988   1687 
182      2      0      0      0      1      1      1      5     13     27     55    142    300    581   1025   1748 
183      2      0      0      0      0      1      3     12     27     55    124    296    608   1209   2281   3783 
184      2      0      0      0      0      0      3      6     15     40    116    258    535   1123   2011   3379 
185      2      0      0      0      0      0      3      6     15     40    116    258    535   1123   2011   3379 
186      2      0      0      0      0      0      0      2     11     26     74    190    377    700   1303   2130 
187      2      0      0      0      0      0      4     17     46    116    268    607   1310   2556   4572   7624 
188      2      0      0      0      0      0      1      3      7     18     40     89    173    322    577    965 
189      2      0      0      0      0      2      5     12     35     72    152    298    625   1214   2222   3801 
190      2      0      0      0      1      1      4      8     19     50    108    267    553   1034   1910   3170 
191      2      0      0      0      1      1      6     15     29     63    134    305    695   1396   2534   4305 
192      2      0      0      0      0      2      4     12     22     61    135    332    712   1373   2529   4290 
193      2      0      0      0      0      3      4      7     29     93    224    484   1050   2021   3615   6005 
194      2      0      0      0      0      0      1      2      9     15     45     97    204    435    836   1387 
195      2      0      0      0      0      3     12     19     51    132    273    586   1215   2374   4294   7136 
196      2      0      0      0      0      0      0      1      3     16     53    137    300    598   1115   1901 
197      2      0      0      0      1      1      3      6     18     47    114    282    577   1096   1934   3244 
198      2      0      0      0      0      2      3      5     13     39     87    184    397    750   1371   2283 
199      2      0      0      0      0      1      5     10     20     62    147    296    597   1127   2044   3426 
200      2      0      0      0      0      1      2      3     19     52     98    254    525    994   1855   3107 
201      2      0      0      0      0      2      5     10     26     69    168    369    733   1427   2546   4324 
202      2      0      0      0      0      0      4     11     22     46     93    251    524    995   1843   3034 
203      2      0      0      0      2      3      7     21     41     84    180    392    831   1663   3026   5013 
204      2      0      0      0      0      1      3      4     16     30     77    179    362    659   1197   2017 
205      2      0      0      0      0      1      1      4     10     32     79    169    369    743   1282   2159 
206      2      0      0      0      0      0      1     11     27     52    129    271    590   1152   2116   3540 
207      2      0      0      0      0      2      5      9     23     54    124    270    547   1098   2012   3335 
208      2      0      0      0      1      1      1      8     20     40     88    195    354    672   1191   1937 
209      2      0      0      0      0      0      4     10     20     45    109    236    492    937   1654   2700 
210      2      0      0      1      1      1      3     12     26     70    154    361    754   1429   2554   4280 
211      2      0      0      0      0      1     10     24     44     89    209    464    998   1921   3463   5707 
212      2      0      0      0      0      1      3     10     24     55    137    306    678   1400   2543   4232 
213      2      0      0      0      0      3      9     20     45    106    221    479   1001   2005   3658   6093 
214      2      0      0      0      1      1      2      4     14     34     73    155    308    582   1057   1769 
215      2      0      0      0      0      0      2      3      9     23     51    116    255    560    998   1715 
216      2      0      0      0      0      2      4     12     35     82    200    453    951   1860   3358   5701 
217      2      0      0      0      0      1      1      8     18     26     60    132    276    528    962   1627 
218      2      0      0      0      0      0      1      9     28     56    115    273    535   1077   2048   3374 
219      2      0      0      0      1      1      4     12     33     65    147    403    801   1509   2706   4368 
220      2      0      0      0      0      2      5     21     49    136    349    732   1502   2950   5276   8891 
221      2      0      0      0      1      3      7     15     39     91    211    518   1110   2236   4187   6979 
222      2      0      0      0      0      3      6     16     43    103    231    516   1044   1995   3540   5958 
223      2      0      0      0      0      0      5      7     15     44    114    238    475    877   1614   2653 
224      2      0      0      0      1      1      1      5     13     35    108    202    439    852   1561   2606 
225      2      0      0      0      0      0      1      4     12     35    108    224    509    998   1774   2954 
226      2      0      0      0      3      5      8     24     53    138    266    622   1257   2436   4500   7545 
227      2      0      0      0      0      0      0      3      6     21     56    148    338    663   1232   2045 
228      2      0      0      0      0      0      0      3      6     21     56    148    338    663   1232   2045 
229      2      0      0      0      0      0      2     14     36     93    204    423    862   1660   2976   5015 
230      2      0      0      0      0      1      1      6     13     37    101    226    446    875   1574   2703 
231      2      0      0      0      0      1      3      5     19     50    113    274    587   1125   2048   3350 
232      2      0      0      0      1      1      2      8     24     56    117    255    501    968   1780   2927 
233      2      0      0      0      0      1      1      5     12     25     58    120    297    588   1040   1726 
234      2      0      0      0      1      2      6     14     35     67    158    343    737   1426   2576   4296 
235      2      0      0      0      0      1      2      5      7     16     42    105    230    413    745   1278 
236      2      0      0      0      1      1      2     11     25     65    156    367    768   1498   2686   4482 
237      2      0      0      0      0      3     10     20     59    139    287    610   1406   2778   5045   8443 
238      2      0      0      0      0      0      3      9     14     44     92    189    406    819   1466   2483 
239      2      0      0      0      0      1      3      8     18     52    124    292    606   1217   2174   3681 
240      2      0      0      0      1      3      7     15     40     91    218    457    931   1759   3270   5465 
241      2      0      0      0      1      3      7     15     40     91    218    457    931   1759   3270   5465 
242      2      0      0      0      0      7     11     23     41     86    220    448    919   1813   3381   5715 
243      2      0      0      0      0      1      3      4     15     46    115    227    475    935   1701   2837 
244      2      0      0      0      0      7     11     23     41     86    220    448    919   1813   3381   5715 
245      2      0      0      0      0      1      6     23     52    134    290    677   1340   2577   4678   7817 
246      2      0      0      0      0      2      5     19     42     84    179    393    830   1692   3064   5211 
247      2      0      0      0      1      1      4     12     27     55    122    281    576   1153   2077   3550 
248      2      0      0      0      0      2      8     12     28     83    185    404    865   1784   3178   5252 
249      2      0      0      0      0      1      2      9     23     64    142    308    636   1222   2176   3705 
250      2      0      0      0      0      1      5     10     35     85    205    467    991   1962   3536   5772 
251      2      0      0      0      0      0      4     12     32     63    160    365    842   1614   2977   4944 
252      2      0      0      0      0      0      0      2     14     32     83    191    416    818   1504   2510 
253      2      0      0      0      0      0      1     11     31     69    166    349    755   1482   2660   4453 
254      2      0      0      0      0      4      5     20     36     92    248    554   1089   2206   4026   6693 
255      2      0      0      0      0      2      5     16     44    105    249    556   1145   2251   4080   6978 
256      2      0      0      0      0      2      3      8     29     66    148    324    683   1278   2361   3972 
257      2      0      0      0      0      2      3      7     27     71    163    390    851   1597   2890   4854 
258      2      0      0      0      1      1      3      7     18     43    120    248    532   1070   1926   3240 
259      2      0      0      0      0      1      4      8     19     40    100    253    504    983   1811   3043 
260      2      0      0      0      0      2      2      5     12     36     70    156    322    627   1145   1912 
261      2      0      0      0      0      0      0      6     23     43     86    192    349    713   1326   2194 
262      2      0      0      0      0      1      3      8     14     39     77    177    341    697   1224   2102 
263      2      0      0      0      0      1      2      3      5     13     35     71    143    272    504    869 
264      2      0      0      0      0      0      0      5     17     48    110    249    486    958   1790   2983 
265      2      0      0      0      0      4      9     18     40    107    249    536   1109   2230   4034   6736 
266      2      0      0      1      1      2      4     16     52    126    292    621   1353   2683   4886   8051 
267      2      0      0      1      1      2      8     17     27     81    189    427    858   1714   3105   5100 
268      2      0      0      0      0      0      1      3      9     31     79    175    372    741   1338   2243 
269      2      0      0      0      2      4      5     10     29     68    169    368    713   1395   2576   4348 
270      2      0      0      0      0      2      4     10     22     53    116    255    529   1028   1858   3144 
271      2      0      0      0      0      0      5     10     19     43    106    252    515   1012   1854   3095 
272      2      0      0      0      0      4      5     11     25     59    131    256    531   1033   1935   3200 
273      2      0      0      0      0      0      0      8     18     32     70    146    285    541    978   1656 
274      2      0      0      0      0      0      0      3     11     38     71    151    329    678   1221   2048 
275      2      0      0      0      0      0      2      5     21     47     99    220    458    889   1610   2713 
276      2      0      0      0      2      9     16     42     87    190    394    845   1753   3403   6145  10035 
277      2      0      0      0      0      3      9     11     36     67    151    366    762   1537   2796   4659 
278      2      0      0      0      0      0      3      7     17     44    104    228    481    954   1746   3027 
279      2      0      0      0      1      1      2      8     17     51    115    247    493   1033   1854   3045 
280      2      0      0      0      1      1      5     16     38     72    190    424    892   1701   3117   5134 
281      2      0      0      0      0      2      6     10     28     65    149    308    608   1186   2181   3614 
282      2      0      0      1      2      3      6     16     52    129    258    584   1251   2404   4385   7431 
283      2      0      0      1      1      2      3     15     38     92    199    416    877   1689   3037   5118 
284      2      0      0      0      0      0      1      3      8     21     58    100    228    422    750   1256 
285      2      0      0      0      0      1      1      4     15     38    102    211    427    815   1516   2606 
286      2      0      0      0      3      4      6      9     33     72    176    410    855   1706   3169   5347 
287      2      0      0      0      0      0      1      2      5     15     49    103    195    419    713   1200 
288      2      0      0      0      0      0      3     15     41    104    244    554   1214   2319   4271   7243 
289      2      0      0      0      0      1      2     10     22     47    115    255    549   1057   1948   3252 
290      2      0      0      0      0      0      3     17     36     63    132    290    627   1224   2282   3914 
291      2      0      0      0      2      4     11     17     40     97    242    510   1073   2115   3925   6564 
292      2      0      0      0      0      1      3     10     23     75    160    392    756   1496   2689   4537 
293      2      0      0      0      0      2      5      8     18     57    137    319    647   1230   2227   3745 
294      2      0      0      1      1      4     10     21     55    129    280    579   1210   2462   4412   7401 
295      2      0      0      0      0      1      3     10     24     55    134    288    599   1161   2122   3523 
296      2      0      0      0      1      2      5     11     28     71    169    373    858   1635   3021   5112 
297      2      0      0      0      1      2      5     11     28     71    169    373    858   1635   3021   5112 
298      2      0      0      0      1      1      5     13     32     85    180    373    777   1539   2760   4616 
299      2      0      0      0      0      0      1      1      5     10     29     73    145    293    517    871 
