000      0      0      2      2      2      2      2      2      6     11     24     64    107    203    387    646 
001      0      0      1      1      1      1      1      2      2      7     12     32     87    176    337    570 
002      0      0      2      2      2      2      3      4      7     13     33     67    125    247    430    702 
003      0      0      2      2      2      3      3      4      5     10     26     50    114    209    405    693 
004      0      0      2      2      2      3      3      5      8     12     30     61    180    298    526    873 
005      0      0      2      2      2      2      3      4     11     23     39     91    205    385    676   1147 
006      0      0      2      2      2      2      3      3      4      7     19     30     56    112    209    344 
007      0      0      2      2      2      2      2      4      7     14     23     46     87    173    298    501 
008      0      0      2      2      2      2      2      3      8     16     45     91    202    356    700   1172 
009      0      0      2      2      2      2      2      2      3      6     16     34     64    129    236    408 
010      0      0      2      2      2      2      2      6     10     27     50    101    213    441    803   1309 
011      0      0      2      2      2      2      4      4      8     19     36     91    203    398    753   1264 
012      0      0      2      2      2      2      3      4      8     17     50    104    207    418    754   1257 
013      0      0      2      2      2      2      3      3      4      8     20     41     68    126    213    349 
014      0      0      2      2      2      2      2      2      3      8     24     58    116    204    363    571 
015      0      0      2      2      2      2      4      4      7     16     35     72    154    302    568    951 
016      0      0      2      2      2      2      5      6     16     29     58    119    252    477    886   1517 
017      0      0      2      2      2      2      2      2      4     10     17     30     48     84    151    249 
018      0      0      2      2      2      3      4      7     16     36     73    139    271    550   1012   1667 
019      0      0      2      2      2      2      4      7      9     15     35     73    169    333    613   1017 
020      0      0      2      2      3      3      3      4      6     14     24     45    116    246    469    797 
021      0      0      2      2      2      2      3      3      4      7     17     27     53    101    194    348 
022      0      0      2      2      2      2      2      3      6     17     35     72    160    305    548    947 
023      0      0      2      2      2      3      3      6     11     16     38     83    153    335    624   1046 
024      0      0      2      2      2      2      3      6     11     19     46    102    179    362    702   1126 
025      0      0      2      2      2      2      3      6     20     31     57    110    215    401    752   1218 
026      0      0      2      2      2      2      3      5      8     21     45     94    169    374    662   1125 
027      0      0      2      2      2      2      4      5      6     13     28     68    138    269    474    848 
028      0      0      2      2      2      2      2      2      4     10     21     50    112    207    343    559 
029      0      0      1      1      1      1      1      2      3      4      8     18     32     65    119    199 
030      0      0      2      2      2      2      3      5      6      9     16     33     71    124    233    390 
031      0      0      2      2      2      3      3      4      5      7     17     52     79    182    306    506 
032      0      0      2      3      3      3      4      5     11     19     34     86    202    408    732   1247 
033      0      0      2      2      2      2      2      4      6     14     39     93    180    334    596    989 
034      0      0      2      2      2      2      3      3      6      8     19     37     86    161    288    493 
035      0      0      2      2      2      2      2      4     11     21     47     97    181    351    651   1090 
036      0      0      2      2      2      2      2      3      7     14     16     37     75    167    293    492 
037      0      0      2      2      2      2      2      3      5     14     37     70    141    267    498    899 
038      0      0      1      1      1      1      2      6     16     28     69    128    278    536    938   1554 
039      0      0      2      2      2      2      2      2      5     11     23     53    116    235    458    770 
040      0      0      2      2      2      2      2      4      9     19     32     71    127    262    451    764 
041      0      0      1      1      1      2      2      3      4      9     21     52    140    299    528    868 
042      0      0      2      2      2      2      3      6      7     11     26     64    124    243    430    764 
043      0      0      2      2      2      2      2      3      7     23     42     89    178    327    610   1033 
044      0      0      2      2      2      2      2      4     10     23     51    122    246    507    912   1592 
045      0      0      2      2      2      2      3      5      8     11     24     64    128    266    485    818 
046      0      0      2      2      2      2      4      6      6     12     30     64    147    308    564    948 
047      0      0      2      2      2      2      2      3      7     17     42     85    174    383    665   1123 
048      0      0      2      2      2      2      2      4      7     13     30     52     85    201    332    536 
049      0      0      2      2      2      2      3      4      9     14     35     77    147    304    571    975 
050      0      0      2      2      2      2      4      5     11     24     46     90    171    332    628   1012 
051      0      0      2      2      2      2      3      8     12     27     70    152    303    604   1086   1866 
052      0      0      2      2      2      3      3      3      4      9     25     62    109    209    390    662 
053      0      0      2      2      2      3      3      4      6     13     20     44     82    135    253    407 
054      0      0      2      2      2      2      3      5      8     16     36     84    162    296    518    822 
055      0      0      2      2      2      2      3     11     14     33     67    133    278    531    967   1634 
056      0      0      2      2      2      2      3      6      7     20     35     73    147    312    555    910 
057      0      0      2      2      2      2      3      3      6      7     20     50    107    227    419    716 
058      0      0      2      2      2      2      2      3      3      4      6     11     29     76    124    225 
059      0      0      2      2      2      2      2      3      5     16     22     60    124    251    484    814 
060      0      0      2      2      2      2      2      4     10     18     35     66    129    243    439    772 
061      0      0      2      2      2      2      2      6     12     25     42     92    176    345    668   1158 
062      0      0      2      2      2      2      2      2      5     20     39     95    187    382    756   1269 
063      0      0      2      2      2      3      3      3      5     10     27     55    131    248    421    706 
064      0      0      2      2      2      2      2      4      5     14     23     37     76    144    312    499 
065      0      0      2      2      2      2      3      5      9     11     19     41     87    168    297    520 
066      0      0      2      2      2      2      3      3      6     12     27     52    104    183    317    536 
067      0      0      2      2      2      2      2      4     11     16     30     65    129    287    488    839 
068      0      0      2      2      2      2      3      4     11     19     44     93    191    409    739   1252 
069      0      0      2      2      2      2      4      8     12     19     34     67    143    272    469    814 
070      0      0      2      2      2      3      3      6     16     26     62    153    302    580   1073   1842 
071      0      0      2      2      2      2      2      5      8     12     23     45     97    190    374    638 
072      0      0      2      2      2      2      2      5      5     17     29     58    116    243    436    696 
073      0      0      2      2      3      4      6      8     13     29     69    156    305    626   1166   1971 
074      0      0      2      2      2      3      5      6     10     15     31     59    118    231    444    722 
075      0      0      2      2      3      3      3      3      3      9     15     27     62    136    252    419 
076      0      0      2      2      2      3      5      6      8     15     34     61    118    218    383    641 
077      0      0      2      2      2      2      2      3      7     16     42     79    141    241    452    761 
078      0      0      2      2      2      2      2      3      3      9     21     56    119    231    421    712 
079      0      0      2      2      2      2      2      5      8     11     21     41    110    232    419    685 
080      0      0      2      2      2      2      2      2      5     15     29     69    141    314    619    999 
081      0      0      2      2      2      2      2      6      6     12     30     92    197    353    635   1100 
082      0      0      2      2      2      2      2      4      7     17     48     99    215    422    741   1211 
083      0      0      2      2      2      2      4      6      8     17     41     86    177    354    671   1126 
084      0      0      2      2      2      2      2      3      4      7     12     28     81    172    321    536 
085      0      0      2      2      2      2      2      2      5      8     23     43     86    180    337    540 
086      0      0      2      2      2      2      2      3      4      9     23     44     94    183    326    540 
087      0      0      2      2      2      2      2      3      6     14     23     47    103    226    427    735 
088      0      0      2      2      2      2      2      2      9     14     39     79    160    347    640   1040 
089      0      0      2      2      2      2      2      6      9     17     48     97    178    352    648   1061 
090      0      0      2      2      2      2      2      3      5     15     34     77    181    320    580    958 
091      0      0      2      2      2      3      5      7     10     17     33     59    135    279    529    897 
092      0      0      2      2      2      2      2      2      4      8     14     36     79    160    273    492 
093      0      0      2      2      2      2      2      2      7     16     26     66    122    249    449    775 
094      0      0      2      2      2      3      3      4     11     21     56    106    243    462    873   1459 
095      0      0      2      2      2      2      2      4      8     11     21     37     75    157    264    452 
096      0      0      2      2      2      2      6     10     15     40     84    178    351    685   1263   2089 
097      0      0      2      2      2      2      3      6      8     12     28     60    117    223    386    613 
098      0      0      2      2      2      2      3      3      5     11     23     59    151    316    593    945 
099      0      0      2      2      2      3      3      6     12     17     33     93    188    373    656   1102 
100      0      0      2      2      2      2      2      2      6     13     24     47     84    153    292    477 
101      0      0      2      2      2      2      4      6      9     19     45    111    236    441    837   1366 
102      0      0      2      2      3      3      3      3      8     15     18     34     75    160    281    508 
103      0      0      2      2      2      2      3      4      7     18     48    106    201    417    749   1242 
104      0      0      2      2      2      2      2      4      7     16     31     53     99    185    334    555 
105      0      0      2      2      2      2      4      5     11     22     30     85    162    288    525    856 
106      0      0      2      3      3      4      4      8     21     43     84    225    482    985   1771   2905 
107      0      0      2      2      2      3      5      6      7     22     40     67    138    252    447    758 
108      0      0      2      2      2      2      2      2      6     19     35     75    180    336    605    988 
109      0      0      2      2      3      4      6      8      9     18     33     65    141    286    520    876 
110      0      0      2      2      2      2      4      7     11     28     62    140    273    503    933   1612 
111      0      0      2      2      2      2      2      6      9     24     63    144    313    619   1139   1937 
112      0      0      2      2      2      2      2      3      8     14     29     74    158    332    596    994 
113      0      0      2      2      2      2      2      2      6     17     41     77    181    327    592    993 
114      0      0      2      2      2      2      2      2      2     11     28     45    104    206    391    654 
115      0      0      2      2      2      3      3      6      9     16     30     67    154    289    514    884 
116      0      0      2      2      2      3      3      5      9     17     36     79    185    337    607   1005 
117      0      0      2      2      2      2      3      3      3      4     16     33     91    173    326    527 
118      0      0      2      2      2      2      2      6      8      8     22     46     85    156    297    511 
119      0      0      2      2      2      3      3      3      6     10     22     43     92    185    327    537 
120      0      0      2      2      3      3      3      4      9     19     39    100    207    391    708   1139 
121      0      0      1      1      1      1      2      3      3      7      9     28     65    140    225    398 
122      0      0      2      2      2      2      3      5      6     15     43    100    212    397    695   1171 
123      0      0      2      2      2      2      2      6     10     20     44     90    204    376    674   1140 
124      0      0      2      2      2      3      3      5      9     22     41     64    144    297    505    848 
125      0      0      2      2      2      2      3      8     18     38     71    169    351    674   1215   2029 
126      0      0      2      2      2      2      3      6      9     22     45    103    224    434    841   1432 
127      0      0      2      2      2      2      2      2      4      6     13     35     88    188    332    548 
128      0      0      2      2      2      2      2      5      9     17     31     60    132    273    463    763 
129      0      0      2      2      2      2      2      3      4      6     11     21     46     84    137    235 
130      0      0      2      2      3      3      4      7      9     14     33     73    147    283    517    872 
131      0      0      2      2      2      2      2      3      3      3      6     11     28     49     96    165 
132      0      0      2      2      3      3      4      7      9     14     27     50     79    156    284    504 
133      0      0      2      2      2      2      2      4     13     25     45    104    215    439    830   1435 
134      0      0      2      2      2      2      2      2      2      4     14     27     53     76    131    215 
135      0      0      2      2      2      2      4      5     11     23     47    108    200    380    683   1152 
136      0      0      1      1      1      1      1      2      5     12     26     51    106    222    409    682 
137      0      0      2      2      2      2      4      6     10     20     39     80    194    385    749   1255 
138      0      0      2      2      2      2      2      4      5      9     25     62    143    288    503    865 
139      0      0      2      2      2      2      2      2      5     12     36     80    156    314    576    943 
140      0      0      2      2      2      2      2      3      4      6     15     35     67    140    272    441 
141      0      0      2      2      2      2      2      3      5     10     31     55    122    271    523    889 
142      0      0      2      2      2      2      3      3      5     15     40     69    149    288    514    853 
143      0      0      2      2      2      4      4      7      9     16     35     77    162    318    602   1029 
144      0      0      2      2      2      2      2      4     12     26     53    113    214    446    775   1287 
145      0      0      2      2      2      2      2      2      2      2      2      3      4     11     31     55 
146      0      0      2      2      2      2      2      2      4     12     25     46     98    207    374    620 
147      0      0      2      2      2      2      2      6      8     16     37     66    135    292    536    896 
148      0      0      2      2      2      2      2      3      3      9     21     49    109    208    361    616 
149      0      0      2      2      3      3      3      5      9     19     41     77    167    358    625   1056 
150      0      0      2      2      2      2      2      3      3      7     21     36     74    145    272    457 
151      0      0      2      2      2      2      2      2      4     10     16     32     80    163    287    460 
152      0      0      2      2      2      3      5      8     11     18     42     76    158    295    559    928 
153      0      0      2      2      2      2      2      6     10     14     42     94    190    373    684   1145 
154      0      0      2      2      3      3      4      4      5      7     15     32     70    140    245    416 
155      0      0      2      2      2      2      3      4      4      5      9     22     68    127    259    469 
156      0      0      2      2      2      2      2      4      8     15     26     51     96    198    372    614 
157      0      0      2      2      2      2      2      3      4     12     32     53    118    210    339    594 
158      0      0      2      2      2      2      4      5      7     20     48     91    201    375    695   1126 
159      0      0      2      2      2      2      3      5     11     19     54    109    242    461    826   1459 
160      0      0      1      1      1      1      1      2      4     12     20     37     76    158    305    510 
161      0      0      2      2      2      2      2      2      3      7     10     29     72    128    245    438 
162      0      0      2      2      2      2      2      2      6     17     37     62    136    298    559    930 
163      0      0      2      2      2      2      4      4      7     11     24     50    110    201    355    566 
164      0      0      2      2      2      2      3      6     11     22     28     51     90    187    344    589 
165      0      0      2      2      2      2      2      4      6     20     49     89    170    324    604    994 
166      0      0      2      2      2      2      3      8     13     19     37     68    140    267    516    816 
167      0      0      2      2      2      2      2      4      6     14     44     96    177    345    601   1005 
168      0      0      2      2      2      4      6      9     10     20     29     64    128    275    512    843 
169      0      0      1      1      1      1      1      4      9     31     65    120    233    499    881   1451 
170      0      0      2      2      2      3      4      6     12     29     66    105    208    391    676   1143 
171      0      0      2      2      2      2      2      4      5      9     21     41     98    200    357    619 
172      0      0      2      2      2      2      2      6     18     36     68    155    304    581   1062   1817 
173      0      0      2      2      2      2      2      3      3      9     20     44    108    221    402    688 
174      0      0      2      3      3      3      5      7     11     21     46     99    227    447    765   1281 
175      0      0      2      2      2      2      2      2      3      5     17     43     80    161    305    517 
176      0      0      2      2      2      3      5      8     14     23     51    108    216    450    767   1248 
177      0      0      2      2      2      2      3      9     11     19     41     72    145    283    518    884 
178      0      0      2      2      2      2      3      6     11     20     43     98    185    393    711   1236 
179      0      0      2      2      2      2      4      5      9     11     20     37     80    155    305    497 
180      0      0      2      2      2      3      4      4      4     10     15     38     68    140    234    381 
181      0      0      2      2      2      2      2      2      4     10     24     41     87    151    262    420 
182      0      0      2      2      2      2      2      3      5     14     23     51     93    178    291    470 
183      0      0      2      2      2      2      3      5     10     18     45     90    172    333    581    949 
184      0      0      2      2      2      3      4      5      7      8     24     49    116    254    466    765 
185      0      0      2      2      2      3      4      5      7      8     24     49    116    254    466    765 
186      0      0      2      2      2      2      2      2      4     10     21     48     88    173    322    522 
187      0      0      2      2      2      2      5      8     18     38     75    155    311    612   1090   1815 
188      0      0      2      2      2      2      2      2      3      4     11     25     47     95    167    271 
189      0      0      2      2      2      2      2      2      7     14     41     78    156    294    550    923 
190      0      0      2      2      2      2      2      3      6     14     32     78    135    269    478    786 
191      0      0      2      2      2      2      3      6      8     14     29     72    165    316    601   1012 
192      0      0      2      2      2      3      4      6      9     16     45     87    183    369    641   1081 
193      0      0      1      1      1      2      2      5     14     25     52    112    249    475    878   1469 
194      0      0      2      2      2      2      2      3      5      9     16     32     56    105    183    309 
195      0      0      2      2      3      5      7      9     13     27     60    149    295    558   1010   1750 
196      0      0      2      2      2      2      2      2      5     13     23     48     77    154    293    477 
197      0      0      2      2      2      2      3      4      5     11     26     66    134    263    467    763 
198      0      0      2      2      2      2      2      3      3      7     17     37     79    188    348    582 
199      0      0      2      2      2      2      2      3      4     13     31     56    118    255    471    823 
200      0      0      2      2      2      2      2      2      7     16     31     58    127    249    486    808 
201      0      0      2      2      2      4      5      7     16     23     41     85    190    356    640   1110 
202      0      0      2      2      2      2      2      3      9     13     25     50    134    233    437    719 
203      0      0      2      2      2      2      2      3     11     26     54    100    193    383    736   1260 
204      0      0      2      2      2      2      4      4      6      9     24     44     85    164    301    480 
205      0      0      2      2      2      2      2      2      3      8     18     36     88    189    332    545 
206      0      0      2      2      2      3      3      4      6     13     31     72    157    285    507    879 
207      0      0      2      2      2      2      2      6      8     10     28     64    131    245    480    815 
208      0      0      2      2      2      2      3      3      5      8     13     37     80    153    302    490 
209      0      0      2      2      2      2      4      5      7     13     23     46    104    221    420    694 
210      0      0      2      2      2      2      3      5     11     31     55     99    199    393    665   1086 
211      0      0      2      2      2      2      4      5     13     24     53    117    263    472    841   1410 
212      0      0      2      2      2      2      2      4     13     23     36     73    152    314    611    993 
213      0      0      2      2      2      2      2      6     11     23     53    119    256    514    876   1450 
214      0      0      1      1      1      1      1      1      1      2     10     32     73    137    243    415 
215      0      0      2      2      2      3      3      3      4      9     21     43     82    172    268    419 
216      0      0      2      2      2      2      3      4      8     18     50    117    227    440    828   1380 
217      0      0      2      2      2      2      2      2      6      8     16     40     78    127    243    410 
218      0      0      2      2      2      2      3      3      6     19     39     74    142    279    482    818 
219      0      0      2      2      2      2      3      4      7     13     30     82    184    363    632   1054 
220      0      0      2      2      2      2      4      6     15     31     75    166    364    691   1281   2179 
221      0      0      2      2      2      2      5      7     13     28     57    126    279    553   1010   1678 
222      0      0      2      2      2      2      3      5     10     19     55    125    248    490    874   1473 
223      0      0      2      2      2      2      2      4      7     12     24     40     93    193    365    630 
224      0      0      2      2      2      2      2      2      3      7     15     34     85    202    381    639 
225      0      0      2      2      2      2      2      4      7     13     25     62    116    231    408    702 
226      0      0      2      2      2      2      4      7     19     30     73    156    330    625   1130   1846 
227      0      0      2      2      2      2      2      2      3      6     16     42     89    161    308    505 
228      0      0      2      2      2      2      2      2      3      6     16     42     89    161    308    505 
229      0      0      2      2      2      2      2      3      9     18     42     94    202    402    706   1243 
230      0      0      2      2      2      2      2      5      8     13     23     51    112    223    424    711 
231      0      0      2      2      2      2      2      2      3     12     23     71    154    281    500    845 
232      0      0      2      2      2      2      2      3      7     12     28     61    129    250    427    702 
233      0      0      2      2      2      2      3      3      7     10     20     35     74    134    247    428 
234      0      0      2      2      2      3      4      5      9     17     39     79    179    353    606   1025 
235      0      0      2      2      2      2      2      2      3      7     13     32     65    112    201    320 
236      0      0      2      2      2      2      2      5      5     15     38     79    167    358    649   1139 
237      0      0      2      2      2      2      2      5     14     29     72    161    367    673   1256   2068 
238      0      0      2      2      2      2      2      4      7     11     19     43     90    179    332    582 
239      0      0      2      2      2      2      2      3      5     11     29     71    164    325    570    939 
240      0      0      2      2      2      2      3      6     13     25     52    105    240    463    856   1405 
241      0      0      2      2      2      2      3      6     13     25     52    105    240    463    856   1405 
242      0      0      2      2      2      2      3      8     11     19     49    111    222    455    854   1398 
243      0      0      2      2      2      2      4      6      9     13     21     44     99    202    378    664 
244      0      0      2      2      2      2      3      8     11     19     49    111    222    455    854   1398 
245      0      0      2      2      2      5      6      9     16     36     64    146    303    627   1103   1876 
246      0      0      2      2      2      3      5      7     14     25     45    111    241    449    798   1287 
247      0      0      2      2      2      2      2      4      6     14     35     63    146    299    532    875 
248      0      0      2      2      2      2      5      6     13     28     56    108    245    454    799   1288 
249      0      0      2      2      2      2      4      4      5      9     24     69    135    281    535    908 
250      0      0      2      2      2      2      3      5     11     27     56    104    227    456    847   1355 
251      0      0      2      2      2      3      4      7     16     27     46    110    209    407    741   1210 
252      0      0      2      2      2      2      2      5      5      9     13     40     88    195    368    593 
253      0      0      2      2      2      3      4      4      8     16     37    103    197    365    657   1073 
254      0      0      2      2      2      3      5      5     16     32     64    121    259    527    978   1657 
255      0      0      2      2      2      3      5      8     13     26     58    147    309    561   1026   1723 
256      0      0      2      2      2      3      4      6     13     21     36     85    165    315    572    974 
257      0      0      2      2      2      2      6      6     10     16     40     84    191    379    679   1177 
258      0      0      2      2      2      2      2      4      7     13     28     60    124    257    464    798 
259      0      0      2      2      2      2      2      3      5     11     24     59    139    241    422    718 
260      0      0      1      1      1      1      1      2      3      8     17     32     70    143    283    469 
261      0      0      1      2      2      2      2      2      5     11     26     47     95    179    348    568 
262      0      0      2      2      2      2      2      5      6      8     20     50    100    176    312    508 
263      0      0      2      2      2      2      2      2      2      5      8     14     31     72    129    211 
264      0      0      2      2      2      2      4      5      9     16     32     66    143    249    426    724 
265      0      0      2      2      2      2      3      4     12     28     59    115    250    513    956   1619 
266      0      0      2      2      2      2      3      6     13     30     73    153    333    670   1217   2044 
267      0      0      2      2      2      2      2      3     11     22     45     93    194    391    721   1174 
268      0      0      2      2      2      3      3      5      6      8     19     36     85    181    319    546 
269      0      0      2      2      2      2      2      4      9     18     43     97    194    334    640   1082 
270      0      0      2      2      2      3      3      3      6     11     23     48    107    222    428    702 
271      0      0      2      2      2      3      3      4      6     14     27     60    121    237    421    719 
272      0      0      2      2      2      2      2      4      5     10     26     56    132    264    461    787 
273      0      0      2      2      2      2      3      3      5      7     12     32     65    120    236    392 
274      0      0      2      2      2      2      2      4      5      8     18     37     76    155    276    475 
275      0      0      2      2      2      2      2      4      5      9     16     48     96    194    381    629 
276      0      0      2      2      2      2      3      5     15     30     90    205    433    834   1566   2617 
277      0      0      2      2      2      2      4      7      7     19     51    104    212    390    713   1181 
278      0      0      2      2      2      2      3      5      6     16     32     52    127    249    478    752 
279      0      0      2      2      2      2      3      7     11     17     28     56    125    239    435    737 
280      0      0      2      2      2      2      2      4     11     25     51    103    224    437    766   1271 
281      0      0      2      2      2      2      2      5     11     21     33     67    139    300    541    906 
282      0      0      2      2      2      2      2      5     11     28     74    161    298    614   1057   1817 
283      0      0      2      2      2      2      3      3     10     22     49    106    218    408    751   1231 
284      0      0      2      2      2      2      2      2      2      4     11     20     49    105    188    317 
285      0      0      2      2      2      2      3      5      6     12     24     57    121    213    381    610 
286      0      0      2      2      2      2      2      4      9     21     46    117    230    428    769   1285 
287      0      0      2      2      2      2      4      5      6     10     14     21     50     94    171    277 
288      0      0      2      2      2      4      4      5      9     27     59    134    293    587   1088   1825 
289      0      0      2      2      2      2      4      7     11     19     32     72    140    265    473    772 
290      0      0      2      2      2      2      2      5      9     22     38     80    167    336    580    989 
291      0      0      2      2      2      2      2      6     10     36     60    113    239    487    947   1616 
292      0      0      2      2      2      3      3      3      5     10     33     72    170    354    658   1109 
293      0      0      2      2      2      3      3      6      7     15     34     64    141    276    542    890 
294      0      0      2      2      2      4      5      8     12     20     48    115    289    543   1010   1716 
295      0      0      2      2      2      2      3      4      8     16     28     55    140    275    508    855 
296      0      0      2      2      2      3      4      7     12     22     41     93    194    389    767   1257 
297      0      0      2      2      2      3      4      7     12     22     41     93    194    389    767   1257 
298      0      0      2      2      3      4      4      7     13     29     49     99    200    379    703   1160 
299      0      0      2      2      2      2      2      2      3      4     10     21     39     81    138    221 
