000      0      0      0      0      0      0      0      0      0      0      0      0      0      0      9     31 
001      0      0      0      0      0      0      0      0      0      0      0      2      3      7     19     38 
002      0      0      0      0      0      0      0      0      0      0      0      0      3      9     19     46 
003      0      0      0      0      0      0      0      0      0      0      0      0      3      7     22     36 
004      0      0      0      0      0      0      0      0      0      0      0      1      3      7     18     36 
005      0      0      0      0      0      0      0      0      0      0      0      1      6     10     25     54 
006      0      0      0      0      0      0      0      0      0      0      0      1      4      6     10     19 
007      0      0      0      0      0      0      0      0      0      0      0      0      2      4     12     23 
008      0      0      0      0      0      0      0      0      0      0      0      1      6     12     24     53 
009      0      0      0      0      0      0      0      0      0      0      0      1      2      9     14     23 
010      0      0      0      0      0      0      0      0      0      0      0      0      4     11     27     66 
011      0      0      0      0      0      0      0      0      0      0      1      1      4     12     30     73 
012      0      0      0      0      0      0      0      0      0      0      1      2      4     13     25     58 
013      0      0      0      0      0      0      0      0      0      0      0      1      2      5      8     19 
014      0      0      0      0      0      0      0      0      0      0      0      1      5      9     20     33 
015      0      0      0      0      0      0      0      0      0      0      0      1      5     11     23     52 
016      0      0      0      0      0      0      0      0      0      1      1      2      7     15     35     78 
017      0      0      0      0      0      0      0      0      0      0      0      1      2      4      9     20 
018      0      0      0      0      0      0      0      0      0      0      1      3      9     16     31     88 
019      0      0      0      0      0      0      0      0      0      0      0      0      6     12     28     64 
020      0      0      0      0      0      0      0      0      0      0      0      3      5      7     19     44 
021      0      0      0      0      0      0      0      0      0      0      0      1      4      5      9     20 
022      0      0      0      0      0      0      0      0      0      0      0      2      5     12     24     54 
023      0      0      0      0      0      0      0      0      0      0      0      1      2      5     16     60 
024      0      0      0      0      0      0      0      0      0      1      1      3      7     17     30     61 
025      0      0      0      0      0      0      0      0      0      0      1      3      5     14     30     64 
026      0      0      0      0      0      0      0      0      0      0      0      1      3      8     23     51 
027      0      0      0      0      0      0      0      0      0      0      0      0      1      4     12     47 
028      0      0      0      0      0      0      0      0      0      0      0      1      4     10     14     31 
029      0      0      0      0      0      0      0      0      0      0      0      1      2      4      8     15 
030      0      0      0      0      0      0      0      0      0      0      0      1      3      4      8     22 
031      0      0      0      0      0      0      0      0      0      0      0      0      3      7     14     30 
032      0      0      0      0      0      0      0      0      0      0      3      4      6     12     24     60 
033      0      0      0      0      0      0      0      0      0      0      0      1      3      6     17     45 
034      0      0      0      0      0      0      0      0      0      0      0      2      3      5     10     30 
035      0      0      0      0      0      0      0      0      0      0      0      0      2     10     22     43 
036      0      0      0      0      0      0      0      0      0      0      0      0      2      4     12     35 
037      0      0      0      0      0      0      0      0      0      0      0      1      3      7     22     49 
038      0      0      0      0      0      0      0      0      0      0      0      2      5     12     33     71 
039      0      0      0      0      0      0      0      0      0      0      0      1      2      4     11     35 
040      0      0      0      0      0      0      0      0      0      0      0      3      3      9     18     45 
041      0      0      0      0      0      0      0      0      0      0      0      3      4     13     22     47 
042      0      0      0      0      0      0      0      0      0      0      0      0      2      9     22     43 
043      0      0      0      0      0      0      0      0      0      0      0      2      2      5     15     40 
044      0      0      0      0      0      0      0      0      0      0      0      0      4     15     37     92 
045      0      0      0      0      0      0      0      0      0      0      0      1      6     16     27     49 
046      0      0      0      0      0      0      0      0      0      0      1      5      5     11     23     49 
047      0      0      0      0      0      0      0      0      0      0      1      1      2      8     23     53 
048      0      0      0      0      0      0      0      0      0      0      0      0      1      2      9     34 
049      0      0      0      0      0      0      0      0      0      0      1      2      5     11     27     62 
050      0      0      0      0      0      0      0      0      0      1      1      1      4     11     22     58 
051      0      0      0      0      0      0      0      0      0      0      0      3      4     17     43    120 
052      0      0      0      0      0      0      0      0      0      0      0      0      0      8     14     39 
053      0      0      0      0      0      0      0      0      0      0      0      1      3      4     10     29 
054      0      0      0      0      0      0      0      0      0      1      1      2      6      9     18     36 
055      0      0      0      0      0      0      0      0      0      0      0      2      8     11     31     74 
056      0      0      0      0      0      0      0      0      0      0      0      0      3      7     21     49 
057      0      0      0      0      0      0      0      0      0      0      0      1      3      6     17     34 
058      0      0      0      0      0      0      0      0      0      0      0      0      1      3      6     17 
059      0      0      0      0      0      0      0      0      0      0      0      2      6     12     21     37 
060      0      0      0      0      0      0      0      0      0      0      0      1      2      8     18     42 
061      0      0      0      0      0      0      0      0      0      0      1      5      8     16     27     62 
062      0      0      0      0      0      0      0      0      0      1      1      1      4     11     32     65 
063      0      0      0      0      0      0      0      0      0      0      0      1      3      5     12     30 
064      0      0      0      0      0      0      0      0      0      0      0      1      4      6     16     29 
065      0      0      0      0      0      0      0      0      0      0      0      3      6      6     12     28 
066      0      0      0      0      0      0      0      0      0      0      0      0      0      5     14     25 
067      0      0      0      0      0      0      0      0      0      0      2      3      4     12     22     49 
068      0      0      0      0      0      0      0      0      0      0      0      1      6     12     26     67 
069      0      0      0      0      0      0      0      0      0      0      0      0      3      7     14     33 
070      0      0      0      0      0      0      0      0      0      0      0      2      8     21     42    105 
071      0      0      0      0      0      0      0      0      0      0      0      1      4      8     14     37 
072      0      0      0      0      0      0      0      0      0      0      0      1      3      5     15     32 
073      0      0      0      0      0      0      0      0      0      0      0      3     11     18     38    105 
074      0      0      0      0      0      0      0      0      0      0      1      2      4      4     16     38 
075      0      0      0      0      0      0      0      0      0      0      0      0      1      3     13     24 
076      0      0      0      0      0      0      0      0      0      0      0      1      2      7     18     43 
077      0      0      0      0      0      0      0      0      0      0      0      0      2      6     15     35 
078      0      0      0      0      0      0      0      0      0      0      0      2      2      5     13     36 
079      0      0      0      0      0      0      0      0      0      0      0      0      4      8     17     37 
080      0      0      0      0      0      0      0      0      0      0      0      1      6     13     29     46 
081      0      0      0      0      0      0      0      0      0      0      0      0      2      4     19     53 
082      0      0      0      0      0      0      0      0      0      1      1      4      6     15     28     63 
083      0      0      0      0      0      0      0      0      0      0      0      0      2      9     23     55 
084      0      0      0      0      0      0      0      0      0      0      0      0      0      5     14     37 
085      0      0      0      0      0      0      0      0      0      0      0      0      1      4     11     23 
086      0      0      0      0      0      0      0      0      0      0      0      1      2      6     14     37 
087      0      0      0      0      0      0      0      0      0      0      0      1      4      8     22     47 
088      0      0      0      0      0      0      0      0      0      0      0      0      2      6     21     54 
089      0      0      0      0      0      0      0      0      0      0      0      0      0      3     22     55 
090      0      0      0      0      0      0      0      0      0      0      0      1      3     11     26     60 
091      0      0      0      0      0      0      0      0      0      1      1      3      7     12     25     62 
092      0      0      0      0      0      0      0      0      0      0      0      2      5      6     12     29 
093      0      0      0      0      0      0      0      0      0      0      0      0      2      5     22     47 
094      0      0      0      0      0      0      0      0      0      0      1      2      7     18     39     73 
095      0      0      0      0      0      0      0      0      0      0      0      1      1      3      9     24 
096      0      0      0      0      0      0      0      0      0      0      1      2      5     20     59    116 
097      0      0      0      0      0      0      0      0      0      0      0      1      3      8     14     41 
098      0      0      0      0      0      0      0      0      0      0      0      2      4     11     18     37 
099      0      0      0      0      0      0      0      0      0      0      0      2      7     13     25     54 
100      0      0      0      0      0      0      0      0      0      0      0      0      1      7     15     30 
101      0      0      0      0      0      0      0      0      0      0      0      1      6     14     36     72 
102      0      0      0      0      0      0      0      0      0      0      0      0      0      5     12     28 
103      0      0      0      0      0      0      0      0      0      0      0      2      2      7     21     69 
104      0      0      0      0      0      0      0      0      0      0      0      1      3      3     12     32 
105      0      0      0      0      0      0      0      0      0      0      0      3      7     10     21     48 
106      0      0      0      0      0      0      0      0      1      1      1      3     11     29     62    153 
107      0      0      0      0      0      0      0      0      0      0      0      1      5      6     19     43 
108      0      0      0      0      0      0      0      0      0      0      0      2      4     11     21     40 
109      0      0      0      0      0      0      0      0      0      0      0      1      3      4     14     29 
110      0      0      0      0      0      0      0      0      0      1      2      5     10     24     46     96 
111      0      0      0      0      0      0      0      0      0      0      2      4      9     14     45    104 
112      0      0      0      0      0      0      0      0      0      0      0      2      3      6     27     45 
113      0      0      0      0      0      0      0      0      0      0      2      5      7     12     31     64 
114      0      0      0      0      0      0      0      0      0      0      1      2      3      5     18     47 
115      0      0      0      0      0      0      0      0      0      0      1      3      7     10     22     54 
116      0      0      0      0      0      0      0      0      0      0      0      1      2      8     21     52 
117      0      0      0      0      0      0      0      0      0      0      0      0      2      7     17     33 
118      0      0      0      0      0      0      0      0      0      0      0      2      4      8     12     25 
119      0      0      0      0      0      0      0      0      0      0      0      1      3      5     12     42 
120      0      0      0      0      0      0      0      0      0      0      0      1      7     14     32     68 
121      0      0      0      0      0      0      0      0      0      0      0      0      1      7     16     32 
122      0      0      0      0      0      0      0      0      0      0      0      2      3     13     25     66 
123      0      0      0      0      0      0      0      0      0      0      0      0      4      9     24     61 
124      0      0      0      0      0      0      0      0      1      1      2      2      3     11     21     48 
125      0      0      0      0      0      0      0      0      0      0      1      2      7     20     49     96 
126      0      0      0      0      0      0      0      0      0      0      1      1      4     13     30     70 
127      0      0      0      0      0      0      0      0      0      0      0      0      1      2     15     26 
128      0      0      0      0      0      0      0      0      0      0      0      1      1      7     19     39 
129      0      0      0      0      0      0      0      0      0      0      0      0      1      2      6     13 
130      0      0      0      0      0      0      0      0      0      0      0      1      2      5     17     34 
131      0      0      0      0      0      0      0      0      0      0      0      0      0      2      2      6 
132      0      0      0      0      0      0      0      0      0      0      0      0      5      8     12     23 
133      0      0      0      0      0      0      0      0      0      1      1      2      9     17     36     75 
134      0      0      0      0      0      0      0      0      0      0      0      0      3      3      4      6 
135      0      0      0      0      0      0      0      0      0      0      0      0      4      9     34     67 
136      0      0      0      0      0      0      0      0      0      0      0      0      4      9     18     41 
137      0      0      0      0      0      0      0      0      0      0      1      3      5     15     28     64 
138      0      0      0      0      0      0      0      0      0      0      1      1      3      7     17     39 
139      0      0      0      0      0      0      0      0      0      0      0      1      4     10     17     41 
140      0      0      0      0      0      0      0      0      0      0      0      1      4      8     18     34 
141      0      0      0      0      0      0      0      0      0      0      0      2      5     15     21     44 
142      0      0      0      0      0      0      0      0      0      0      0      1      6      8     24     49 
143      0      0      0      0      0      0      0      0      0      0      0      1      4     12     27     74 
144      0      0      0      0      0      0      0      0      0      0      2      2      5     13     34     79 
145      0      0      0      0      0      0      0      0      0      0      0      0      0      2      2      3 
146      0      0      0      0      0      0      0      0      0      0      0      0      2     10     21     42 
147      0      0      0      0      0      0      0      0      0      0      0      1      3     12     23     48 
148      0      0      0      0      0      0      0      0      0      0      0      1      1      7     13     28 
149      0      0      0      0      0      0      0      0      0      0      1      2      4      7     12     45 
150      0      0      0      0      0      0      0      0      0      0      0      1      3      4     10     22 
151      0      0      0      0      0      0      0      0      0      0      0      0      2      5     11     22 
152      0      0      0      0      0      0      0      0      0      0      0      1      2      8     23     49 
153      0      0      0      0      0      0      0      0      0      0      0      2      3      7     31     68 
154      0      0      0      0      0      0      0      0      0      0      0      0      2      4     13     31 
155      0      0      0      0      0      0      0      0      0      0      0      1      2      6     15     33 
156      0      0      0      0      0      0      0      0      0      0      0      0      3      6     16     40 
157      0      0      0      0      0      0      0      0      0      0      1      2      3      9     17     43 
158      0      0      0      0      0      0      0      0      0      0      0      0      2      9     20     45 
159      0      0      0      0      0      0      0      0      0      0      1      1      8     17     38     67 
160      0      0      0      0      0      0      0      0      0      1      1      2      2      3      7     25 
161      0      0      0      0      0      0      0      0      0      0      0      1      2      5     13     27 
162      0      0      0      0      0      0      0      0      0      0      0      2      3      7     20     43 
163      0      0      0      0      0      0      0      0      0      0      0      0      4      7     18     39 
164      0      0      0      0      0      0      0      0      0      0      0      0      1      3     16     31 
165      0      0      0      0      0      0      0      0      0      0      0      4      9     15     21     53 
166      0      0      0      0      0      0      0      0      0      0      0      0      1      5     16     41 
167      0      0      0      0      0      0      0      0      0      1      1      2      4      9     24     49 
168      0      0      0      0      0      0      0      0      0      0      0      1      5     17     29     49 
169      0      0      0      0      0      0      0      0      0      1      1      3      6     14     34     78 
170      0      0      0      0      0      0      0      0      0      0      0      0      2      6     24     72 
171      0      0      0      0      0      0      0      0      0      0      0      1      2      5     14     40 
172      0      0      0      0      0      0      0      0      0      0      1      3      5     14     35     83 
173      0      0      0      0      0      0      0      0      0      1      1      4      5      6     12     34 
174      0      0      0      0      0      0      0      0      0      0      0      0      3     12     24     53 
175      0      0      0      0      0      0      0      0      0      0      0      0      2      6     11     27 
176      0      0      0      0      0      0      0      0      0      0      1      1      5     11     26     71 
177      0      0      0      0      0      0      0      0      0      0      0      0      4      7     15     38 
178      0      0      0      0      0      0      0      0      0      0      0      1      6     10     27     76 
179      0      0      0      0      0      0      0      0      0      0      0      0      1      4     11     26 
180      0      0      0      0      0      0      0      0      0      0      0      0      2      6     12     24 
181      0      0      0      0      0      0      0      0      0      1      1      1      2      4     12     24 
182      0      0      0      0      0      0      0      0      0      0      0      2      4      8     14     18 
183      0      0      0      0      0      0      0      0      0      0      0      0      4     12     19     51 
184      0      0      0      0      0      0      0      0      0      0      0      2      2      6     18     46 
185      0      0      0      0      0      0      0      0      0      0      0      2      2      6     18     46 
186      0      0      0      0      0      0      0      0      0      0      0      1      1      6      9     22 
187      0      0      0      0      0      0      0      0      0      0      0      1      7     10     41     97 
188      0      0      0      0      0      0      0      0      0      0      0      0      1      2      7     14 
189      0      0      0      0      0      0      0      0      0      0      1      1      5     13     30     55 
190      0      0      0      0      0      0      0      0      0      0      0      3      7     11     13     32 
191      0      0      0      0      0      0      0      0      0      1      1      3      5     11     25     51 
192      0      0      0      0      0      0      0      0      0      0      0      2      3      6     22     52 
193      0      0      0      0      0      0      0      0      0      0      0      2      3      5     31     77 
194      0      0      0      0      0      0      0      0      0      0      0      0      0      3      5     11 
195      0      0      0      0      0      0      0      0      0      0      1      3      5     14     42     97 
196      0      0      0      0      0      0      0      0      0      0      0      0      1      2      9     19 
197      0      0      0      0      0      0      0      0      0      1      1      2      2      6     21     49 
198      0      0      0      0      0      0      0      0      0      0      0      2      4      7     16     30 
199      0      0      0      0      0      0      0      0      0      0      0      1      2      9     26     51 
200      0      0      0      0      0      0      0      0      0      0      0      1      4      8     20     40 
201      0      0      0      0      0      0      0      0      0      0      0      2      6      9     19     59 
202      0      0      0      0      0      0      0      0      0      0      0      3      4      9     17     38 
203      0      0      0      0      0      0      0      0      0      1      2      7     12     17     33     62 
204      0      0      0      0      0      0      0      0      0      0      0      0      1      3      8     29 
205      0      0      0      0      0      0      0      0      0      0      0      1      2      3     12     27 
206      0      0      0      0      0      0      0      0      0      0      0      1      1     10     20     48 
207      0      0      0      0      0      0      0      0      0      0      0      4      8     12     20     40 
208      0      0      0      0      0      0      0      0      0      0      0      1      5      8     19     36 
209      0      0      0      0      0      0      0      0      0      0      0      2      2      9     14     40 
210      0      0      0      0      0      0      0      0      1      1      1      1      7     15     28     52 
211      0      0      0      0      0      0      0      0      0      0      0      3      9     16     33     84 
212      0      0      0      0      0      0      0      0      0      0      0      3      4      8     19     44 
213      0      0      0      0      0      0      0      0      0      0      3      4      6     13     33     82 
214      0      0      0      0      0      0      0      0      0      0      0      1      2      7     11     28 
215      0      0      0      0      0      0      0      0      0      0      0      0      0      5     11     25 
216      0      0      0      0      0      0      0      0      0      0      1      2      5     10     26     62 
217      0      0      0      0      0      0      0      0      0      0      0      0      2      5     12     28 
218      0      0      0      0      0      0      0      0      0      0      0      0      4     10     23     47 
219      0      0      0      0      0      0      0      0      0      0      0      0      0     11     34     63 
220      0      0      0      0      0      0      0      0      0      0      1      3      7     19     48    114 
221      0      0      0      0      0      0      0      0      0      0      0      2      5     17     29     66 
222      0      0      0      0      0      0      0      0      0      0      0      1      5      9     35     89 
223      0      0      0      0      0      0      0      0      0      0      0      0      2      2      8     30 
224      0      0      0      0      0      0      0      0      0      0      1      1      2      6      9     28 
225      0      0      0      0      0      0      0      0      0      0      0      0      4      5      7     27 
226      0      0      0      0      0      0      0      0      0      1      3      5      6     22     56    109 
227      0      0      0      0      0      0      0      0      0      0      0      0      1      2      7     17 
228      0      0      0      0      0      0      0      0      0      0      0      0      1      2      7     17 
229      0      0      0      0      0      0      0      0      0      0      0      0      3      7     33     81 
230      0      0      0      0      0      0      0      0      0      0      0      1      5      6     11     36 
231      0      0      0      0      0      0      0      0      0      0      0      1      1      5     16     44 
232      0      0      0      0      0      0      0      0      0      0      0      1      3      8     19     49 
233      0      0      0      0      0      0      0      0      0      0      0      1      3      4      9     23 
234      0      0      0      0      0      0      0      0      0      0      0      2      7     17     29     59 
235      0      0      0      0      0      0      0      0      0      0      0      1      3      5      9     18 
236      0      0      0      0      0      0      0      0      0      1      1      1      3      6     20     64 
237      0      0      0      0      0      0      0      0      0      0      2      4      4     14     45    104 
238      0      0      0      0      0      0      0      0      0      0      0      0      5      8     18     33 
239      0      0      0      0      0      0      0      0      0      0      1      2      3      8     16     39 
240      0      0      0      0      0      0      0      0      0      0      2      3      5     15     35     76 
241      0      0      0      0      0      0      0      0      0      0      2      3      5     15     35     76 
242      0      0      0      0      0      0      0      0      0      0      1      3     11     16     35     84 
243      0      0      0      0      0      0      0      0      0      0      1      2      3      5     14     35 
244      0      0      0      0      0      0      0      0      0      0      1      3     11     16     35     84 
245      0      0      0      0      0      0      0      0      0      0      0      4      8     18     45    116 
246      0      0      0      0      0      0      0      0      0      0      1      2      4     13     35     67 
247      0      0      0      0      0      0      0      0      0      0      0      2      6     14     27     41 
248      0      0      0      0      0      0      0      0      0      0      0      2      2     14     30     75 
249      0      0      0      0      0      0      0      0      0      0      0      0      3      7     27     54 
250      0      0      0      0      0      0      0      0      0      0      0      2      5     10     30     78 
251      0      0      0      0      0      0      0      0      0      0      0      1      4     14     28     59 
252      0      0      0      0      0      0      0      0      0      0      0      0      0      4      9     25 
253      0      0      0      0      0      0      0      0      0      0      0      0      2      6     21     52 
254      0      0      0      0      0      0      0      0      0      0      1      2      7     13     38     93 
255      0      0      0      0      0      0      0      0      0      0      0      0      7     17     40     82 
256      0      0      0      0      0      0      0      0      0      0      0      1      6     13     22     52 
257      0      0      0      0      0      0      0      0      0      0      0      3      5      8     25     59 
258      0      0      0      0      0      0      0      0      0      0      1      2      5      9     17     40 
259      0      0      0      0      0      0      0      0      0      0      0      1      1      8     16     36 
260      0      0      0      0      0      0      0      0      0      0      1      1      3      5     14     26 
261      0      0      0      0      0      0      0      0      0      0      0      0      0      2     11     33 
262      0      0      0      0      0      0      0      0      0      0      0      1      2      4     11     26 
263      0      0      0      0      0      0      0      0      0      0      1      2      4      5      9     16 
264      0      0      0      0      0      0      0      0      0      0      0      0      2      6     16     37 
265      0      0      0      0      0      0      0      0      0      0      0      1      8     15     38     93 
266      0      0      0      0      0      0      0      0      0      0      0      1      4     15     51    125 
267      0      0      0      0      0      0      0      0      0      0      1      3     10     13     26     72 
268      0      0      0      0      0      0      0      0      0      0      0      0      1      3     11     25 
269      0      0      0      0      0      0      0      0      0      0      1      1      6     13     29     61 
270      0      0      0      0      0      0      0      0      0      0      1      3      5      9     20     39 
271      0      0      0      0      0      0      0      0      0      0      0      0      4      8     16     36 
272      0      0      0      0      0      0      0      0      0      0      0      1      5     11     23     46 
273      0      0      0      0      0      0      0      0      0      0      0      0      0      9     18     35 
274      0      0      0      0      0      0      0      0      0      0      0      0      2      4     12     30 
275      0      0      0      0      0      0      0      0      0      0      0      0      0      6     10     34 
276      0      0      0      0      0      0      0      0      0      1      3      5     11     25     59    148 
277      0      0      0      0      0      0      0      0      0      0      1      2      6     10     25     61 
278      0      0      0      0      0      0      0      0      0      0      0      1      2     10     18     44 
279      0      0      0      0      0      0      0      0      0      0      0      1      4      8     13     40 
280      0      0      0      0      0      0      0      0      0      1      1      2      7     19     29     60 
281      0      0      0      0      0      0      0      0      0      0      0      0      1      7     20     58 
282      0      0      0      0      0      0      0      0      0      0      1      3      5     15     43     97 
283      0      0      0      0      0      0      0      0      0      0      1      3      5     12     37     79 
284      0      0      0      0      0      0      0      0      0      0      0      1      2      2      9     23 
285      0      0      0      0      0      0      0      0      0      0      0      0      1      2     18     35 
286      0      0      0      0      0      0      0      0      0      1      2      2      4      8     19     62 
287      0      0      0      0      0      0      0      0      0      0      0      0      0      2      7     11 
288      0      0      0      0      0      0      0      0      0      0      0      2      5     12     32     71 
289      0      0      0      0      0      0      0      0      0      0      0      1      4      8     17     43 
290      0      0      0      0      0      0      0      0      0      0      0      2      4     11     29     48 
291      0      0      0      0      0      0      0      0      0      0      1      3      6     15     40     96 
292      0      0      0      0      0      0      0      0      0      0      1      2      5      9     20     57 
293      0      0      0      0      0      0      0      0      0      0      0      4      4      7     15     35 
294      0      0      0      0      0      0      0      0      0      0      2      4      8     20     43     95 
295      0      0      0      0      0      0      0      0      0      0      1      2      6     11     19     46 
296      0      0      0      0      0      0      0      0      0      0      0      1      3      9     30     58 
297      0      0      0      0      0      0      0      0      0      0      0      1      3      9     30     58 
298      0      0      0      0      0      0      0      0      0      0      0      1      4     14     40     79 
299      0      0      0      0      0      0      0      0      0      0      0      0      1      3      6     16 
