000 6663394 6663390 6663381 6663361 6663327 6663237 6663014 6662524 6661475 6659530 6656122 6651137 6644874 6638128 6632247 6627755 
001 6663394 6663393 6663389 6663383 6663365 6663317 6663212 6662964 6662483 6661436 6659770 6657227 6653938 6650511 6647492 6645199 
002 6663394 6663392 6663387 6663375 6663344 6663268 6663090 6662654 6661739 6660000 6657094 6652750 6647021 6641040 6635703 6631795 
003 6663394 6663394 6663390 6663378 6663357 6663307 6663194 6662903 6662305 6661191 6659271 6656423 6652748 6648857 6645450 6642804 
004 6663394 6663392 6663384 6663363 6663327 6663250 6663059 6662618 6661631 6659789 6656677 6652142 6646429 6640275 6634868 6630635 
005 6663394 6663392 6663389 6663379 6663355 6663290 6663151 6662833 6662128 6660771 6658456 6655066 6650826 6646193 6642103 6639120 
006 6663394 6663393 6663392 6663388 6663376 6663340 6663275 6663120 6662794 6662161 6661084 6659562 6657588 6655553 6653731 6652308 
007 6663394 6663389 6663385 6663367 6663331 6663239 6663039 6662596 6661625 6659761 6656614 6651896 6646050 6639783 6634322 6630038 
008 6663394 6663393 6663392 6663387 6663377 6663349 6663283 6663150 6662896 6662399 6661566 6660266 6658626 6656883 6655302 6654144 
009 6663394 6663391 6663389 6663383 6663359 6663310 6663208 6662986 6662498 6661584 6659943 6657530 6654646 6651457 6648695 6646644 
010 6663394 6663392 6663392 6663385 6663369 6663346 6663276 6663132 6662815 6662201 6661137 6659578 6657607 6655460 6653614 6652226 
011 6663394 6663392 6663385 6663365 6663324 6663211 6662935 6662349 6661152 6658788 6654670 6648750 6641356 6633377 6626227 6620858 
012 6663394 6663391 6663384 6663367 6663339 6663271 6663110 6662731 6661931 6660412 6657836 6654123 6649483 6644430 6639870 6636532 
013 6663394 6663394 6663394 6663390 6663387 6663367 6663336 6663262 6663114 6662840 6662347 6661640 6660778 6659828 6659006 6658353 
014 6663394 6663392 6663389 6663378 6663358 6663306 6663196 6662937 6662409 6661326 6659492 6656827 6653518 6649887 6646699 6644284 
015 6663394 6663390 6663381 6663357 6663307 6663192 6662931 6662339 6661081 6658680 6654658 6648711 6641116 6633065 6625798 6620404 
016 6663394 6663388 6663383 6663364 6663320 6663216 6662993 6662514 6661481 6659536 6656115 6651081 6644583 6637790 6631817 6627203 
017 6663394 6663391 6663381 6663364 6663320 6663212 6662955 6662407 6661235 6658912 6654967 6649033 6641742 6633879 6626967 6621730 
018 6663394 6663393 6663388 6663375 6663358 6663317 6663215 6663002 6662541 6661556 6660058 6657762 6654961 6651920 6649149 6647105 
019 6663394 6663389 6663383 6663367 6663340 6663271 6663127 6662786 6662072 6660654 6658208 6654625 6650287 6645595 6641539 6638331 
020 6663394 6663393 6663389 6663381 6663357 6663298 6663174 6662844 6662173 6660995 6658900 6655844 6651869 6647698 6643861 6641040 
021 6663394 6663392 6663386 6663371 6663325 6663232 6663018 6662513 6661484 6659474 6656114 6650993 6644534 6637752 6631609 6626972 
022 6663394 6663392 6663386 6663372 6663348 6663281 6663122 6662784 6662024 6660584 6658131 6654455 6649834 6644899 6640541 6637263 
023 6663394 6663392 6663387 6663381 6663360 6663315 6663206 6662956 6662448 6661425 6659657 6657078 6653820 6650463 6647460 6645212 
024 6663394 6663392 6663383 6663364 6663309 6663190 6662920 6662304 6660987 6658436 6653966 6647490 6639247 6630756 6623051 6617222 
025 6663394 6663393 6663392 6663387 6663376 6663349 6663290 6663155 6662884 6662336 6661398 6659995 6658207 6656331 6654666 6653321 
026 6663394 6663393 6663391 6663386 6663371 6663327 6663237 6663060 6662695 6661919 6660681 6658813 6656461 6653912 6651642 6649999 
027 6663394 6663392 6663389 6663379 6663363 6663314 6663199 6662962 6662475 6661537 6659906 6657517 6654473 6651199 6648341 6646224 
028 6663394 6663393 6663389 6663379 6663362 6663311 6663169 6662882 6662289 6661116 6659129 6656138 6652376 6648357 6644749 6642057 
029 6663394 6663392 6663388 6663373 6663341 6663274 6663114 6662749 6661981 6660504 6658000 6654349 6649649 6644666 6640286 6637082 
030 6663394 6663391 6663382 6663364 6663330 6663239 6663026 6662512 6661467 6659409 6655937 6650930 6644488 6637605 6631641 6627029 
031 6663394 6663392 6663385 6663374 6663346 6663282 6663141 6662819 6662147 6660779 6658586 6655295 6651104 6646593 6642572 6639639 
032 6663394 6663392 6663384 6663370 6663343 6663264 6663061 6662575 6661636 6659731 6656484 6651819 6645952 6639694 6634099 6629722 
033 6663394 6663393 6663388 6663377 6663364 6663329 6663221 6663010 6662542 6661664 6660157 6657924 6655090 6652093 6649408 6647454 
034 6663394 6663393 6663388 6663375 6663341 6663277 6663117 6662765 6662026 6660594 6658120 6654504 6649831 6644907 6640633 6637338 
035 6663394 6663392 6663385 6663367 6663337 6663246 6663042 6662572 6661597 6659697 6656477 6651751 6645836 6639428 6633741 6629397 
036 6663394 6663390 6663385 6663374 6663351 6663280 6663138 6662814 6662142 6660815 6658668 6655445 6651434 6647031 6643095 6640302 
037 6663394 6663393 6663386 6663378 6663357 6663311 6663195 6662910 6662357 6661296 6659502 6656777 6653291 6649631 6646338 6643904 
038 6663394 6663392 6663385 6663373 6663349 6663267 6663089 6662650 6661740 6659992 6657080 6652897 6647417 6641784 6636651 6632698 
039 6663394 6663393 6663392 6663390 6663385 6663374 6663356 6663305 6663204 6663006 6662646 6662114 6661493 6660782 6660125 6659707 
040 6663394 6663392 6663391 6663383 6663374 6663346 6663286 6663142 6662849 6662251 6661287 6659838 6658045 6656096 6654401 6653140 
041 6663394 6663388 6663382 6663365 6663324 6663217 6662969 6662408 6661290 6659113 6655478 6650104 6643216 6635809 6629268 6624431 
042 6663394 6663393 6663388 6663378 6663346 6663288 6663132 6662817 6662084 6660692 6658299 6654777 6650315 6645507 6641233 6638028 
043 6663394 6663393 6663391 6663386 6663369 6663330 6663246 6663045 6662636 6661873 6660551 6658574 6656085 6653517 6651193 6649416 
044 6663394 6663392 6663385 6663373 6663349 6663283 6663108 6662733 6661931 6660500 6658058 6654373 6649698 6644711 6640265 6636831 
045 6663394 6663393 6663391 6663389 6663380 6663356 6663313 6663191 6662953 6662495 6661685 6660494 6659001 6657449 6656052 6654980 
046 6663394 6663392 6663391 6663381 6663356 6663298 6663179 6662911 6662328 6661207 6659234 6656396 6652694 6648840 6645415 6642847 
047 6663394 6663392 6663387 6663372 6663330 6663254 6663051 6662644 6661743 6660049 6657170 6652895 6647492 6641827 6636747 6632859 
048 6663394 6663392 6663387 6663377 6663355 6663296 6663166 6662863 6662197 6660972 6658922 6655871 6651997 6647886 6644248 6641595 
049 6663394 6663394 6663389 6663381 6663364 6663327 6663244 6663066 6662640 6661853 6660549 6658535 6656064 6653404 6651099 6649432 
050 6663394 6663389 6663375 6663351 6663291 6663156 6662852 6662182 6660746 6657950 6653244 6646272 6637418 6628079 6619673 6613300 
051 6663394 6663390 6663386 6663366 6663331 6663225 6663016 6662506 6661449 6659497 6656073 6651001 6644552 6637784 6631725 6627175 
052 6663394 6663390 6663385 6663374 6663346 6663288 6663122 6662737 6661983 6660486 6658003 6654213 6649504 6644448 6640018 6636610 
053 6663394 6663392 6663388 6663373 6663343 6663255 6663071 6662661 6661760 6660009 6657123 6652824 6647240 6641321 6636161 6632236 
054 6663394 6663392 6663386 6663369 6663335 6663239 6663040 6662589 6661645 6659827 6656793 6652210 6646413 6640267 6634666 6630606 
055 6663394 6663393 6663391 6663383 6663361 6663304 6663171 6662863 6662211 6661006 6658908 6655810 6651931 6647843 6644124 6641396 
056 6663394 6663394 6663392 6663392 6663387 6663374 6663348 6663296 6663188 6662956 6662604 6662056 6661373 6660647 6660006 6659500 
057 6663394 6663392 6663387 6663372 6663335 6663246 6663025 6662545 6661540 6659586 6656292 6651412 6645332 6638943 6633100 6628706 
058 6663394 6663392 6663386 6663369 6663331 6663251 6663045 6662615 6661751 6660077 6657166 6652797 6647354 6641584 6636342 6632557 
059 6663394 6663389 6663381 6663354 6663298 6663159 6662855 6662121 6660658 6657927 6653217 6646284 6637366 6627898 6619579 6613218 
060 6663394 6663392 6663391 6663382 6663366 6663337 6663260 6663079 6662691 6661935 6660659 6658753 6656387 6653949 6651587 6649900 
061 6663394 6663391 6663388 6663373 6663339 6663260 6663046 6662598 6661664 6659835 6656738 6652167 6646308 6640233 6634731 6630460 
062 6663394 6663389 6663384 6663371 6663337 6663273 6663083 6662687 6661823 6660185 6657379 6653177 6648029 6642512 6637553 6633744 
063 6663394 6663392 6663387 6663370 6663339 6663230 6663029 6662522 6661513 6659568 6656271 6651437 6645257 6638627 6632715 6628254 
064 6663394 6663393 6663389 6663378 6663361 6663331 6663243 6663053 6662664 6661937 6660691 6658833 6656458 6653885 6651529 6649817 
065 6663394 6663390 6663385 6663362 6663325 6663229 6663034 6662558 6661573 6659641 6656404 6651593 6645520 6639021 6633234 6628818 
066 6663394 6663393 6663392 6663388 6663376 6663345 6663277 6663129 6662800 6662164 6661066 6659463 6657402 6655228 6653264 6651787 
067 6663394 6663391 6663382 6663368 6663329 6663241 6663028 6662539 6661550 6659631 6656337 6651504 6645307 6638804 6632926 6628610 
068 6663394 6663392 6663390 6663379 6663348 6663274 6663117 6662768 6662015 6660612 6658152 6654588 6650015 6645211 6641004 6637748 
069 6663394 6663394 6663389 6663383 6663368 6663342 6663251 6663061 6662676 6661891 6660593 6658669 6656256 6653690 6651456 6649767 
070 6663394 6663393 6663389 6663377 6663346 6663273 6663096 6662709 6661919 6660312 6657666 6653759 6648745 6643323 6638539 6635020 
071 6663394 6663391 6663390 6663383 6663367 6663334 6663239 6663017 6662590 6661751 6660348 6658239 6655533 6652568 6649977 6648082 
072 6663394 6663393 6663388 6663379 6663344 6663284 6663121 6662725 6661960 6660435 6657802 6654023 6649201 6644116 6639534 6636082 
073 6663394 6663391 6663383 6663370 6663334 6663258 6663066 6662632 6661679 6659896 6656827 6652311 6646663 6640572 6635243 6631252 
074 6663394 6663390 6663379 6663353 6663294 6663180 6662896 6662264 6660925 6658357 6653987 6647433 6639035 6630169 6622355 6616342 
075 6663394 6663393 6663390 6663381 6663367 6663321 6663216 6662982 6662504 6661572 6660035 6657739 6654837 6651768 6649018 6646925 
076 6663394 6663389 6663381 6663367 6663330 6663239 6663011 6662522 6661480 6659583 6656259 6651325 6645087 6638501 6632590 6628165 
077 6663394 6663394 6663392 6663386 6663372 6663341 6663262 6663074 6662688 6661998 6660816 6659035 6656691 6654229 6652034 6650322 
078 6663394 6663394 6663392 6663387 6663375 6663348 6663282 6663133 6662780 6662109 6660972 6659284 6657116 6654752 6652718 6651165 
079 6663394 6663392 6663387 6663379 6663352 6663305 6663187 6662893 6662327 6661123 6659172 6656245 6652602 6648754 6645282 6642740 
080 6663394 6663393 6663390 6663386 6663379 6663347 6663272 6663115 6662789 6662166 6661110 6659581 6657628 6655602 6653720 6652374 
081 6663394 6663393 6663390 6663379 6663356 6663316 6663200 6662927 6662364 6661302 6659461 6656828 6653486 6649835 6646648 6644191 
082 6663394 6663392 6663388 6663380 6663359 6663312 6663211 6663000 6662492 6661568 6659999 6657608 6654610 6651481 6648621 6646443 
083 6663394 6663389 6663382 6663369 6663339 6663250 6663067 6662640 6661704 6659895 6656935 6652502 6646970 6641003 6635749 6631673 
084 6663394 6663392 6663389 6663384 6663372 6663346 6663277 6663112 6662782 6662154 6661064 6659465 6657359 6655216 6653284 6651779 
085 6663394 6663392 6663387 6663368 6663325 6663227 6662968 6662456 6661370 6659235 6655619 6650275 6643585 6636364 6629821 6625023 
086 6663394 6663391 6663387 6663373 6663344 6663263 6663092 6662671 6661815 6660153 6657246 6653121 6647824 6642229 6637061 6633282 
087 6663394 6663394 6663390 6663379 6663352 6663298 6663162 6662852 6662198 6661020 6658983 6656013 6652352 6648416 6644918 6642264 
088 6663394 6663393 6663390 6663382 6663362 6663309 6663209 6662970 6662453 6661438 6659674 6657095 6653839 6650416 6647315 6645024 
089 6663394 6663393 6663390 6663382 6663362 6663309 6663209 6662970 6662453 6661438 6659674 6657095 6653839 6650416 6647315 6645024 
090 6663394 6663389 6663383 6663366 6663323 6663213 6662971 6662419 6661274 6659030 6655143 6649506 6642321 6634799 6627953 6622749 
091 6663394 6663392 6663387 6663374 6663347 6663279 6663126 6662782 6662027 6660649 6658359 6654806 6650309 6645553 6641369 6638208 
092 6663394 6663392 6663391 6663386 6663371 6663339 6663259 6663112 6662787 6662146 6661078 6659384 6657331 6655158 6653266 6651800 
093 6663394 6663393 6663391 6663384 6663372 6663355 6663297 6663147 6662871 6662316 6661388 6660061 6658317 6656437 6654781 6653557 
094 6663394 6663392 6663385 6663372 6663340 6663279 6663142 6662816 6662103 6660724 6658401 6655082 6650890 6646289 6642196 6639131 
095 6663394 6663391 6663382 6663362 6663322 6663225 6662996 6662507 6661510 6659559 6656205 6651242 6644994 6638369 6632364 6627822 
096 6663394 6663393 6663389 6663372 6663339 6663265 6663104 6662707 6661903 6660319 6657728 6653909 6649003 6643851 6639152 6635608 
097 6663394 6663392 6663387 6663376 6663349 6663295 6663163 6662895 6662291 6661160 6659172 6656323 6652761 6649023 6645645 6642993 
098 6663394 6663392 6663389 6663379 6663354 6663307 6663180 6662914 6662325 6661206 6659263 6656495 6653034 6649316 6645863 6643333 
099 6663394 6663390 6663377 6663352 6663310 6663201 6662958 6662379 6661188 6658868 6655002 6649251 6642128 6634441 6627673 6622559 
100 6663394 6663391 6663382 6663364 6663315 6663210 6662949 6662432 6661306 6659195 6655533 6650148 6643409 6636235 6629876 6625023 
101 6663394 6663393 6663388 6663381 6663364 6663322 6663218 6662983 6662511 6661616 6659991 6657638 6654713 6651684 6648939 6646870 
102 6663394 6663390 6663383 6663366 6663333 6663252 6663062 6662631 6661708 6659967 6656936 6652561 6646961 6641119 6635794 6631858 
103 6663394 6663393 6663390 6663383 6663362 6663313 6663215 6662973 6662475 6661496 6659852 6657298 6654206 6650842 6647911 6645642 
104 6663394 6663388 6663380 6663356 6663305 6663153 6662844 6662089 6660530 6657529 6652342 6644726 6635066 6624715 6615750 6608986 
105 6663394 6663393 6663392 6663384 6663363 6663321 6663213 6662990 6662509 6661599 6660049 6657747 6654800 6651677 6648862 6646737 
106 6663394 6663390 6663381 6663358 6663311 6663196 6662884 6662238 6660904 6658318 6654010 6647578 6639383 6630556 6622811 6616875 
107 6663394 6663393 6663390 6663382 6663363 6663316 6663227 6663009 6662577 6661681 6660212 6658036 6655296 6652347 6649656 6647656 
108 6663394 6663392 6663391 6663385 6663372 6663339 6663271 6663107 6662777 6662165 6661102 6659608 6657636 6655516 6653617 6652274 
109 6663394 6663394 6663393 6663390 6663382 6663365 6663310 6663198 6662925 6662416 6661537 6660267 6658612 6656916 6655379 6654255 
110 6663394 6663392 6663390 6663384 6663369 6663339 6663254 6663100 6662736 6662077 6660928 6659191 6657091 6654754 6652731 6651210 
111 6663394 6663393 6663387 6663380 6663358 6663311 6663189 6662911 6662339 6661213 6659346 6656592 6653126 6649423 6646146 6643539 
112 6663394 6663392 6663388 6663379 6663356 6663301 6663172 6662853 6662196 6660968 6658860 6655747 6651819 6647569 6643913 6641132 
113 6663394 6663390 6663385 6663373 6663342 6663281 6663131 6662776 6662055 6660669 6658356 6654835 6650477 6645891 6641661 6638568 
114 6663394 6663393 6663389 6663379 6663366 6663324 6663211 6662971 6662477 6661527 6659914 6657526 6654497 6651269 6648334 6646147 
115 6663394 6663391 6663385 6663372 6663337 6663251 6663058 6662654 6661756 6660052 6657184 6652970 6647610 6641893 6636737 6632834 
116 6663394 6663392 6663386 6663378 6663352 6663295 6663171 6662897 6662321 6661246 6659299 6656493 6652991 6649134 6645775 6643299 
117 6663394 6663393 6663389 6663385 6663367 6663334 6663243 6663045 6662640 6661879 6660591 6658689 6656271 6653770 6651494 6649839 
118 6663394 6663393 6663388 6663374 6663351 6663286 6663131 6662763 6661997 6660613 6658169 6654517 6649944 6645074 6640783 6637557 
119 6663394 6663391 6663382 6663364 6663310 6663189 6662922 6662358 6661077 6658607 6654427 6648161 6640403 6632200 6624914 6619392 
120 6663394 6663392 6663389 6663385 6663376 6663348 6663280 6663111 6662778 6662157 6661100 6659538 6657511 6655408 6653473 6652018 
121 6663394 6663393 6663389 6663378 6663358 6663302 6663178 6662927 6662390 6661388 6659661 6657064 6653853 6650432 6647289 6644917 
122 6663394 6663393 6663390 6663383 6663370 6663335 6663247 6663030 6662621 6661800 6660420 6658326 6655729 6653043 6650549 6648652 
123 6663394 6663393 6663390 6663384 6663365 6663328 6663236 6663013 6662532 6661651 6660187 6658065 6655297 6652362 6649828 6647880 
124 6663394 6663394 6663394 6663393 6663386 6663378 6663348 6663273 6663118 6662822 6662316 6661558 6660589 6659586 6658691 6658022 
125 6663394 6663390 6663383 6663365 6663325 6663240 6663044 6662577 6661663 6659907 6656907 6652563 6646993 6641088 6635913 6631947 
126 6663394 6663391 6663384 6663365 6663321 6663215 6662974 6662427 6661316 6659276 6655734 6650429 6643772 6636619 6630273 6625458 
127 6663394 6663392 6663387 6663377 6663359 6663302 6663180 6662907 6662343 6661268 6659338 6656547 6652964 6649187 6645835 6643193 
128 6663394 6663394 6663394 6663393 6663389 6663382 6663364 6663322 6663233 6663075 6662804 6662384 6661911 6661396 6660928 6660581 
129 6663394 6663392 6663388 6663379 6663355 6663294 6663153 6662818 6662113 6660776 6658527 6655105 6650810 6646193 6642037 6638997 
130 6663394 6663393 6663386 6663377 6663351 6663284 6663140 6662806 6662103 6660804 6658507 6655188 6650969 6646501 6642531 6639436 
131 6663394 6663393 6663389 6663380 6663359 6663313 6663205 6662936 6662411 6661439 6659725 6657130 6653825 6650399 6647359 6645042 
132 6663394 6663392 6663389 6663376 6663336 6663253 6663063 6662645 6661751 6660046 6657187 6652940 6647604 6641745 6636738 6632905 
133 6663394 6663390 6663381 6663364 6663318 6663234 6663017 6662529 6661458 6659456 6656108 6651068 6644610 6637854 6631762 6627220 
134 6663394 6663394 6663393 6663386 6663371 6663337 6663264 6663081 6662720 6662037 6660881 6659178 6656974 6654632 6652511 6650904 
135 6663394 6663392 6663386 6663371 6663350 6663290 6663138 6662804 6662144 6660827 6658561 6655278 6651125 6646666 6642681 6639666 
136 6663394 6663392 6663388 6663384 6663370 6663338 6663269 6663117 6662829 6662244 6661258 6659867 6658070 6656123 6654418 6653055 
137 6663394 6663393 6663389 6663383 6663364 6663325 6663235 6663014 6662584 6661719 6660256 6658089 6655396 6652518 6649978 6648031 
138 6663394 6663393 6663389 6663383 6663364 6663325 6663235 6663014 6662584 6661719 6660256 6658089 6655396 6652518 6649978 6648031 
139 6663394 6663392 6663387 6663381 6663361 6663314 6663198 6662922 6662368 6661319 6659446 6656776 6653459 6649880 6646688 6644336 
140 6663394 6663393 6663391 6663388 6663379 6663357 6663315 6663210 6663001 6662571 6661879 6660818 6659510 6658091 6656863 6655966 
141 6663394 6663392 6663384 6663366 6663325 6663229 6663006 6662509 6661466 6659452 6656119 6650983 6644730 6637925 6631901 6627446 
142 6663394 6663394 6663393 6663388 6663381 6663358 6663317 6663223 6663043 6662660 6662020 6661065 6659867 6658559 6657394 6656556 
143 6663394 6663394 6663392 6663385 6663367 6663330 6663261 6663079 6662710 6662000 6660765 6658926 6656531 6653995 6651753 6650032 
144 6663394 6663392 6663389 6663382 6663362 6663314 6663211 6662988 6662534 6661561 6659983 6657606 6654661 6651453 6648665 6646609 
145 6663394 6663391 6663386 6663376 6663355 6663301 6663165 6662846 6662160 6660848 6658725 6655537 6651511 6647246 6643458 6640620 
146 6663394 6663391 6663386 6663376 6663355 6663301 6663165 6662846 6662160 6660848 6658725 6655537 6651511 6647246 6643458 6640620 
147 6663394 6663393 6663391 6663387 6663366 6663322 6663226 6662997 6662516 6661585 6659964 6657633 6654583 6651375 6648564 6646426 
148 6663394 6663392 6663388 6663376 6663349 6663285 6663146 6662813 6662143 6660858 6658673 6655473 6651326 6647049 6643147 6640221 
149 6663394 6663391 6663385 6663374 6663339 6663263 6663078 6662635 6661698 6659964 6656978 6652617 6647127 6641182 6635912 6631924 
150 6663394 6663394 6663391 6663384 6663361 6663317 6663240 6663050 6662634 6661842 6660537 6658591 6656017 6653378 6650950 6649252 
151 6663394 6663390 6663381 6663363 6663315 6663216 6662960 6662374 6661177 6658864 6654879 6649035 6641482 6633668 6626552 6621238 
152 6663394 6663390 6663386 6663378 6663364 6663329 6663237 6663031 6662621 6661781 6660367 6658339 6655731 6652905 6650431 6648577 
153 6663394 6663392 6663387 6663378 6663348 6663283 6663127 6662787 6662073 6660763 6658468 6655086 6650743 6646254 6642156 6639033 
154 6663394 6663391 6663388 6663381 6663358 6663313 6663208 6662946 6662387 6661355 6659604 6656982 6653620 6650039 6646823 6644426 
155 6663394 6663394 6663392 6663388 6663374 6663339 6663268 6663111 6662782 6662148 6661053 6659497 6657420 6655229 6653294 6651828 
156 6663394 6663393 6663386 6663366 6663326 6663217 6662981 6662438 6661269 6659040 6655196 6649507 6642323 6634753 6627991 6622900 
157 6663394 6663390 6663384 6663367 6663340 6663261 6663094 6662735 6661992 6660543 6657992 6654261 6649450 6644511 6640047 6636649 
158 6663394 6663392 6663383 6663373 6663342 6663273 6663102 6662743 6661987 6660513 6657985 6654182 6649408 6644270 6639660 6636205 
159 6663394 6663393 6663387 6663373 6663347 6663283 6663121 6662751 6662041 6660642 6658149 6654491 6649834 6645022 6640842 6637523 
160 6663394 6663394 6663390 6663382 6663361 6663319 6663199 6662953 6662417 6661359 6659633 6656981 6653642 6650172 6646967 6644560 
161 6663394 6663394 6663393 6663389 6663378 6663348 6663285 6663143 6662845 6662258 6661281 6659888 6658057 6656137 6654426 6653115 
162 6663394 6663394 6663393 6663389 6663378 6663348 6663285 6663143 6662845 6662258 6661281 6659888 6658057 6656137 6654426 6653115 
163 6663394 6663392 6663386 6663375 6663344 6663280 6663128 6662794 6662094 6660753 6658450 6654988 6650676 6646010 6641860 6638662 
164 6663394 6663390 6663383 6663363 6663321 6663219 6662967 6662460 6661368 6659304 6655713 6650470 6643852 6636780 6630433 6625675 
165 6663394 6663391 6663383 6663362 6663310 6663210 6662988 6662441 6661344 6659201 6655418 6649881 6642929 6635606 6629023 6624196 
166 6663394 6663391 6663383 6663371 6663334 6663257 6663092 6662707 6661934 6660427 6657765 6653898 6648948 6643925 6639265 6635745 
167 6663394 6663393 6663387 6663366 6663326 6663252 6663067 6662637 6661720 6659936 6656909 6652470 6646888 6640981 6635598 6631558 
168 6663394 6663393 6663390 6663383 6663367 6663331 6663245 6663057 6662629 6661842 6660478 6658482 6655918 6653235 6650813 6649104 
169 6663394 6663393 6663391 6663382 6663361 6663312 6663193 6662927 6662408 6661410 6659753 6657275 6654157 6650861 6647974 6645812 
170 6663394 6663392 6663389 6663380 6663362 6663317 6663223 6662991 6662499 6661588 6660012 6657615 6654663 6651431 6648659 6646576 
171 6663394 6663392 6663387 6663379 6663362 6663310 6663202 6662968 6662456 6661455 6659792 6657285 6654200 6650898 6648085 6645998 
172 6663394 6663392 6663387 6663378 6663348 6663280 6663152 6662864 6662265 6661102 6658971 6655837 6652044 6648107 6644600 6641821 
173 6663394 6663392 6663388 6663376 6663351 6663282 6663143 6662824 6662119 6660835 6658572 6655313 6651162 6646735 6642886 6639853 
174 6663394 6663393 6663391 6663389 6663380 6663353 6663296 6663196 6662961 6662529 6661814 6660694 6659294 6657787 6656458 6655436 
175 6663394 6663391 6663384 6663372 6663336 6663241 6663025 6662545 6661548 6659660 6656464 6651613 6645581 6639214 6633399 6629116 
176 6663394 6663392 6663385 6663373 6663344 6663271 6663094 6662692 6661812 6660204 6657478 6653400 6648192 6642763 6637869 6634262 
177 6663394 6663391 6663385 6663376 6663354 6663288 6663142 6662817 6662143 6660836 6658602 6655373 6651273 6647024 6643107 6640227 
178 6663394 6663393 6663391 6663385 6663372 6663341 6663254 6663065 6662686 6661916 6660681 6658819 6656378 6653852 6651617 6649902 
179 6663394 6663393 6663390 6663383 6663365 6663319 6663210 6662955 6662413 6661393 6659674 6657180 6653996 6650683 6647557 6645327 
180 6663394 6663391 6663383 6663370 6663344 6663265 6663089 6662698 6661890 6660365 6657787 6653937 6648909 6643825 6639090 6635607 
181 6663394 6663392 6663388 6663375 6663346 6663283 6663127 6662766 6661993 6660511 6658023 6654310 6649631 6644602 6640191 6636948 
182 6663394 6663392 6663387 6663379 6663354 6663296 6663152 6662854 6662203 6660898 6658683 6655535 6651419 6647066 6643199 6640281 
183 6663394 6663390 6663384 6663364 6663333 6663245 6663034 6662538 6661554 6659609 6656288 6651310 6645207 6638582 6632640 6628123 
184 6663394 6663394 6663393 6663388 6663381 6663365 6663321 6663218 6663012 6662613 6661948 6660930 6659713 6658450 6657276 6656414 
185 6663394 6663393 6663392 6663392 6663387 6663375 6663341 6663269 6663113 6662817 6662339 6661617 6660768 6659842 6659021 6658374 
186 6663394 6663390 6663387 6663376 6663350 6663286 6663129 6662793 6662105 6660694 6658345 6654897 6650519 6645937 6641778 6638698 
187 6663394 6663393 6663391 6663384 6663372 6663343 6663260 6663078 6662745 6662007 6660754 6658970 6656672 6654154 6651996 6650284 
188 6663394 6663390 6663385 6663373 6663347 6663272 6663080 6662677 6661902 6660407 6657767 6653866 6648906 6643662 6639130 6635600 
189 6663394 6663394 6663392 6663387 6663374 6663343 6663272 6663097 6662736 6662093 6660927 6659272 6657069 6654674 6652616 6651090 
190 6663394 6663392 6663389 6663381 6663361 6663318 6663209 6662999 6662562 6661650 6660111 6657881 6654998 6651879 6649204 6647215 
191 6663394 6663393 6663387 6663374 6663332 6663247 6663064 6662641 6661719 6659924 6656866 6652338 6646691 6640489 6635091 6631046 
192 6663394 6663392 6663387 6663372 6663341 6663282 6663135 6662794 6662091 6660733 6658432 6655018 6650849 6646326 6642238 6639184 
193 6663394 6663392 6663390 6663383 6663362 6663317 6663199 6662966 6662442 6661461 6659812 6657347 6654247 6651012 6648005 6645790 
194 6663394 6663392 6663388 6663378 6663356 6663283 6663123 6662727 6661920 6660383 6657799 6653968 6649112 6644050 6639493 6636098 
195 6663394 6663393 6663388 6663380 6663359 6663319 6663217 6662992 6662505 6661579 6659962 6657602 6654668 6651547 6648821 6646612 
196 6663394 6663393 6663389 6663376 6663349 6663292 6663131 6662760 6662048 6660652 6658350 6654881 6650654 6646105 6642139 6639071 
197 6663394 6663393 6663391 6663383 6663366 6663325 6663226 6662990 6662523 6661627 6660118 6657911 6655067 6652195 6649522 6647513 
198 6663394 6663393 6663390 6663386 6663369 6663335 6663248 6663061 6662661 6661915 6660585 6658710 6656277 6653719 6651453 6649715 
199 6663394 6663390 6663384 6663371 6663343 6663255 6663067 6662659 6661800 6660127 6657286 6653120 6647696 6642077 6637047 6633192 
200 6663394 6663390 6663381 6663363 6663317 6663222 6662981 6662441 6661246 6658971 6655134 6649491 6642325 6634645 6627867 6622771 
201 6663394 6663391 6663386 6663375 6663340 6663262 6663102 6662767 6662020 6660531 6658149 6654491 6649977 6645168 6640902 6637689 
202 6663394 6663389 6663381 6663361 6663315 6663221 6662967 6662430 6661314 6659086 6655314 6649692 6642587 6634892 6628185 6623063 
203 6663394 6663392 6663389 6663384 6663362 6663327 6663231 6663053 6662648 6661843 6660553 6658610 6656155 6653525 6651184 6649444 
204 6663394 6663394 6663393 6663387 6663377 6663346 6663257 6663104 6662743 6662030 6660834 6659130 6656914 6654614 6652622 6651142 
205 6663394 6663392 6663387 6663378 6663350 6663287 6663134 6662771 6661988 6660489 6658023 6654298 6649523 6644484 6639967 6636575 
206 6663394 6663392 6663390 6663382 6663368 6663335 6663268 6663113 6662777 6662153 6661040 6659441 6657361 6655175 6653231 6651739 
207 6663394 6663391 6663383 6663370 6663340 6663269 6663074 6662685 6661916 6660351 6657706 6653806 6648911 6643588 6638837 6635209 
208 6663394 6663394 6663393 6663387 6663376 6663349 6663301 6663186 6662934 6662442 6661672 6660465 6658957 6657313 6655874 6654750 
209 6663394 6663388 6663380 6663362 6663318 6663216 6662972 6662418 6661270 6659076 6655279 6649676 6642812 6635422 6628873 6623885 
210 6663394 6663394 6663393 6663392 6663388 6663373 6663348 6663282 6663151 6662881 6662433 6661794 6661004 6660089 6659329 6658784 
211 6663394 6663393 6663389 6663380 6663365 6663311 6663194 6662944 6662412 6661351 6659622 6657081 6653921 6650461 6647434 6645117 
212 6663394 6663393 6663390 6663382 6663371 6663337 6663260 6663093 6662718 6662012 6660808 6658982 6656721 6654319 6652204 6650599 
213 6663394 6663392 6663384 6663375 6663337 6663253 6663048 6662589 6661611 6659868 6656819 6652311 6646570 6640615 6635237 6631183 
214 6663394 6663391 6663389 6663383 6663364 6663325 6663240 6663028 6662561 6661769 6660379 6658301 6655677 6652914 6650427 6648521 
215 6663394 6663390 6663381 6663360 6663312 6663196 6662924 6662318 6661091 6658785 6654683 6648712 6641163 6633030 6625879 6620283 
216 6663394 6663392 6663386 6663370 6663326 6663235 6663035 6662574 6661598 6659749 6656576 6651942 6646120 6639806 6634306 6630013 
217 6663394 6663393 6663388 6663377 6663345 6663270 6663109 6662746 6661992 6660492 6657990 6654224 6649544 6644653 6640240 6636866 
218 6663394 6663392 6663388 6663378 6663350 6663282 6663143 6662859 6662199 6660868 6658687 6655524 6651386 6647158 6643341 6640371 
219 6663394 6663391 6663387 6663376 6663341 6663285 6663149 6662788 6662074 6660706 6658339 6654856 6650502 6645990 6641727 6638521 
220 6663394 6663392 6663391 6663383 6663365 6663319 6663224 6662989 6662501 6661539 6659852 6657396 6654393 6651098 6648098 6645924 
221 6663394 6663392 6663388 6663383 6663364 6663314 6663223 6662994 6662498 6661602 6660045 6657744 6654787 6651731 6648991 6646978 
222 6663394 6663389 6663381 6663357 6663300 6663173 6662884 6662209 6660777 6658156 6653702 6647024 6638535 6629436 6621447 6615489 
223 6663394 6663392 6663387 6663371 6663339 6663259 6663088 6662700 6661882 6660331 6657731 6653916 6649010 6643912 6639417 6635990 
224 6663394 6663391 6663383 6663361 6663323 6663232 6663024 6662576 6661598 6659682 6656494 6651863 6645822 6639471 6633768 6629476 
225 6663394 6663389 6663384 6663369 6663324 6663222 6663005 6662503 6661455 6659532 6656185 6651196 6644821 6638206 6632285 6627787 
226 6663394 6663392 6663388 6663382 6663365 6663318 6663209 6662965 6662443 6661391 6659599 6657054 6653786 6650312 6647207 6644783 
227 6663394 6663393 6663392 6663387 6663379 6663352 6663301 6663185 6662949 6662501 6661755 6660537 6659046 6657462 6656036 6654986 
228 6663394 6663393 6663388 6663384 6663370 6663340 6663270 6663104 6662753 6662086 6660950 6659287 6657158 6654903 6652968 6651438 
229 6663394 6663392 6663387 6663376 6663349 6663283 6663130 6662763 6661974 6660506 6658034 6654398 6649806 6644913 6640547 6637225 
230 6663394 6663392 6663386 6663377 6663350 6663284 6663130 6662814 6662136 6660831 6658599 6655332 6651023 6646546 6642468 6639488 
231 6663394 6663391 6663386 6663376 6663357 6663306 6663182 6662904 6662330 6661161 6659177 6656253 6652559 6648611 6645125 6642528 
232 6663394 6663392 6663385 6663371 6663338 6663255 6663050 6662631 6661695 6659823 6656754 6652166 6646499 6640432 6634958 6630878 
233 6663394 6663392 6663385 6663376 6663352 6663293 6663153 6662832 6662135 6660817 6658591 6655268 6650979 6646424 6642389 6639309 
234 6663394 6663393 6663388 6663376 6663356 6663302 6663157 6662836 6662215 6661101 6659129 6656220 6652603 6648714 6645300 6642679 
235 6663394 6663387 6663378 6663362 6663315 6663193 6662918 6662297 6660973 6658436 6654184 6647811 6639892 6631606 6624151 6618530 
236 6663394 6663391 6663383 6663368 6663335 6663252 6663075 6662645 6661735 6660019 6657090 6652787 6647318 6641503 6636379 6632372 
237 6663394 6663391 6663383 6663370 6663339 6663264 6663099 6662699 6661866 6660313 6657666 6653761 6648792 6643482 6638716 6635082 
238 6663394 6663393 6663388 6663378 6663356 6663302 6663157 6662853 6662227 6661000 6658873 6655696 6651864 6647685 6643945 6641161 
239 6663394 6663394 6663388 6663383 6663351 6663288 6663146 6662844 6662239 6661044 6659044 6656065 6652364 6648352 6644795 6641976 
240 6663394 6663394 6663394 6663394 6663390 6663383 6663362 6663321 6663225 6663061 6662775 6662380 6661857 6661309 6660814 6660411 
241 6663394 6663391 6663388 6663379 6663351 6663288 6663170 6662894 6662281 6661156 6659257 6656383 6652742 6648960 6645446 6642770 
242 6663394 6663391 6663383 6663369 6663330 6663254 6663061 6662608 6661689 6659948 6656971 6652540 6646986 6641060 6635727 6631729 
243 6663394 6663392 6663390 6663382 6663366 6663332 6663254 6663070 6662667 6661896 6660493 6658539 6656131 6653525 6651193 6649391 
244 6663394 6663393 6663384 6663368 6663321 6663206 6662933 6662344 6661083 6658572 6654458 6648358 6640658 6632298 6624933 6619327 
245 6663394 6663389 6663381 6663363 6663306 6663199 6662924 6662296 6661009 6658489 6654287 6648093 6640046 6631455 6623880 6618226 
246 6663394 6663389 6663380 6663366 6663329 6663243 6663030 6662573 6661568 6659659 6656411 6651528 6645542 6639053 6633337 6628988 
247 6663394 6663394 6663394 6663394 6663391 6663384 6663375 6663354 6663306 6663206 6663038 6662768 6662441 6662106 6661807 6661573 
248 6663394 6663393 6663387 6663376 6663352 6663300 6663178 6662902 6662307 6661157 6659237 6656427 6652849 6649004 6645625 6643035 
249 6663394 6663391 6663386 6663374 6663340 6663271 6663110 6662792 6662103 6660770 6658506 6655187 6651011 6646588 6642718 6639868 
250 6663394 6663393 6663390 6663381 6663356 6663298 6663162 6662872 6662252 6661111 6659170 6656224 6652625 6648829 6645472 6642825 
251 6663394 6663392 6663388 6663375 6663349 6663277 6663117 6662757 6661980 6660534 6658102 6654388 6649694 6644747 6640340 6636947 
252 6663394 6663391 6663381 6663362 6663319 6663209 6662967 6662403 6661207 6658912 6654996 6649358 6642018 6634330 6627476 6622257 
253 6663394 6663392 6663388 6663381 6663364 6663311 6663226 6662986 6662495 6661547 6659921 6657562 6654424 6651324 6648426 6646242 
254 6663394 6663391 6663387 6663375 6663349 6663290 6663164 6662867 6662255 6661088 6659033 6656070 6652265 6648251 6644670 6641974 
255 6663394 6663393 6663391 6663386 6663369 6663333 6663248 6663051 6662635 6661864 6660515 6658492 6655988 6653208 6650855 6648980 
256 6663394 6663391 6663381 6663359 6663298 6663159 6662854 6662129 6660601 6657769 6652948 6645758 6636787 6627205 6618460 6611858 
257 6663394 6663394 6663390 6663388 6663383 6663366 6663322 6663224 6663015 6662599 6661860 6660808 6659423 6657953 6656661 6655698 
258 6663394 6663390 6663386 6663377 6663351 6663278 6663129 6662791 6662108 6660805 6658613 6655366 6651172 6646638 6642646 6639734 
259 6663394 6663391 6663388 6663377 6663348 6663284 6663126 6662779 6662082 6660721 6658389 6654875 6650507 6645761 6641666 6638490 
260 6663394 6663391 6663378 6663360 6663322 6663211 6662944 6662374 6661157 6658870 6655039 6649265 6641949 6634280 6627383 6622224 
261 6663394 6663391 6663384 6663367 6663331 6663230 6663011 6662507 6661447 6659370 6655883 6650777 6644320 6637420 6631321 6626662 
262 6663394 6663393 6663390 6663386 6663375 6663341 6663261 6663076 6662676 6661926 6660655 6658784 6656440 6653929 6651759 6650079 
263 6663394 6663392 6663392 6663390 6663379 6663354 6663280 6663117 6662783 6662151 6661065 6659468 6657408 6655202 6653301 6651838 
264 6663394 6663394 6663389 6663384 6663367 6663325 6663226 6662999 6662533 6661658 6660127 6657825 6654964 6651893 6649098 6647075 
265 6663394 6663392 6663386 6663380 6663357 6663298 6663158 6662852 6662199 6660934 6658743 6655513 6651564 6647265 6643406 6640607 
266 6663394 6663393 6663392 6663389 6663383 6663365 6663320 6663235 6663054 6662676 6662037 6661157 6660037 6658834 6657687 6656850 
267 6663394 6663392 6663386 6663366 6663338 6663253 6663076 6662684 6661823 6660222 6657445 6653416 6648263 6642778 6637967 6634208 
268 6663394 6663392 6663385 6663368 6663331 6663233 6662992 6662466 6661330 6659241 6655654 6650462 6643642 6636408 6629926 6625034 
269 6663394 6663394 6663389 6663383 6663361 6663307 6663184 6662905 6662312 6661210 6659335 6656510 6652945 6649206 6645929 6643355 
270 6663394 6663390 6663380 6663358 6663305 6663189 6662944 6662359 6661120 6658769 6654736 6648682 6641267 6633384 6626230 6620836 
271 6663394 6663393 6663392 6663387 6663370 6663342 6663269 6663081 6662715 6662055 6660858 6659196 6657115 6654826 6652776 6651191 
272 6663394 6663393 6663391 6663388 6663375 6663348 6663289 6663147 6662832 6662240 6661246 6659782 6658014 6656082 6654385 6653047 
273 6663394 6663391 6663387 6663377 6663353 6663294 6663147 6662839 6662187 6660900 6658754 6655486 6651309 6646797 6642773 6639824 
274 6663394 6663389 6663382 6663371 6663332 6663265 6663113 6662750 6661987 6660518 6658064 6654328 6649530 6644477 6640005 6636608 
275 6663394 6663392 6663389 6663386 6663374 6663346 6663278 6663128 6662819 6662213 6661196 6659653 6657646 6655592 6653712 6652331 
276 6663394 6663393 6663392 6663388 6663373 6663348 6663297 6663158 6662881 6662373 6661486 6660188 6658530 6656835 6655277 6654082 
277 6663394 6663389 6663375 6663346 6663267 6663085 6662705 6661811 6659858 6656207 6650090 6640852 6629199 6616961 6605921 6597636 
278 6663394 6663391 6663379 6663358 6663319 6663203 6662958 6662385 6661150 6658782 6654710 6648778 6641311 6633432 6626312 6620942 
279 6663394 6663388 6663379 6663358 6663309 6663190 6662891 6662258 6660942 6658402 6654124 6647669 6639560 6630900 6623239 6617553 
280 6663394 6663391 6663385 6663371 6663338 6663253 6663062 6662617 6661687 6659887 6656885 6652372 6646831 6640842 6635491 6631295 
281 6663394 6663390 6663386 6663369 6663338 6663251 6663055 6662611 6661692 6659940 6656956 6652563 6646903 6641005 6635625 6631644 
282 6663394 6663393 6663391 6663384 6663364 6663316 6663206 6662958 6662429 6661431 6659696 6657119 6653797 6650334 6647194 6644864 
283 6663394 6663391 6663383 6663358 6663313 6663198 6662953 6662400 6661213 6659009 6655166 6649435 6642264 6634471 6627690 6622453 
284 6663394 6663393 6663390 6663384 6663369 6663337 6663258 6663080 6662714 6661974 6660789 6658876 6656539 6654080 6651800 6650124 
285 6663394 6663393 6663388 6663384 6663368 6663328 6663228 6663013 6662569 6661675 6660160 6657928 6655049 6652095 6649465 6647417 
286 6663394 6663391 6663385 6663371 6663335 6663250 6663042 6662593 6661683 6659898 6656870 6652407 6646729 6640825 6635515 6631575 
287 6663394 6663391 6663381 6663354 6663298 6663178 6662898 6662255 6660951 6658383 6653916 6647464 6639226 6630582 6622660 6616814 
288 6663394 6663394 6663394 6663392 6663390 6663384 6663372 6663352 6663315 6663244 6663107 6662917 6662649 6662391 6662162 6662008 
289 6663394 6663392 6663391 6663384 6663370 6663345 6663290 6663137 6662819 6662244 6661236 6659707 6657808 6655737 6653889 6652534 
290 6663394 6663393 6663389 6663380 6663359 6663303 6663189 6662930 6662355 6661250 6659460 6656761 6653410 6649849 6646648 6644220 
291 6663394 6663391 6663385 6663373 6663341 6663262 6663079 6662662 6661783 6660084 6657231 6652948 6647411 6641662 6636426 6632572 
292 6663394 6663394 6663391 6663389 6663382 6663371 6663336 6663280 6663146 6662895 6662480 6661848 6661083 6660232 6659471 6658889 
293 6663394 6663391 6663385 6663374 6663338 6663262 6663091 6662702 6661900 6660397 6657809 6653893 6649058 6643885 6639312 6635897 
294 6663394 6663391 6663383 6663363 6663313 6663198 6662935 6662313 6661031 6658610 6654441 6648379 6640770 6632447 6625013 6619554 
295 6663394 6663391 6663386 6663380 6663362 6663312 6663202 6662950 6662418 6661457 6659779 6657336 6654264 6650950 6648021 6645788 
296 6663394 6663392 6663385 6663377 6663349 6663288 6663141 6662817 6662175 6660933 6658757 6655503 6651572 6647221 6643320 6640455 
297 6663394 6663390 6663383 6663365 6663323 6663227 6662970 6662363 6661109 6658642 6654540 6648466 6640841 6632724 6625476 6620071 
298 6663394 6663392 6663388 6663383 6663370 6663332 6663241 6663057 6662640 6661866 6660598 6658642 6656058 6653394 6651092 6649298 
299 6663394 6663390 6663380 6663364 6663307 6663180 6662909 6662298 6661001 6658417 6654121 6647836 6639833 6631273 6623577 6617855 
