000      2      0      0      0      0      1      5     10     15     33     54     76    111    155    201    258    307    329    347    339    321    300    253    212 
001      2      0      0      0      0      0      2      6     13     26     45     74    109    156    198    243    289    319    337    349    343    319    277    225 
002      2      0      0      0      0      0      2      3      4     13     19     24     38     50     77    112    122    139    146    156    154    132    117     84 
003      2      0      0      0      1      1      3      4      9     13     22     32     49     73     94    117    144    166    179    175    168    145    118     93 
004      2      0      0      0      0      0      0      0      2      6     10     23     39     52     74     93    117    129    137    139    134    114     97     77 
005      2      0      0      0      1      1      3      4      9     13     22     32     49     73     94    117    144    166    179    175    168    145    118     93 
006      2      0      0      0      0      1      2      8     18     34     51     78    118    171    236    313    362    388    422    419    400    351    317    264 
007      2      0      0      0      0      1      2      2      3      6     11     19     28     51     66     92    105    120    131    132    121    118     96     76 
008      2      0      0      0      0      1      3      5      7     14     19     29     44     62     78     99    123    133    148    137    128    114    100     82 
009      2      0      0      0      0      0      0      2      3     10     19     31     51     68     96    130    158    185    181    178    171    161    129    109 
010      2      0      0      1      2      3      6      8     17     27     38     61     85    126    162    201    244    285    302    311    298    271    227    179 
011      2      0      0      0      0      0      1      4      5      5     15     26     34     57     72     97    127    140    149    143    139    133    121     96 
012      2      0      0      0      0      1      1      2      4      9     20     35     55     81    111    147    175    197    205    202    195    176    151    126 
013      2      0      0      1      1      3      3      6     13     24     34     56     72    104    145    174    213    228    239    243    230    205    176    136 
014      2      0      0      0      0      1      2      2      2      5      9     13     22     33     43     44     49     64     71     76     75     72     67     53 
015      2      0      0      0      0      0      0      5      7     11     15     24     31     41     61     77     95    113    125    127    119    113     94     77 
016      2      0      0      0      0      0      0      3      5      6     13     25     36     49     80    102    121    136    136    132    128    112     92     71 
017      2      0      0      0      0      1      2      7     16     32     51     85    133    182    234    280    323    364    368    360    343    299    264    229 
018      2      0      0      0      1      1      2      5      9     14     29     53     85    126    169    218    248    282    298    297    281    252    217    190 
019      2      0      0      0      0      1      3      3      3      5     10     12     15     20     25     28     34     37     39     41     40     35     32     28 
020      2      0      0      0      0      0      2      4     11     17     27     42     66     85    114    145    165    195    207    203    194    186    175    139 
021      2      0      0      0      0      0      0      5     10     19     31     48     72    107    140    163    205    243    260    255    251    226    190    161 
022      2      0      0      0      0      0      0      2      4      7     11     18     31     50     66     86    102    115    120    134    135    121    107     91 
023      2      0      0      0      0      1      1      2      6     18     28     42     76    120    153    188    218    245    255    238    229    215    180    158 
024      2      0      0      1      1      1      2      6      9     17     31     47     63     83    117    152    176    200    224    219    205    178    153    121 
025      2      0      0      0      0      1      2      3      5      7     15     22     39     61     86    106    138    153    161    158    156    138    120    100 
026      2      0      0      0      0      0      4      7     17     31     48     70    110    148    195    237    272    295    325    310    295    272    259    219 
027      2      0      0      0      0      1      3      3      8     12     19     33     40     60     79    111    128    145    149    148    131    124    105     90 
028      2      0      0      0      0      0      1      3      8     11     15     20     31     49     68     87     99    100    106    111     95     85     65     56 
029      2      0      0      0      0      0      0      0      1      2      3      6      9     13     18     21     27     29     34     35     35     32     27     23 
030      2      0      0      0      1      1      6     10     17     28     48     86    121    169    236    305    364    400    433    448    435    383    334    261 
031      2      0      0      0      1      3      4      7     15     19     31     42     70     90    120    146    178    199    211    206    205    173    150    126 
032      2      0      0      0      0      1      2      4      5      8     14     25     39     61     86     98    113    129    133    139    131    115    107     96 
033      2      0      0      0      0      1      3      7     13     21     43     67     97    151    192    248    295    347    358    353    337    306    267    216 
034      2      0      0      0      0      0      4      6      9     12     24     44     65     83    106    143    163    179    188    190    176    153    133    105 
035      2      0      0      0      0      2      3      6     15     31     59     93    144    187    243    309    354    414    445    452    434    394    340    284 
036      2      0      0      0      0      0      0      3      8     14     20     29     44     67     85     95    108    122    136    143    133    115    100     83 
037      2      0      0      0      0      0      1      2      5     12     20     34     43     64     88    118    135    156    161    157    148    140    122    101 
038      2      0      0      0      0      0      0      1      2      2      3      5     11     14     23     29     35     39     43     43     38     31     21     19 
039      2      0      0      0      0      0      3      5     12     21     30     47     61     82    104    129    165    182    195    209    201    190    167    135 
040      2      0      0      0      1      1      2      2      5     11     15     26     43     56     70     88     97    101    111    110     98     91     82     71 
041      2      0      0      0      0      0      0      2      9     13     20     37     60     80    105    135    156    165    171    164    161    146    128    102 
042      2      0      0      0      0      0      0      1      3      6     15     19     32     42     60     68     69     83     88     90     88     77     66     55 
043      2      0      0      0      0      0      0      2      4      6     10     16     25     39     54     63     82     95     93     92     84     82     69     60 
044      2      0      0      0      0      0      0      2      4      9     14     23     41     55     78     90    110    116    126    124    130    113     96     77 
045      2      0      0      0      0      0      0      2      6      6     12     17     25     36     48     59     72     91     92     97     92     82     73     61 
046      2      0      0      0      0      1      3      4      6      8     17     23     36     60     79     96    111    122    135    141    131    113    105     84 
047      2      0      0      0      0      0      0      3      9     17     29     56     85    126    173    217    259    294    320    329    317    278    242    199 
048      2      0      0      0      0      0      0      1      5     11     16     25     42     62     76     93    121    142    153    163    162    147    135    111 
049      2      0      0      0      0      1      4      6     11     24     43     73    119    171    209    256    286    314    326    316    307    282    260    215 
050      2      0      0      0      0      0      1      1      3      4      6      9     16     24     31     41     55     58     68     81     76     74     65     55 
051      2      0      0      0      1      1      2      5     12     25     37     59    101    137    171    214    249    266    283    287    269    244    205    170 
052      2      0      0      0      1      1      1      2      4      5     14     19     28     37     48     56     71     85     90     82     85     74     62     52 
053      2      0      0      0      0      0      0      0      3      4      7     17     30     48     60     75     83     96     96     93     88     81     71     55 
054      2      0      0      0      0      1      3      8     11     17     26     40     66    100    134    173    203    234    240    237    221    204    177    145 
055      2      0      0      0      0      2      2      3      6     10     18     18     28     33     41     48     62     64     66     63     60     53     50     43 
056      2      0      0      0      0      1      2      8     16     36     55     87    118    161    201    249    278    313    316    315    302    278    249    210 
057      2      0      0      0      0      0      0      0      8     18     31     49     69     98    125    144    173    204    227    220    218    201    175    126 
058      2      0      0      0      1      1      5     17     19     27     42     61     91    123    173    216    259    288    323    333    313    285    244    205 
059      2      0      0      0      0      0      1      6     13     22     39     68     92    119    153    184    236    272    276    272    264    236    204    176 
060      2      0      0      0      1      2      3      4      9     19     36     63    103    130    174    220    247    280    302    309    309    275    239    204 
061      2      0      0      0      0      0      1      6      7     12     20     29     39     58     77     99    116    142    150    151    148    132    119    101 
062      2      0      0      0      0      1      1      1      4     10     19     30     43     53     70     82    101    114    128    120    119    107     92     76 
063      2      0      0      0      0      0      1      1      2      4      6      9     12     20     25     33     46     62     68     69     72     67     57     49 
064      2      0      0      0      0      1      3      5      5      6     10     14     26     36     48     67     81     87     93     93     96     86     78     64 
065      2      0      0      0      0      0      3      7     14     20     29     45     62     85    119    143    179    198    209    216    216    190    164    138 
066      2      0      0      0      0      2      5      7     15     20     35     45     70     88    128    151    161    181    186    176    159    148    132    107 
067      2      0      0      1      2      2      3      5      9     13     17     25     44     64     87    111    131    142    152    151    141    135    114     92 
068      2      0      0      0      0      1      3      4      9     16     26     44     64     97    138    169    196    230    241    235    217    194    169    137 
069      2      0      0      0      0      0      0      1      7      7     10     14     30     37     44     58     65     70     74     80     77     68     62     53 
070      2      0      0      0      0      0      1      4     14     22     43     66    107    146    173    212    258    292    295    302    288    257    221    171 
071      2      0      0      0      0      0      2      6     10     14     22     32     46     64     91    103    128    142    156    155    154    144    125     97 
072      2      0      0      0      0      3      5     11     25     40     58     91    125    183    245    312    386    426    441    448    438    394    348    278 
073      2      0      0      0      0      1      1      1      5     10     14     20     31     57     87    112    140    155    161    151    138    126    108     91 
074      2      0      0      0      0      0      2      3     11     26     43     76    115    147    198    243    296    329    346    347    329    298    260    209 
075      2      0      0      0      0      0      2      6     11     14     26     35     54     73    114    140    174    200    219    229    227    208    182    146 
076      2      0      0      0      0      0      2      3      7     12     21     30     43     58     78    102    112    127    141    146    143    132    110     96 
077      2      0      0      0      0      1      5      8     11     19     32     49     85    117    151    192    220    243    263    268    244    221    194    162 
078      2      0      0      0      0      0      1      3      8     12     20     37     60     77    106    143    179    201    222    217    225    194    172    132 
079      2      0      0      0      0      2      2      5      6     12     25     40     65     88    126    158    182    223    234    243    234    225    199    162 
080      2      0      0      0      0      0      0      2      2      3      3      5      8     13     17     21     23     25     26     24     24     22     17     19 
081      2      0      0      0      1      2      4      6     12     22     31     50     79    106    146    181    224    261    272    285    271    254    219    186 
082      2      0      0      0      0      1      3      6      7     13     17     20     32     51     65     79     89    101    106    103    103     90     78     73 
083      2      0      0      0      0      3      6     11     18     24     33     51     73    111    148    192    224    263    272    274    250    235    209    179 
084      2      0      0      0      0      2      4      7     14     19     23     36     55     85    110    126    162    176    186    192    191    166    143    116 
085      2      0      0      1      1      1      1      3      5      7     21     29     45     56     77     94    124    138    142    139    135    125    107     86 
086      2      0      0      0      2      2      4      5     11     17     27     41     71     93    135    158    199    231    236    262    247    224    195    164 
087      2      0      0      0      0      0      0      1      6     10     14     25     34     43     59     77     96    104    110    120    123    115    113     98 
088      2      0      0      0      0      0      0      1      6      9     11     15     21     37     42     49     56     63     65     63     55     58     52     42 
089      2      0      0      0      1      2      7     13     23     35     62    103    155    201    253    314    357    382    397    405    381    341    304    254 
090      2      0      0      0      0      3      6     11     20     36     57     80    110    160    202    250    293    321    339    362    335    303    260    221 
091      2      0      0      0      0      0      0      4      8     10     17     29     43     65     83    104    122    129    127    127    123    108     97     74 
092      2      0      0      0      0      0      1      6      9     17     33     43     56     86    118    149    179    212    222    215    210    195    156    126 
093      2      0      0      0      0      1      3      4      6      9     11     18     25     32     43     60     76     90    102    102    101     94     78     68 
094      2      0      0      0      0      1      3      5     11     23     41     66     90    118    156    195    235    254    272    288    283    259    234    195 
095      2      0      0      0      0      0      2      5      9     20     36     61    104    141    202    254    307    343    366    350    333    304    266    221 
096      2      0      0      0      1      2      3      3      7     20     43     71    110    150    202    246    298    330    356    374    349    317    282    222 
097      2      0      0      0      0      1      2      5      8     20     29     47     64     83    108    131    150    171    178    186    170    157    138    118 
098      2      0      0      0      0      0      1      2      4      7      9     15     22     27     40     49     62     74     81     81     78     82     71     57 
099      2      0      0      0      0      0      0      1      3      8     17     31     48     67     93    111    136    159    164    178    170    170    151    127 
100      2      0      0      0      1      2      8     12     23     34     54     82    125    169    227    293    330    371    406    400    372    332    269    227 
101      2      0      0      0      0      0      0      3      5     10     12     19     27     36     48     64     85    100    102    110    102     99     81     71 
102      2      0      0      0      0      0      1      3      8     13     22     33     48     69    108    143    169    202    218    222    211    197    170    132 
103      2      0      0      0      0      3      3      4      7     12     15     29     44     66     80    104    122    133    132    136    134    117    107     87 
104      2      0      0      0      0      1      1      2      6     13     19     27     41     55     85    105    124    139    157    164    152    131    106     92 
105      2      0      0      0      0      1      3      4      4     12     22     33     48     74     98    114    151    168    172    168    172    153    129    105 
106      2      0      0      0      1      1      1      2      4     13     23     36     57     88    112    149    175    204    221    227    220    203    173    138 
107      2      0      0      0      0      0      3      7     10     22     32     52     78    118    177    221    267    296    316    315    294    266    219    189 
108      2      0      0      0      0      0      2      4     12     22     34     50     66     87    108    137    161    175    184    181    174    163    146    117 
109      2      0      0      0      0      2      4      6     12     17     23     37     54     78    105    145    171    196    215    209    198    193    165    125 
110      2      0      0      0      0      0      1      3      5     13     17     37     55     74    100    127    155    167    186    190    180    158    141    105 
111      2      0      0      0      0      0      2      7     17     29     45     65     99    130    185    244    283    327    357    363    348    337    281    234 
112      2      0      0      1      1      1      2     10     19     31     48     76     98    139    184    230    270    295    319    319    302    264    243    206 
113      2      0      0      0      1      4      5     10     21     32     52     87    123    158    223    272    318    352    380    377    362    329    287    235 
114      2      0      0      0      0      0      0      1      1      1      1      3      6      9     11     13     19     23     30     34     38     34     28     20 
115      2      0      0      0      0      1      2      2      5      9     15     20     37     53     70     78     95    106    110    115    113    100     91     78 
116      2      0      0      0      0      2      2      2      4     12     21     32     43     71     94    109    129    142    156    156    148    128    116    102 
117      2      0      0      0      0      0      0      0      1      3      4     11     16     21     29     38     50     50     55     55     52     43     41     32 
118      2      0      0      0      2      2      2      2      5     11     23     48     82    113    154    188    230    255    265    261    256    227    198    163 
119      2      0      0      0      0      0      2      7     13     25     41     70     92    129    174    219    259    287    301    312    287    257    222    189 
120      2      0      0      0      0      1      2      3      3      7     11     14     24     35     46     63     76     83     85     81     77     69     60     51 
121      2      0      0      0      0      1      1      2      2     10     20     29     41     60     80    107    127    137    154    143    120    113     95     74 
122      2      0      0      0      0      0      2      4      9     24     47     71    108    146    208    247    288    316    322    315    297    275    248    198 
123      2      0      0      1      1      1      2      4      8     12     21     32     44     67     83    100    119    136    144    149    151    143    126    105 
124      2      0      0      0      0      0      3      6     11     23     32     50     82    106    153    206    236    258    280    299    291    273    232    196 
125      2      0      0      0      0      0      0      1      4     10     19     34     53     78    124    151    187    210    231    217    207    188    165    131 
126      2      0      0      0      0      0      4      6     12     27     53     80    110    175    224    269    296    340    374    373    355    314    275    227 
127      2      0      0      0      0      0      1      2      8     13     28     45     69     87    123    161    177    189    195    187    178    165    131    111 
128      2      0      0      0      0      0      0      4      7     11     18     27     41     62     74     97    110    125    123    125    115    108     92     73 
129      2      0      0      1      1      2      5      9     15     22     30     53     83    121    159    201    247    283    303    299    279    251    211    181 
130      2      0      0      0      0      0      0      0      0      2      6      8     16     18     25     33     33     38     41     38     38     35     31     24 
131      2      0      0      0      0      0      0      0      4     12     18     31     48     64     87    112    151    169    183    179    176    161    133     99 
132      2      0      0      0      0      2      8     12     19     36     58     92    126    180    226    284    324    360    371    377    365    327    296    248 
133      2      0      0      0      0      2      4      5      7     16     24     44     70     91    112    142    165    182    187    191    187    169    145    121 
134      2      0      0      0      1      2      5      7     10     13     34     58     81    107    142    177    210    226    230    223    202    175    154    126 
135      2      0      0      0      0      2      3      5      7     12     27     40     57     72     95    122    136    157    173    175    181    155    138    117 
136      2      0      0      0      0      0      0      1      4     10     13     24     36     53     67     95    111    121    141    142    140    133    106     81 
137      2      0      0      0      0      1      1      5     13     20     34     59     89    124    163    197    249    269    296    311    302    264    234    192 
138      2      0      0      0      0      0      0      2      4     11     15     20     29     39     55     71     82     91    101    102     93     87     76     63 
139      2      0      0      0      1      1      1      3      6     10     20     31     49     78    103    134    159    171    192    194    196    183    163    134 
140      2      0      0      0      0      0      1      1      5     16     23     32     51     73     95    115    138    157    164    173    164    153    133    109 
141      2      0      0      0      1      1      2      3      3      7     14     17     29     41     56     67     86    110    116    112    116    113     99     75 
142      2      0      0      0      0      0      1      2      5     10     15     21     37     55     66     86    111    119    122    119    122    106     95     77 
143      2      0      0      0      1      1      1      4      8     12     21     30     43     54     68     89    106    125    144    144    141    125    109     81 
144      2      0      0      0      1      1      1      3      3     11     19     32     46     67     97    112    143    170    171    176    170    154    140    106 
145      2      0      0      0      0      0      0      0      2      2      6      8     12     24     40     54     60     76     85     91     90     83     77     68 
146      2      0      0      0      0      0      1      1      5      8     14     24     33     47     62     71     88     98    106    110    112    101     91     76 
147      2      0      0      0      0      1      3      6     12     20     34     55     82    108    135    167    207    228    229    225    215    202    178    153 
148      2      0      0      0      0      0      1      3      5     15     18     27     46     65     83    110    131    144    156    161    150    136    123    110 
149      2      0      0      0      0      0      3      6      8     11     18     33     43     54     63     79     97    109    117    115    114    104     93     76 
150      2      0      0      0      0      1      1      1      3      6      9     12     23     36     38     54     68     75     87     93     95     93     83     69 
151      2      0      0      0      0      0      0      4     10     21     39     65    103    152    219    278    340    373    402    416    384    369    306    257 
152      2      0      0      0      0      1      1      1      3      6      7     14     29     46     63     80     97    112    119    122    123    105     83     67 
153      2      0      0      0      0      0      1      3      6     16     30     51     82    123    163    210    247    272    298    295    277    249    215    166 
154      2      0      0      0      0      0      0      1      2     10     19     32     47     73     97    122    143    166    178    176    169    156    127    101 
155      2      0      0      0      2      4      5      9     16     26     39     68    104    141    191    248    306    332    363    378    350    326    296    246 
156      2      0      0      0      0      0      1      1      3      8     15     23     33     53     63     78     97    111    113    123    120    114     97     79 
157      2      0      0      0      0      0      2      4      5     13     21     32     52     74    103    128    158    179    191    191    186    165    142    121 
158      2      0      0      0      0      1      1      2      5      8     24     32     41     52     66     78     86     96    102    108     99     89     85     71 
159      2      0      0      0      1      2      2      4     10     11     19     32     51     63     86    108    135    157    170    171    163    172    153    132 
160      2      0      0      0      1      2      4     10     24     43     71    118    179    244    307    379    448    514    533    549    525    483    429    357 
161      2      0      0      0      0      0      1      1      2      4      7     15     22     30     46     57     68     75     82     78     69     63     55     53 
162      2      0      0      0      0      2      3      4      7     18     34     56     80    112    153    187    218    230    239    249    234    209    195    166 
163      2      0      0      0      0      0      0      3      7     13     19     32     46     62     80    113    132    149    159    170    167    157    150    134 
164      2      0      0      0      0      1      1      3      3      7     13     16     20     27     43     60     66     75     87     89     87     77     70     55 
165      2      0      0      0      0      0      1      5      9     16     20     31     45     61     84     99    125    151    168    169    163    162    147    126 
166      2      0      0      0      0      0      1      4     10     24     39     47     71    105    144    182    214    249    255    265    245    224    203    167 
167      2      0      0      0      0      1      5      8     12     21     36     57     87    127    176    214    262    289    295    303    286    260    226    192 
168      2      0      0      1      1      1      5      6     11     13     22     47     67     85    121    164    187    208    222    227    208    194    160    136 
169      2      0      0      0      0      0      0      0      1      1      6      9     12     23     34     43     49     57     59     64     67     62     50     38 
170      2      0      0      0      0      0      2      3      5      7     14     22     36     53     67     81    101    109    114    119    110     99     82     68 
171      2      0      0      1      1      1      2      6     14     27     40     58     90    129    174    227    278    327    349    354    339    313    283    238 
172      2      0      0      0      0      0      1      5      9     18     32     60     94    138    183    229    270    285    297    298    283    259    223    189 
173      2      0      0      0      0      1      1      2      4      6      8     12     20     35     44     55     64     76     82     89     75     74     65     54 
174      2      0      0      0      0      0      1      1      3      6      9     13     21     27     37     49     56     61     64     69     67     56     50     42 
175      2      0      0      0      0      1      3      4      6      9     12     21     36     49     66     81     98    106    118    119    114    107     98     79 
176      2      0      0      0      1      1      4      6     10     15     27     38     55     75    109    141    156    172    191    194    183    170    150    127 
177      2      0      0      0      0      0      1      4      8     11     29     44     58     86    115    151    177    203    209    217    210    192    165    124 
178      2      0      0      0      0      0      0      3     11     13     22     35     48     72     81    113    139    159    159    161    158    145    120    101 
179      2      0      0      0      1      1      1      4      7     12     25     40     64     81    112    145    174    195    208    207    192    173    147    127 
180      2      0      0      0      0      1      2      2      5      9     18     26     43     63     77     93    115    131    142    136    133    120     96     84 
181      2      0      0      0      0      0      0      3      7     10     14     26     40     60     77     92    112    133    139    140    138    128    116     85 
182      2      0      0      0      1      2      7     13     19     29     47     70    102    128    171    220    264    288    300    302    281    259    235    202 
183      2      0      0      0      0      0      0      0      0      1      2      7     10     15     18     20     24     28     34     36     41     41     38     34 
184      2      0      0      0      1      3      3      4      7     11     19     38     72     97    125    153    172    196    214    218    222    204    179    158 
185      2      0      0      0      0      0      0      1      8     20     44     72    102    146    179    224    263    287    300    304    292    271    235    194 
186      2      0      0      0      1      3      3      6     11     19     43     61    100    123    165    198    221    240    246    249    232    204    176    145 
187      2      0      0      0      1      1      2     10     18     30     40     68    102    131    180    204    248    274    288    282    280    253    227    188 
188      2      0      0      0      0      2      4      6     10     15     19     28     51     74    105    137    179    201    227    235    224    200    170    146 
189      2      0      0      0      0      2      2      7      9     14     27     36     69     90    112    141    178    188    189    200    182    165    134    110 
190      2      0      0      0      0      1      1      4      9     16     25     35     50     70    100    129    139    156    167    166    163    149    124    100 
191      2      0      0      1      1      2      4      5      9     14     24     40     68    103    139    169    210    239    247    250    248    215    190    159 
192      2      0      0      0      2      2      3      6      9     14     22     40     67     89    117    167    186    216    227    229    222    201    173    152 
193      2      0      0      0      0      1      3      8     14     21     44     65    100    129    177    213    258    285    293    289    288    265    225    188 
194      2      0      0      0      0      0      1      2      3      4     11     14     27     52     62     84     99    110    105    107    100     86     68     50 
195      2      0      0      0      1      1      3      9     23     38     64    101    140    192    251    303    342    379    403    397    380    348    311    253 
196      2      0      0      0      0      0      0      1      2      4      7     10     13     22     23     30     41     44     50     57     57     51     45     35 
197      2      0      0      0      0      0      2      5      6      9     15     30     45     74     98    131    145    166    180    185    171    157    133    117 
198      2      0      0      0      1      2      4      5      7      9     14     21     36     46     64     84    101    130    141    137    130    123    114     92 
199      2      0      0      0      0      0      1      5     13     17     26     36     48     81    113    136    156    176    173    169    169    152    126    100 
