000      0      7      9     20     35     59    104    158    217    271    351    419    441    428    393    337    269    209    154    114     77     49     32     19 
001      0      5     10     20     36     66    103    149    210    277    345    393    414    412    387    343    294    236    184    138     96     74     46     33 
002      0      3      4      7     12     23     36     52     73    102    129    160    185    191    169    132    112     80     58     36     20     15     15     12 
003      0      3      5     10     16     31     43     72     95    135    173    201    211    205    192    171    132     97     65     41     25     14      8      4 
004      0      2      1      8     11     18     31     45     70     96    120    151    159    164    147    128     98     71     45     31     16     10      8      5 
005      0      3      5     10     16     31     43     72     95    135    173    201    211    205    192    171    132     97     65     41     25     14      8      4 
006      0      4      7     13     31     65    107    173    253    346    436    500    540    539    492    407    337    274    204    150    101     75     46     30 
007      0      2      1      3      8     16     28     44     73    102    128    141    157    146    140    113     98     73     54     34     26     15     11      7 
008      0      3      4      7     13     25     45     68     91    112    137    160    167    163    158    128     98     78     43     35     26     22     12      7 
009      0      4      3      6     11     24     39     72    105    145    182    221    226    229    202    166    131     90     71     53     39     24     14      8 
010      0      6      8     18     33     52     82    131    187    246    308    358    374    361    330    301    234    172    134     93     62     40     26     17 
011      0      4      4      6     15     26     45     65     96    129    158    178    199    198    183    154    109     85     60     47     28     14      8      4 
012      0      3      3      7     18     29     50     83    123    149    202    237    250    248    226    186    145    105     75     52     33     22     15     11 
013      0      4      6      9     18     36     64     97    130    191    231    266    286    282    253    223    173    136    102     63     45     32     23     17 
014      0      2      2      4      8     14     19     31     51     71     82     92    102     97     91     88     76     54     36     22     14      7      4      2 
015      0      4      5      8     13     23     36     54     83     99    118    128    135    143    131    120    101     76     51     33     27     18     10      5 
016      0      2      0      4     10     16     31     45     78    114    142    161    171    163    137    116     94     68     52     40     25     18     12     11 
017      0      4      8     20     37     66    107    159    227    298    390    441    474    463    422    375    314    235    166    123     80     53     29     16 
018      0      3      6     14     29     50     88    127    180    247    290    334    359    349    324    276    235    185    138    100     61     42     22     13 
019      0      3      1      5     10     12     17     24     33     37     41     46     52     51     45     41     33     28     22     11      9      7      5      1 
020      0      4      6     17     27     39     52     77    111    163    200    226    245    250    230    205    175    132     99     64     46     22     11      8 
021      0      3      8     12     20     40     62     92    127    180    233    279    313    304    282    257    206    150    114     91     56     40     31     18 
022      0      2      2      6     11     19     36     50     75    110    143    165    182    173    161    140    119     89     68     41     23     14      8      5 
023      0      5      7     12     24     33     63    103    153    200    254    303    323    300    273    242    190    148    104     84     58     37     25     19 
024      0      5      6      9     19     30     54     81    118    158    200    241    260    271    249    213    175    134     92     67     58     40     26     17 
025      0      3      2      3     13     23     39     60     90    127    156    188    189    178    162    147    114     86     63     49     31     18     10      8 
026      0      3      5     14     26     51     86    138    215    283    341    396    414    409    378    320    276    222    164    121     82     55     29     14 
027      0      2      4      8     13     20     38     62     90    122    151    182    191    181    163    134    103     75     57     37     25     15      7      5 
028      0      4      4      7      8     18     28     46     68     89    115    125    128    121    109     85     72     59     44     31     18     11      8      5 
029      0      2      0      0      2      4      8     11     19     27     35     40     46     47     43     41     33     23     13      7      4      4      1      0 
030      0      5      8     21     35     69    102    161    226    315    404    461    510    516    477    414    339    266    196    126     66     43     28     22 
031      0      3      5     13     20     32     59     85    118    162    199    235    230    246    226    201    160    120     90     66     46     30     23     15 
032      0      3      2      8     14     26     35     50     74    106    130    147    158    152    137    128    108     87     70     45     32     22     11      7 
033      0      7      9     22     39     61     89    131    206    286    359    414    440    430    401    338    275    203    149    104     61     37     22     16 
034      0      3      4     10     20     29     45     77    122    163    191    218    232    228    208    165    135    106     71     45     31     19     11      6 
035      0      5     10     23     46     74    120    199    283    366    464    528    568    576    531    463    387    282    197    133     91     59     30     12 
036      0      2      2      8     12     20     37     53     77    109    130    150    160    154    134    121    103     76     51     29     23     17     11      7 
037      0      5      7      9     15     27     44     61     88    117    152    177    194    195    181    153    123     92     70     50     32     20     11      7 
038      0      2      0      1      3      6     10     17     25     37     42     43     45     39     31     26     21     16     10      7      5      4      1      0 
039      0      5      4      6     18     34     58     82    111    155    198    233    260    275    249    215    166    134     94     61     43     33     23     20 
040      0      4      5     12     15     21     33     50     76     95    117    129    133    126    117    100     85     72     50     38     27     19     10      8 
041      0      2      2      6     19     31     54     78    109    147    180    194    203    197    179    146    116     93     68     44     26     18     13     10 
042      0      2      2      7     12     18     28     39     59     70     88     97    106    111     96     86     74     53     38     20      8      7      5      4 
043      0      3      2      4      8     17     26     34     54     75     95    115    121    123    112     96     76     55     43     35     23     12      6      2 
044      0      3      3      4     13     22     38     65     87    111    138    155    165    163    148    131     98     79     58     40     19     14      8      5 
045      0      3      3      4      8     15     28     36     49     78     89     99    107    108    103     99     81     55     42     26     16     13      8      7 
046      0      4      5      9     12     23     35     46     82    105    133    162    182    169    150    132    109     84     57     33     22     17      7      6 
047      0      2      2      8     21     39     71    115    174    249    321    362    380    366    343    301    247    190    135     93     59     42     29     19 
048      0      3      4      8     15     25     42     62     86    117    157    186    185    186    189    176    146    110     85     62     43     27     21     13 
049      0      4      5     13     29     59     95    142    209    269    337    372    373    364    358    313    265    202    145    110     70     52     29     16 
050      0      2      1      2      4      9     17     25     35     49     72     90     98     97     92     82     65     55     42     23     16      8      7      6 
051      0      4      5     11     25     44     75    120    168    227    293    335    355    345    323    275    219    169    120     76     56     35     24     17 
052      0      2      2      3      5     13     19     33     48     69     81     97    103    101     90     82     64     44     32     21     13      6      6      4 
053      0      2      1      3      7     15     28     47     63     86    106    116    120    108    105     86     75     55     47     33     24     15      8      7 
054      0      4      4     12     20     33     58     90    130    186    235    285    296    283    265    219    168    118     94     68     53     27     17     13 
055      0      3      1      4      9     14     24     33     47     58     68     77     84     85     77     65     45     37     28     22     18     11      8      4 
056      0      6     10     17     38     64     99    147    215    288    347    382    394    374    336    289    242    185    129     87     50     29     14      6 
057      0      4      4     11     21     32     56     97    140    175    216    244    265    257    229    204    159    114     71     45     27     15      8      6 
058      0      7     10     19     30     48     78    120    187    258    322    376    411    404    378    324    271    221    150    106     66     45     28     21 
059      0      4      6     12     20     39     69    106    154    212    270    307    322    323    299    266    207    154    110     72     46     34     19      8 
060      0      6      7     17     34     53     84    121    182    245    311    345    361    360    335    290    256    196    147    103     62     45     30     20 
061      0      4      4      9     18     27     35     55     94    121    152    182    201    195    189    165    140    101     73     59     43     28     18      8 
062      0      2      2      4     11     21     36     58     86    114    130    146    163    160    145    124     97     75     49     32     16     10      7      5 
063      0      2      1      1      3      7     11     21     30     45     58     68     75     80     75     68     56     36     23     17     11      9      7      3 
064      0      4      4      7     15     20     28     37     53     71     96    109    119    120    116     94     76     61     43     31     19     14      9      7 
065      0      6      8     15     22     37     53     76    110    161    211    242    261    261    238    207    169    134    107     76     50     36     25     16 
066      0      6      9     15     25     32     52     88    117    156    186    221    234    228    201    169    148    105     73     57     46     26     11     12 
067      0      5      6      6      9     20     35     58     92    126    159    179    188    181    167    143    113     96     66     42     27     18      9      6 
068      0      3      6     14     22     34     56     91    128    171    225    251    283    280    249    211    173    125     87     60     37     29     13      9 
069      0      2      3      5      6     13     20     33     48     64     78     94     89     87     85     74     63     52     39     25     14     11      5      4 
070      0      5     10     17     30     56     94    142    189    266    305    354    364    356    342    296    235    175    123     80     53     41     26     22 
071      0      2      2      7     18     27     42     63     93    121    153    176    199    195    184    167    131    106     79     57     32     20     11      9 
072      0      6     12     27     46     77    123    189    273    356    441    508    544    537    500    427    338    265    196    130     82     53     28     17 
073      0      3      3      6      9     19     31     47     76    119    152    189    196    182    166    137    103     79     63     44     35     26     17     11 
074      0      4      6     18     37     61     91    148    221    292    348    391    417    414    389    344    281    209    147    105     72     54     39     28 
075      0      4      6     16     25     36     56     90    130    179    219    268    281    270    244    212    175    133    100     71     45     35     17     11 
076      0      2      3      7     11     20     36     51     77    109    144    176    188    189    164    140    123     93     67     49     28     18     14      7 
077      0      4      7     13     26     46     72    105    159    206    249    288    303    302    275    229    187    145    101     72     49     38     23     17 
078      0      4      6     10     20     35     49     77    127    160    209    252    266    269    258    217    164    127     90     67     42     25     18     16 
079      0      4      5      8     18     33     58     95    143    197    236    281    310    311    283    253    213    155    116     75     53     27     15     11 
080      0      2      0      1      4      5      7      9     19     23     29     33     36     36     34     29     25     21     15     12      8      6      6      2 
081      0      4      6     13     23     45     65    103    149    200    265    315    329    340    310    279    226    169    127     90     63     45     29     17 
082      0      3      4      7     11     16     31     42     67     87    107    123    135    134    125    110     89     70     50     34     20     15      8      3 
083      0      6      8     14     24     38     66    105    155    208    260    318    332    332    309    272    224    164    124     81     61     39     21     11 
084      0      4     10     13     22     34     52     76     95    146    181    221    238    233    210    191    149    118     87     59     31     18      7      6 
085      0      3      2      6     12     23     34     57     79    108    131    147    158    169    157    141    110     80     59     43     22     13      9      6 
086      0      5      6     10     20     36     66    105    142    182    232    281    297    296    270    256    207    152    118     73     52     31     22     12 
087      0      2      1      5     13     17     29     45     59     80     99    128    138    145    140    130    104     90     76     54     36     21     14     13 
088      0      2      1      2      6     11     22     30     35     49     66     78     85     76     77     67     55     45     34     26     18      8      3      1 
089      0      5      9     20     39     68    119    172    264    344    418    472    494    490    463    410    340    270    201    134     96     63     34     23 
090      0      6     11     25     40     59     95    139    193    275    352    425    453    433    402    347    277    212    157     93     65     40     26     13 
091      0      2      0      5     12     21     35     48     68    101    128    145    156    153    141    119     96     73     55     40     25     18     14      6 
092      0      4      3      9     17     39     62     88    132    175    218    253    273    266    242    213    172    123     89     70     43     24     18     12 
093      0      3      3      7     10     15     24     40     55     69     89    113    121    115    110     96     77     59     41     25     15      9      7      1 
094      0      5      4     13     24     42     74    118    170    216    266    317    350    354    328    282    230    183    135     90     61     48     33     23 
095      0      3      6     15     30     53     86    128    191    274    368    430    444    456    403    341    279    211    153    115     75     52     36     23 
096      0      3      3     12     25     45     81    135    202    270    334    382    418    435    404    361    289    218    148     89     66     35     20     13 
097      0      4      4     11     21     29     50     83    117    144    185    200    220    214    198    181    154    113     83     51     35     24     15     10 
098      0      4      4      8     12     16     21     35     50     69     87    100    114    123    112     98     77     58     39     27     22     11      7      4 
099      0      2      3      8     14     22     43     72    107    132    173    203    223    233    214    196    163    131    104     67     45     22     20     15 
100      0      9     17     30     43     68    112    163    224    308    372    438    451    446    403    331    281    218    146    103     66     45     32     19 
101      0      4      3      6      9     13     19     29     48     76    108    127    136    132    127    111     91     67     49     32     24     17     12      8 
102      0      4      4     10     17     29     50     78    112    165    209    251    281    273    244    208    165    122     92     69     47     23     11      9 
103      0      3      4      9     19     23     38     59     89    117    151    160    165    156    149    123    105     78     67     50     33     26     16      9 
104      0      4      3      4      8     15     32     50     82    113    148    179    194    194    176    155    125     99     71     50     32     22     17     11 
105      0      3      3      9     13     32     50     68     95    136    165    200    213    204    190    175    132    105     77     53     29     16     10      9 
106      0      4      5      9     15     29     55     89    136    176    214    256    279    268    253    208    170    129     93     57     34     22     15     12 
107      0      6      8     16     26     46     73    115    176    245    307    358    381    381    336    287    229    179    134     90     63     42     22     13 
108      0      3      7     12     22     42     58     73    105    146    179    207    229    226    209    171    136    103     73     49     34     19     12      9 
109      0      5      9     16     23     35     52     84    117    158    210    249    261    255    238    198    165    124     88     63     45     25     15     10 
110      0      3      2      5     11     21     41     72    110    151    193    222    224    219    196    161    131    105     69     44     27     17     13     11 
111      0      8     12     20     35     62     99    148    213    281    354    414    449    454    411    362    306    225    171    112     79     50     34     21 
112      0      6     12     22     38     57     93    131    197    260    317    372    398    390    353    301    233    183    127     91     59     39     16     10 
113      0      5     11     22     41     68    111    164    227    301    390    435    464    468    423    380    310    247    186    133     86     60     34     19 
114      0      2      0      1      2      4      9     11     14     17     27     28     32     33     35     32     26     22     13      7      2      2      2      2 
115      0      3      3      6     11     18     31     46     69     95    117    138    141    139    121    113     92     69     54     37     25     17      9      4 
116      0      3      5     12     21     34     48     72    101    137    165    186    196    188    169    155    122     96     67     51     36     30     18     13 
117      0      2      0      0      2      5     12     18     32     44     59     67     70     72     61     49     34     29     17     10      7      5      0      0 
118      0      5      7     14     21     42     69    109    172    232    275    302    321    320    290    256    193    146     99     66     43     25     18     11 
119      0      4      6     12     26     47     87    127    178    238    293    339    371    366    338    295    238    185    134     88     68     36     23     12 
120      0      5      5      5      7     10     20     36     57     79     90    103    109    106     93     79     65     47     38     27     16     11      4      2 
121      0      4      3      6     10     20     30     48     73     99    128    141    165    165    145    118     92     68     44     32     22      9      7      5 
122      0      3      4      9     24     46     85    140    192    250    309    359    384    388    343    303    246    191    142     96     71     45     28     17 
123      0      3      3      5     12     25     40     69     98    138    171    195    211    212    195    179    149    120     93     64     40     31     20     13 
124      0      3      5     15     24     42     72    106    178    237    309    355    376    395    367    320    267    214    164    114     76     53     37     24 
125      0      3      4      9     18     28     57     87    125    172    213    249    264    271    237    195    148    111     77     53     31     20     10      8 
126      0      6      7     19     36     67    108    157    217    302    367    419    450    419    398    352    291    215    147    103     66     47     32     20 
127      0      2      0      5     17     35     56     80    121    166    195    223    240    237    203    163    136    106     80     52     39     24     16      8 
128      0      3      3      6     14     25     39     62     80    113    139    163    169    157    149    118     98     72     57     42     31     23     13     11 
129      0      5      4     12     24     47     74    116    174    232    301    351    361    357    323    280    224    166    116     83     56     29     22     15 
130      0      2      0      0      3      4      6     11     18     28     38     45     44     45     43     38     34     24     16     11      7      6      4      4 
131      0      4      3      7     11     24     44     72    102    130    168    189    199    203    190    166    119     90     65     51     29     10      6      4 
132      0      5     11     20     39     68    105    162    228    317    394    442    466    455    426    372    303    232    175    116     81     53     32     18 
133      0      3      4      9     17     30     56     88    116    147    189    210    214    216    208    178    151    116     86     55     40     23     17     12 
134      0      3      5     13     23     40     63    111    164    219    251    268    286    278    257    217    167    129     93     63     43     28     22     13 
135      0      4      4      9     17     25     42     62     94    129    168    194    215    211    210    181    152    118     83     57     31     17     10      7 
136      0      3      2      4      8     16     31     49     75     96    135    158    171    173    162    137    107     83     53     42     23     14     11      6 
137      0      4      7     13     22     45     77    116    164    220    281    341    376    380    349    306    236    195    143     92     57     38     21     13 
138      0      2      3      5      9     19     32     49     67     89    112    122    129    129    113     95     78     60     43     27     20     14     10      8 
139      0      4      5      6     11     23     36     64    107    154    203    242    258    256    235    193    158    125     84     60     35     22     13     10 
140      0      2      2      7     13     22     38     64     91    123    158    191    207    197    182    157    124     97     71     48     35     20     15      8 
141      0      2      3      4      9     16     33     46     64     88    110    134    145    146    139    125    102     74     52     44     26     18      9      5 
142      0      3      3      6     12     16     26     47     69     92    122    135    138    137    130    109     83     67     50     33     19     11      6      4 
143      0      4      3      6     12     20     34     49     64     97    129    166    177    176    162    134    108     82     57     39     22     13      6      4 
144      0      4      5     10     15     25     47     73    111    157    183    201    215    217    197    176    140    105     84     58     39     31     15     12 
145      0      2      1      6      9     13     22     31     43     63     85    101    112    110     96     86     82     60     44     32     20     11      6      5 
146      0      2      2      6     11     19     31     49     66     85    105    122    140    137    124    116     96     74     55     38     21     16     11      5 
147      0      4      8     14     29     46     69    102    145    184    235    267    278    282    263    225    179    144    111     85     61     40     26     16 
148      0      3      3      8     14     24     43     66    100    133    167    187    202    202    190    164    131    104     77     54     34     24     14      8 
149      0      5      6      8     11     19     26     40     62     86    106    121    132    136    133    113     88     69     49     37     24     17     11      9 
150      0      2      2      4      7     13     18     31     47     68     92    102    111    109    112     98     83     71     48     37     21     12      8      9 
151      0      3      6     12     29     54     94    143    210    295    378    450    504    497    444    384    304    242    174    119     84     54     36     26 
152      0      3      2      5     11     14     26     48     71     98    133    149    146    142    129    113     91     65     56     38     19     13      8      5 
153      0      3      5     14     28     47     78    130    183    253    313    358    384    372    348    307    246    181    133     91     68     41     24     11 
154      0      2      1      3      9     22     41     71    109    143    185    207    230    216    193    167    127     92     65     44     27     17     10      2 
155      0      6      9     18     28     53     94    147    207    281    366    429    465    476    441    389    314    254    189    125     89     56     34     22 
156      0      2      1      6      9     18     37     55     75    100    119    137    156    150    147    132    102     79     59     35     26     15     11      9 
157      0      4      4     11     16     29     46     75    113    152    201    234    254    251    216    183    143    110     82     62     39     26     14      9 
158      0      3      4      5     10     19     29     45     63     89     94    106    112    120    107     94     78     63     45     26     20     13      5      3 
159      0      6      7     10     15     26     47     67     92    128    163    191    207    216    206    180    151    117     83     62     46     20     12      8 
160      0      7     13     26     54     90    148    221    321    430    551    635    665    655    612    544    448    327    249    166    113     74     39     25 
161      0      4      2      3      7     12     15     29     44     61     77     89     99     99     86     74     61     51     37     28     19     15     10      4 
162      0      3      5     13     24     41     64     99    141    198    247    291    318    319    281    248    199    163    127     89     58     41     21     13 
163      0      4      5      9     16     25     39     62     93    127    166    202    225    230    221    194    163    137    111     78     49     35     18     13 
164      0      2      1      3      6     14     20     32     49     64     82     99    103    111     98     78     67     49     33     24     14     10      5      5 
165      0      3      3      5     14     24     39     65     97    127    169    186    203    212    202    188    158    117     81     61     44     25     13      8 
166      0      3      3     11     25     42     68    103    147    196    260    310    334    322    298    255    209    158    116     75     47     34     23     16 
167      0      5     13     19     26     52     85    120    183    250    302    352    361    344    316    279    224    173    137     91     60     45     28     22 
168      0      6      6     12     18     34     55     87    130    190    235    258    269    273    251    202    167    135    100     72     51     28     17     10 
169      0      4      2      2      5      8     12     23     35     50     71     78     85     77     73     64     58     46     39     27     20     13     10      9 
170      0      4      3      7      8     15     24     40     61     79     99    124    129    123    116    104     80     60     46     27     18     11      4      3 
171      0      4     10     16     32     61    100    150    210    265    321    378    429    427    413    357    291    223    157    112     74     41     25     12 
172      0      3      5     12     25     42     77    116    180    255    315    349    371    366    330    287    233    192    152    109     74     49     32     19 
173      0      3      3      5     10     13     20     35     45     63     87    106    108     99     92     81     66     44     28     17     12      3      1      1 
174      0      2      0      2      6      9     15     28     41     48     60     72     77     76     68     58     50     40     30     19     15     11      8      5 
175      0      2      2      6     15     21     35     56     77     99    125    145    151    153    136    122    102     78     55     44     34     24     13      9 
176      0      3      3      8     20     32     48     74    117    150    180    222    231    238    210    180    162    121     81     56     35     22     18     11 
177      0      4      6     13     19     32     57     84    124    179    211    252    271    266    246    201    171    129     98     62     38     25     16     13 
178      0      3      3      8     18     25     41     67     90    126    161    180    198    196    196    166    132     99     79     59     42     26     17      9 
179      0      4      6      9     16     28     46     81    119    154    190    237    248    255    232    190    153    116     83     64     47     30     22     12 
180      0      3      2      4      9     24     37     60     85    114    143    162    167    159    151    134    105     77     58     40     23     14     11      5 
181      0      2      2      5     11     18     34     51     82    112    146    164    179    172    162    143    121     91     67     47     30     20     10      7 
182      0      4      8     16     32     55     79    117    169    237    310    362    376    377    350    312    250    204    154    113     78     55     32     18 
183      0      2      0      1      2      4      7     11     22     30     37     37     39     43     40     41     35     28     21     12      7      0      0      0 
184      0      3      3     10     18     33     54     84    129    178    220    251    253    258    239    218    187    144    107     75     47     27     21     12 
185      0      4      5     14     28     42     69    118    181    236    294    340    373    359    339    301    241    183    132     85     59     40     25     18 
186      0      4      7     12     26     41     72    109    162    202    225    268    274    276    245    212    180    135    104     73     47     32     22     12 
187      0      7     10     19     25     49     87    123    171    231    288    324    344    356    321    283    231    180    139    100     60     42     27     17 
188      0      4      4      9     16     25     46     66    111    169    219    272    283    283    261    227    169    134     92     67     43     25     17     10 
189      0      4      4     10     19     30     58     90    125    170    200    230    230    220    207    178    132    111     84     50     40     25     17     14 
190      0      4      3      8     17     34     58     85    109    140    173    197    204    208    186    149    130    101     68     48     32     14     10      4 
191      0      4      7     15     21     38     64     98    150    217    270    306    314    309    291    263    206    158    128     96     65     48     29     17 
192      0      4      6     15     20     35     55     84    131    171    211    248    264    267    262    216    183    139    103     72     48     29     23     15 
193      0      4      9     16     30     46     75    122    179    245    296    335    363    374    349    299    239    185    129     89     57     32     15      9 
194      0      3      3      7     12     20     33     41     61     85    105    127    129    114    108     83     63     47     38     28     18     13     10      6 
195      0      6     12     22     46     81    131    199    276    358    434    475    489    479    456    408    340    256    180    129     85     60     38     25 
196      0      3      1      3      4     10     13     21     31     45     50     58     64     60     60     55     42     33     25     13     10      5      4      4 
197      0      3      6      8     16     28     43     63     98    139    167    197    217    209    198    169    148    115     83     48     33     20     13      8 
198      0      3      4      7     10     18     29     45     69     96    124    146    158    168    162    140    118     82     58     49     37     23     16     14 
199      0      2      3      8     16     31     56     77    110    142    183    202    226    214    192    172    141    112     88     65     43     29     22     12 
