000 654214 654209 654205 654194 654179 654154 654105 654046 653981 653907 653804 653704 653636 653590 653556 653535 653524 653519 653517 653516 653515 653514 653511 653510 
001 654214 654211 654204 654194 654178 654148 654108 654055 653987 653902 653811 653729 653661 653605 653574 653550 653530 653522 653520 653518 653518 653516 653515 653515 
002 654214 654213 654210 654207 654202 654191 654176 654158 654135 654097 654062 654026 653986 653965 653951 653947 653944 653944 653944 653944 653942 653942 653940 653940 
003 654214 654213 654209 654204 654197 654182 654168 654136 654108 654063 654013 653971 653938 653912 653897 653889 653886 653884 653884 653884 653884 653884 653884 653884 
004 654214 654214 654213 654206 654203 654196 654183 654168 654141 654111 654081 654036 654009 653986 653979 653974 653970 653970 653970 653970 653970 653970 653968 653967 
005 654214 654213 654209 654204 654197 654182 654168 654136 654108 654063 654013 653971 653938 653912 653897 653889 653886 653884 653884 653884 653884 653884 653884 653884 
006 654214 654212 654207 654201 654183 654148 654105 654033 653942 653830 653718 653623 653538 653469 653429 653412 653398 653389 653386 653385 653383 653382 653380 653379 
007 654214 654214 654213 654211 654206 654197 654184 654168 654138 654104 654073 654052 654023 654002 653990 653987 653983 653983 653983 653983 653982 653982 653982 653982 
008 654214 654213 654210 654207 654201 654188 654166 654141 654116 654086 654055 654020 653996 653979 653963 653959 653959 653956 653955 653955 653955 653955 653955 653955 
009 654214 654212 654211 654208 654202 654189 654173 654138 654103 654056 654006 653951 653921 653894 653881 653873 653869 653867 653866 653865 653864 653864 653864 653864 
010 654214 654210 654206 654195 654179 654159 654125 654071 654005 653934 653859 653778 653723 653674 653651 653629 653623 653622 653620 653618 653615 653615 653615 653615 
011 654214 654212 654210 654208 654199 654188 654167 654144 654111 654074 654033 653999 653968 653942 653927 653923 653920 653918 653918 653918 653918 653918 653918 653918 
012 654214 654213 654211 654206 654195 654183 654162 654128 654085 654052 653984 653931 653890 653856 653842 653837 653833 653831 653831 653829 653829 653828 653828 653827 
013 654214 654212 654208 654204 654195 654175 654147 654111 654069 653996 653943 653881 653839 653804 653781 653766 653759 653758 653754 653753 653753 653752 653751 653750 
014 654214 654214 654212 654210 654206 654198 654191 654179 654159 654134 654116 654101 654080 654068 654061 654055 654054 654054 654054 654054 654054 654054 654053 654053 
015 654214 654212 654209 654206 654201 654191 654178 654155 654124 654103 654076 654050 654028 654003 653989 653981 653975 653972 653972 653972 653972 653972 653972 653972 
016 654214 654214 654214 654210 654204 654198 654183 654165 654130 654093 654057 654026 654001 653994 653984 653977 653971 653968 653968 653967 653967 653967 653967 653966 
017 654214 654212 654206 654194 654177 654147 654104 654047 653968 653879 653767 653676 653591 653536 653501 653477 653464 653458 653457 653456 653454 653454 653454 653454 
018 654214 654213 654208 654200 654184 654163 654124 654081 654022 653947 653879 653806 653741 653699 653667 653652 653642 653636 653635 653635 653635 653633 653633 653632 
019 654214 654213 654213 654209 654204 654201 654194 654187 654177 654170 654159 654151 654142 654135 654133 654130 654129 654129 654129 654129 654129 654129 654129 654128 
020 654214 654212 654208 654197 654187 654174 654157 654130 654088 654030 653982 653936 653891 653861 653837 653821 653817 653815 653815 653815 653814 653813 653813 653813 
021 654214 654213 654206 654202 654194 654174 654152 654115 654072 654009 653942 653875 653810 653770 653748 653729 653724 653720 653716 653716 653716 653715 653714 653713 
022 654214 654214 654212 654208 654203 654195 654178 654161 654132 654094 654056 654026 653990 653972 653964 653956 653953 653951 653950 653950 653950 653950 653950 653949 
023 654214 654211 654207 654202 654190 654180 654150 654105 654051 653991 653923 653854 653793 653763 653743 653728 653727 653721 653718 653716 653716 653714 653713 653712 
024 654214 654211 654208 654204 654194 654182 654157 654124 654082 654033 653976 653916 653876 653835 653809 653800 653791 653790 653790 653790 653788 653788 653788 653788 
025 654214 654213 654212 654211 654201 654190 654173 654150 654117 654078 654040 653998 653972 653953 653938 653926 653918 653916 653915 653914 653914 653914 653914 653913 
026 654214 654213 654209 654200 654188 654163 654124 654068 653980 653896 653817 653730 653665 653612 653577 653562 653547 653541 653537 653537 653537 653537 653537 653537 
027 654214 654214 654210 654206 654201 654193 654173 654149 654116 654078 654038 653990 653970 653956 653944 653931 653929 653929 653928 653927 653927 653927 653927 653925 
028 654214 654212 654210 654207 654205 654195 654184 654164 654136 654111 654081 654064 654048 654032 654023 654020 654017 654015 654015 654015 654015 654014 654014 654014 
029 654214 654214 654214 654214 654212 654210 654206 654203 654194 654184 654175 654167 654157 654150 654146 654145 654145 654145 654145 654145 654145 654145 654145 654145 
030 654214 654211 654206 654193 654177 654143 654105 654041 653968 653863 653747 653649 653554 653486 653444 653414 653404 653403 653401 653400 653400 653399 653398 653398 
031 654214 654213 654209 654201 654193 654179 654151 654122 654080 654029 653977 653927 653897 653856 653831 653819 653812 653809 653807 653805 653805 653805 653805 653805 
032 654214 654213 654212 654206 654200 654187 654176 654158 654132 654095 654064 654032 654004 653984 653970 653963 653959 653957 653955 653955 653955 653954 653954 653954 
033 654214 654209 654205 654192 654175 654151 654121 654074 653992 653903 653802 653718 653650 653593 653564 653546 653535 653532 653532 653531 653531 653530 653530 653529 
034 654214 654213 654210 654204 654194 654185 654164 654130 654081 654035 653994 653945 653907 653881 653867 653857 653854 653851 653851 653850 653849 653849 653849 653849 
035 654214 654211 654204 654191 654168 654138 654090 654007 653913 653811 653679 653570 653469 653404 653361 653332 653325 653322 653321 653321 653319 653318 653318 653318 
036 654214 654214 654212 654206 654202 654194 654177 654158 654129 654090 654062 654033 654005 653985 653977 653968 653965 653964 653962 653962 653962 653962 653962 653961 
037 654214 654211 654207 654205 654199 654187 654169 654150 654119 654082 654038 653994 653962 653936 653922 653912 653911 653908 653907 653905 653904 653904 653904 653903 
038 654214 654214 654214 654213 654211 654208 654204 654196 654187 654175 654168 654163 654155 654154 654151 654150 654149 654149 654149 654149 654149 654149 654149 654149 
039 654214 654211 654210 654208 654196 654180 654153 654127 654090 654036 653978 653923 653876 653833 653820 653812 653808 653804 653804 653804 653804 653802 653800 653799 
040 654214 654212 654209 654202 654198 654192 654179 654162 654133 654106 654077 654051 654029 654017 654006 653998 653993 653992 653990 653990 653990 653990 653990 653990 
041 654214 654214 654212 654208 654195 654183 654160 654133 654093 654050 654008 653971 653934 653912 653901 653892 653886 653883 653882 653881 653880 653879 653879 653879 
042 654214 654214 654212 654207 654202 654196 654186 654174 654152 654137 654110 654093 654069 654052 654046 654043 654042 654042 654042 654042 654042 654041 654041 654041 
043 654214 654213 654212 654210 654206 654197 654188 654178 654156 654133 654108 654081 654061 654044 654034 654031 654027 654026 654026 654026 654026 654026 654026 654026 
044 654214 654213 654211 654210 654201 654192 654175 654146 654120 654091 654058 654028 653995 653981 653968 653961 653960 653958 653956 653956 653956 653956 653956 653956 
045 654214 654213 654211 654210 654206 654199 654186 654176 654159 654128 654109 654092 654071 654057 654045 654036 654035 654035 654035 654034 654034 654034 654034 654034 
046 654214 654212 654209 654205 654202 654190 654176 654164 654126 654098 654058 654019 653984 653966 653956 653948 653943 653941 653940 653940 653940 653940 653940 653940 
047 654214 654214 654212 654206 654193 654175 654143 654096 654030 653946 653858 653784 653732 653688 653655 653637 653625 653621 653618 653618 653618 653617 653615 653614 
048 654214 654213 654210 654206 654199 654189 654172 654148 654120 654083 654037 653994 653970 653944 653922 653909 653904 653902 653901 653900 653899 653899 653898 653898 
049 654214 654212 654209 654201 654185 654154 654115 654066 653992 653918 653829 653761 653706 653646 653607 653582 653573 653571 653571 653570 653570 653570 653569 653569 
050 654214 654214 654213 654212 654210 654205 654196 654188 654176 654159 654133 654110 654094 654085 654077 654070 654069 654069 654068 654068 654068 654068 654067 654067 
051 654214 654212 654209 654203 654188 654169 654137 654089 654033 653959 653878 653808 653740 653704 653678 653664 653655 653650 653650 653649 653648 653648 653648 653646 
052 654214 654214 654212 654211 654208 654200 654194 654179 654161 654138 654117 654093 654076 654063 654058 654053 654051 654049 654049 654049 654049 654049 654048 654048 
053 654214 654214 654213 654211 654207 654198 654185 654166 654147 654122 654097 654075 654055 654046 654036 654034 654028 654027 654025 654025 654025 654025 654025 654025 
054 654214 654212 654210 654202 654194 654180 654153 654116 654073 654007 653945 653877 653836 653808 653782 653773 653768 653766 653764 653763 653763 653762 653762 653762 
055 654214 654213 654213 654210 654205 654198 654188 654178 654161 654144 654125 654116 654097 654088 654081 654078 654077 654075 654075 654075 654074 654074 654074 654074 
056 654214 654210 654204 654197 654175 654148 654112 654056 653980 653884 653800 653720 653669 653627 653601 653581 653574 653569 653568 653568 653568 653568 653568 653568 
057 654214 654212 654210 654203 654193 654180 654156 654115 654063 654016 653961 653910 653861 653836 653817 653804 653802 653800 653800 653800 653799 653799 653798 653798 
058 654214 654209 654204 654195 654183 654165 654130 654076 654006 653927 653846 653767 653693 653650 653605 653591 653580 653577 653575 653574 653574 653574 653574 653573 
059 654214 654212 654208 654202 654194 654175 654144 654102 654046 653978 653902 653832 653781 653744 653721 653709 653701 653693 653692 653692 653692 653692 653692 653691 
060 654214 654210 654207 654197 654179 654159 654127 654087 654020 653944 653854 653783 653715 653675 653639 653624 653609 653605 653605 653605 653604 653603 653600 653600 
061 654214 654212 654210 654205 654196 654187 654178 654150 654108 654074 654034 653993 653955 653936 653916 653906 653902 653900 653898 653898 653898 653897 653897 653897 
062 654214 654214 654212 654210 654203 654192 654177 654155 654123 654088 654058 654027 653995 653983 653972 653969 653967 653964 653964 653964 653964 653964 653964 653964 
063 654214 654214 654213 654213 654211 654207 654202 654192 654182 654164 654147 654132 654118 654104 654100 654097 654095 654094 654093 654093 654093 654092 654092 654092 
064 654214 654212 654210 654207 654199 654193 654183 654171 654154 654134 654104 654081 654057 654043 654032 654028 654026 654026 654026 654026 654025 654025 654025 654025 
065 654214 654210 654206 654199 654192 654177 654158 654130 654086 654029 653968 653919 653881 653846 653825 653814 653808 653805 653802 653802 653802 653802 653801 653801 
066 654214 654210 654205 654199 654189 654180 654157 654119 654081 654036 653989 653941 653901 653877 653853 653847 653840 653839 653838 653838 653838 653838 653838 653835 
067 654214 654211 654208 654207 654203 654192 654176 654151 654113 654075 654036 654003 653972 653955 653938 653933 653932 653929 653929 653929 653929 653927 653927 653927 
068 654214 654213 654208 654200 654192 654179 654155 654119 654073 654020 653955 653907 653850 653813 653792 653785 653781 653778 653778 653778 653778 653777 653777 653776 
069 654214 654214 654211 654209 654208 654201 654194 654180 654159 654143 654126 654104 654091 654083 654070 654064 654063 654062 654062 654062 654062 654062 654062 654062 
070 654214 654211 654204 654197 654184 654157 654116 654064 654007 653921 653855 653776 653719 653676 653645 653632 653623 653621 653618 653617 653617 653617 653616 653616 
071 654214 654214 654212 654207 654196 654187 654170 654144 654108 654073 654031 653993 653954 653931 653910 653901 653898 653896 653895 653895 653895 653895 653894 653893 
072 654214 654210 654202 654187 654168 654134 654085 654013 653912 653813 653706 653596 653510 653446 653398 653377 653359 653352 653348 653347 653346 653346 653346 653346 
073 654214 654213 654211 654208 654205 654194 654181 654164 654131 654080 654042 653997 653977 653961 653943 653938 653935 653930 653927 653927 653925 653925 653924 653924 
074 654214 654212 654208 654196 654177 654153 654120 654061 653978 653890 653811 653726 653649 653603 653566 653546 653534 653531 653530 653528 653526 653526 653525 653524 
075 654214 654212 654208 654198 654189 654178 654156 654117 654070 654016 653963 653902 653860 653839 653817 653805 653795 653792 653791 653790 653789 653789 653789 653789 
076 654214 654214 654211 654207 654203 654194 654176 654160 654130 654092 654047 654005 653976 653953 653943 653935 653932 653932 653931 653931 653931 653931 653931 653931 
077 654214 654212 654207 654201 654188 654167 654137 654100 654040 653985 653928 653865 653810 653771 653751 653734 653731 653726 653725 653725 653724 653723 653721 653721 
078 654214 654212 654208 654204 654194 654179 654164 654134 654077 654040 653981 653918 653876 653849 653820 653803 653801 653801 653799 653799 653798 653798 653797 653796 
079 654214 654212 654209 654206 654196 654179 654154 654114 654065 654004 653947 653885 653823 653792 653763 653749 653747 653744 653743 653743 653742 653742 653742 653740 
080 654214 654214 654214 654213 654210 654208 654206 654202 654192 654186 654180 654172 654165 654159 654157 654156 654155 654155 654153 654153 654153 654153 654153 654153 
081 654214 654212 654208 654201 654190 654167 654144 654103 654050 653987 653911 653836 653791 653741 653715 653700 653688 653688 653687 653685 653685 653684 653683 653683 
082 654214 654213 654210 654207 654203 654197 654180 654165 654139 654111 654084 654064 654039 654019 654009 654002 654002 654000 653999 653999 653999 653999 653999 653999 
083 654214 654210 654206 654200 654190 654173 654142 654098 654040 653980 653914 653834 653787 653741 653712 653696 653689 653684 653684 653684 653684 653684 653683 653683 
084 654214 654212 654204 654201 654192 654178 654158 654131 654104 654047 654003 653950 653911 653879 653865 653858 653854 653854 653852 653852 653852 653852 653852 653851 
085 654214 654213 654212 654207 654201 654190 654177 654152 654128 654096 654058 654031 654002 653976 653962 653952 653945 653945 653944 653944 653944 653944 653943 653943 
086 654214 654211 654208 654204 654192 654176 654144 654103 654060 654010 653942 653873 653822 653782 653756 653736 653730 653728 653727 653727 653726 653726 653726 653726 
087 654214 654214 654213 654209 654201 654197 654185 654168 654148 654121 654094 654054 654032 654014 653996 653984 653982 653980 653979 653979 653979 653979 653979 653978 
088 654214 654214 654213 654212 654208 654203 654192 654182 654171 654154 654135 654119 654104 654093 654083 654080 654079 654076 654076 654076 654076 654076 654076 654076 
089 654214 654211 654205 654194 654174 654143 654087 654028 653923 653828 653725 653622 653537 653478 653435 653406 653392 653389 653387 653386 653386 653385 653384 653383 
090 654214 654210 654203 654189 654174 654152 654112 654063 653999 653896 653795 653694 653629 653583 653546 653529 653519 653516 653515 653514 653512 653510 653510 653510 
091 654214 654214 654214 654209 654202 654193 654179 654162 654137 654099 654062 654032 654003 653982 653969 653965 653961 653961 653960 653960 653960 653960 653960 653960 
092 654214 654212 654211 654205 654197 654174 654150 654118 654070 654015 653952 653905 653864 653834 653814 653798 653793 653791 653791 653791 653791 653791 653791 653791 
093 654214 654213 654211 654207 654204 654198 654187 654170 654152 654134 654109 654075 654058 654048 654035 654028 654028 654028 654028 654028 654027 654027 654027 654027 
094 654214 654211 654210 654201 654190 654171 654137 654091 654033 653975 653902 653824 653756 653716 653689 653677 653667 653662 653660 653660 653660 653659 653657 653656 
095 654214 654213 654208 654199 654184 654161 654126 654079 654010 653915 653800 653707 653639 653582 653554 653539 653523 653519 653517 653515 653515 653515 653513 653513 
096 654214 654213 654211 654202 654188 654167 654130 654076 654004 653921 653833 653749 653667 653602 653561 653541 653532 653530 653529 653529 653528 653528 653526 653526 
097 654214 654212 654210 654203 654193 654184 654161 654125 654088 654047 653995 653958 653916 653895 653871 653855 653849 653849 653849 653849 653849 653848 653847 653847 
098 654214 654212 654210 654206 654202 654198 654192 654177 654160 654137 654116 654094 654069 654052 654044 654043 654043 654041 654041 654041 654041 654041 654041 654041 
099 654214 654214 654211 654206 654199 654191 654170 654138 654100 654070 654018 653970 653928 653896 653882 653873 653868 653863 653863 653863 653863 653863 653861 653861 
100 654214 654207 654197 654184 654170 654144 654093 654036 653963 653866 653776 653673 653606 653559 653527 653507 653491 653488 653485 653483 653481 653481 653479 653478 
101 654214 654212 654211 654208 654204 654200 654194 654181 654159 654125 654090 654064 654045 654035 654021 654017 654011 654011 654011 654010 654010 654010 654009 654009 
102 654214 654212 654210 654204 654197 654185 654163 654133 654093 654035 653982 653925 653877 653854 653833 653822 653818 653816 653815 653814 653814 653814 653813 653812 
103 654214 654213 654210 654205 654195 654187 654172 654148 654115 654081 654042 654012 653988 653970 653958 653951 653943 653943 653941 653940 653940 653940 653940 653940 
104 654214 654212 654211 654210 654206 654198 654181 654162 654126 654087 654046 654006 653971 653949 653931 653926 653924 653920 653919 653919 653919 653919 653919 653919 
105 654214 654213 654211 654205 654201 654181 654161 654142 654115 654065 654023 653973 653939 653916 653902 653888 653884 653883 653883 653883 653883 653883 653883 653883 
106 654214 654212 654209 654205 654198 654184 654158 654122 654072 654019 653968 653911 653866 653839 653820 653812 653807 653804 653802 653802 653802 653802 653802 653800 
107 654214 654210 654206 654198 654188 654168 654136 654090 654025 653944 653868 653790 653731 653679 653651 653638 653629 653626 653624 653624 653623 653621 653621 653620 
108 654214 654213 654207 654202 654192 654172 654153 654136 654096 654044 653996 653946 653907 653879 653862 653858 653855 653852 653849 653849 653849 653849 653849 653848 
109 654214 654211 654205 654198 654191 654177 654158 654124 654085 654039 653979 653923 653889 653866 653843 653832 653825 653821 653820 653819 653819 653818 653818 653817 
110 654214 654213 654212 654209 654203 654193 654172 654139 654099 654050 654003 653952 653924 653902 653885 653879 653873 653870 653869 653869 653869 653869 653869 653869 
111 654214 654208 654202 654194 654179 654151 654112 654058 653980 653896 653802 653716 653641 653587 653552 653531 653520 653514 653511 653511 653511 653510 653509 653508 
112 654214 654210 654202 654191 654175 654156 654119 654071 653994 653912 653835 653747 653690 653643 653617 653598 653595 653589 653587 653587 653587 653587 653587 653587 
113 654214 654211 654203 654192 654172 654142 654098 654039 653961 653874 653760 653668 653592 653533 653497 653468 653454 653449 653447 653447 653447 653446 653446 653445 
114 654214 654214 654214 654213 654212 654210 654205 654202 654198 654195 654184 654180 654173 654168 654164 654163 654163 654162 654162 654162 654162 654162 654162 654162 
115 654214 654213 654211 654208 654203 654195 654181 654166 654140 654108 654077 654049 654028 654008 654002 653992 653990 653989 653988 653988 653988 653988 653988 653987 
116 654214 654213 654209 654202 654193 654178 654163 654138 654107 654059 654022 653982 653958 653933 653918 653906 653902 653899 653899 653898 653897 653897 653897 653896 
117 654214 654214 654214 654214 654212 654209 654202 654196 654181 654167 654151 654135 654127 654117 654115 654114 654113 654112 654112 654112 654112 654112 654112 654112 
118 654214 654211 654207 654200 654190 654169 654141 654099 654032 653961 653901 653846 653787 653751 653725 653713 653708 653704 653702 653702 653702 653702 653701 653701 
119 654214 654212 654208 654202 654188 654167 654125 654079 654021 653947 653876 653796 653732 653688 653661 653645 653635 653632 653630 653630 653630 653630 653628 653628 
120 654214 654211 654209 654209 654207 654203 654192 654175 654153 654127 654111 654093 654075 654061 654055 654049 654045 654044 654043 654043 654043 654043 654043 654043 
121 654214 654212 654211 654208 654204 654193 654183 654163 654138 654104 654065 654040 654001 653979 653969 653961 653958 653957 653956 653956 653956 653956 653956 653956 
122 654214 654213 654210 654205 654190 654168 654127 654070 654011 653935 653848 653771 653704 653651 653619 653597 653590 653585 653585 653585 653585 653585 653584 653583 
123 654214 654213 654211 654208 654201 654188 654172 654140 654107 654062 654018 653978 653947 653915 653904 653891 653885 653884 653884 653884 653884 653882 653880 653880 
124 654214 654213 654209 654199 654190 654172 654139 654101 654023 653952 653867 653794 653736 653677 653641 653621 653617 653614 653614 653614 653614 653613 653613 653612 
125 654214 654213 654210 654205 654196 654185 654156 654124 654082 654028 653978 653924 653884 653849 653831 653827 653823 653821 653818 653818 653818 653818 653818 653817 
126 654214 654210 654207 654195 654178 654147 654101 654049 653981 653877 653781 653690 653619 653575 653538 653515 653507 653502 653501 653500 653500 653499 653498 653498 
127 654214 654214 654214 654209 654197 654179 654157 654132 654085 654033 653986 653935 653890 653862 653851 653841 653837 653835 653834 653834 653834 653834 653833 653833 
128 654214 654213 654211 654208 654200 654189 654174 654146 654125 654087 654052 654018 653993 653979 653967 653961 653960 653957 653956 653955 653955 653955 653955 653954 
129 654214 654211 654210 654201 654189 654165 654134 654086 654021 653954 653871 653793 653744 653695 653672 653653 653649 653646 653645 653645 653644 653643 653643 653642 
130 654214 654214 654214 654214 654211 654210 654208 654203 654196 654184 654170 654161 654153 654149 654144 654140 654139 654139 654139 654139 654139 654139 654139 654139 
131 654214 654212 654211 654207 654203 654190 654170 654142 654108 654070 654022 653985 653955 653929 653913 653901 653899 653898 653897 653896 653896 653896 653896 653896 
132 654214 654211 654203 654194 654175 654144 654101 654039 653964 653854 653750 653660 653593 653534 653496 653471 653462 653456 653454 653454 653451 653451 653451 653450 
133 654214 654213 654210 654205 654197 654182 654154 654121 654090 654049 653995 653945 653910 653881 653860 653853 653846 653844 653842 653842 653841 653841 653839 653839 
134 654214 654213 654209 654201 654190 654172 654145 654095 654039 653978 653920 653870 653821 653794 653769 653757 653752 653748 653747 653746 653745 653745 653745 653745 
135 654214 654212 654210 654205 654197 654187 654169 654146 654112 654071 654017 653975 653937 653912 653884 653875 653870 653869 653869 653869 653869 653869 653869 653869 
136 654214 654213 654212 654210 654206 654198 654183 654164 654135 654107 654065 654031 654000 653978 653969 653963 653961 653957 653957 653955 653955 653955 653955 653955 
137 654214 654212 654207 654201 654192 654168 654136 654092 654035 653971 653892 653801 653728 653680 653660 653643 653636 653632 653631 653631 653631 653631 653630 653630 
138 654214 654214 654211 654209 654205 654195 654181 654162 654141 654111 654083 654064 654044 654028 654018 654016 654011 654010 654010 654010 654010 654009 654009 654009 
139 654214 654212 654209 654208 654202 654190 654177 654147 654100 654047 653987 653933 653894 653861 653849 653844 653838 653838 653837 653837 653837 653834 653834 653834 
140 654214 654214 654212 654207 654201 654192 654175 654146 654115 654072 654030 653988 653950 653931 653916 653907 653903 653899 653898 653898 653897 653897 653897 653897 
141 654214 654214 654211 654210 654204 654197 654179 654165 654147 654119 654088 654056 654032 654017 654004 653999 653997 653996 653996 653996 653996 653996 653996 653996 
142 654214 654213 654211 654208 654202 654198 654187 654164 654139 654111 654076 654055 654034 654012 654003 653998 653991 653988 653988 653988 653988 653988 653988 653988 
143 654214 654212 654211 654208 654201 654193 654179 654161 654141 654103 654059 654013 653987 653972 653958 653955 653952 653950 653950 653949 653949 653949 653949 653949 
144 654214 654212 654209 654204 654197 654187 654165 654137 654099 654043 654003 653967 653938 653910 653894 653882 653875 653872 653869 653868 653868 653866 653866 653864 
145 654214 654214 654213 654208 654205 654201 654192 654183 654168 654148 654122 654104 654088 654074 654070 654063 654055 654054 654054 654054 654054 654054 654054 654052 
146 654214 654214 654212 654208 654203 654195 654182 654164 654143 654120 654092 654064 654034 654015 654009 654001 653995 653994 653991 653991 653991 653991 653991 653991 
147 654214 654212 654206 654200 654185 654167 654142 654105 654055 654005 653939 653881 653837 653801 653782 653771 653765 653759 653758 653758 653758 653758 653758 653756 
148 654214 654213 654211 654206 654200 654189 654169 654144 654106 654061 654023 653990 653953 653924 653909 653899 653897 653895 653893 653892 653892 653891 653891 653891 
149 654214 654211 654208 654206 654202 654193 654183 654166 654141 654114 654086 654053 654029 654010 653998 653991 653984 653981 653980 653980 653979 653979 653979 653979 
150 654214 654214 654212 654210 654207 654200 654194 654180 654161 654137 654109 654094 654073 654060 654051 654046 654039 654037 654037 654037 654037 654037 654037 654036 
151 654214 654213 654208 654202 654185 654160 654120 654066 653990 653892 653786 653681 653582 653524 653489 653467 653460 653451 653451 653449 653447 653446 653445 653444 
152 654214 654213 654212 654209 654203 654198 654186 654164 654139 654107 654069 654044 654027 654008 653994 653986 653984 653984 653983 653983 653983 653983 653983 653981 
153 654214 654213 654209 654200 654185 654166 654133 654079 654022 653941 653860 653790 653725 653688 653658 653638 653631 653626 653625 653624 653624 653624 653624 653624 
154 654214 654214 654213 654211 654205 654192 654173 654141 654102 654059 654006 653965 653923 653907 653897 653887 653884 653883 653883 653883 653883 653883 653883 653883 
155 654214 654210 654205 654196 654184 654157 654115 654058 653991 653897 653796 653699 653612 653551 653516 653487 653479 653471 653471 653470 653467 653467 653466 653465 
156 654214 654214 654213 654208 654205 654196 654176 654157 654135 654103 654076 654049 654018 653999 653983 653974 653973 653972 653971 653971 653970 653970 653969 653968 
157 654214 654212 654210 654203 654198 654185 654166 654134 654093 654046 653987 653940 653892 653864 653853 653846 653843 653842 653842 653840 653840 653840 653839 653839 
158 654214 654213 654210 654209 654204 654194 654184 654167 654146 654115 654092 654071 654053 654033 654027 654023 654023 654021 654020 654020 654020 654020 654019 654019 
159 654214 654210 654207 654204 654197 654185 654164 654142 654108 654069 654022 653978 653937 653906 653885 653874 653868 653866 653865 653865 653864 653864 653864 653864 
160 654214 654209 654201 654188 654159 654121 654058 653977 653857 653725 653571 653429 653320 653248 653195 653156 653141 653133 653129 653128 653128 653126 653125 653124 
161 654214 654212 654212 654211 654207 654202 654198 654184 654167 654148 654127 654105 654088 654078 654069 654064 654061 654059 654058 654058 654058 654057 654057 654057 
162 654214 654213 654209 654201 654190 654171 654147 654110 654064 653994 653925 653856 653801 653760 653741 653721 653717 653716 653716 653714 653714 653713 653713 653712 
163 654214 654212 654209 654205 654198 654189 654174 654148 654112 654072 654023 653972 653933 653900 653881 653863 653859 653854 653851 653850 653850 653849 653849 653849 
164 654214 654214 654213 654211 654208 654199 654193 654179 654162 654142 654117 654094 654082 654066 654061 654054 654050 654050 654049 654049 654049 654049 654049 654047 
165 654214 654213 654211 654209 654200 654190 654174 654144 654108 654070 654021 653991 653954 653927 653905 653896 653887 653885 653885 653885 653885 653885 653885 653884 
166 654214 654213 654211 654202 654188 654171 654144 654104 654052 653989 653907 653847 653792 653753 653725 653714 653709 653704 653704 653701 653701 653699 653699 653699 
167 654214 654211 654201 654195 654188 654161 654124 654086 654018 653938 653867 653785 653734 653696 653667 653651 653639 653635 653632 653632 653632 653629 653628 653625 
168 654214 654210 654208 654201 654195 654179 654154 654120 654072 654009 653952 653899 653863 653826 653797 653787 653781 653777 653777 653777 653777 653777 653777 653777 
169 654214 654212 654212 654212 654209 654206 654201 654190 654175 654160 654134 654124 654110 654104 654092 654087 654085 654085 654085 654085 654085 654085 654085 654085 
170 654214 654212 654211 654207 654206 654199 654188 654171 654147 654127 654097 654063 654044 654028 654016 654010 654008 654007 654007 654007 654007 654007 654007 654006 
171 654214 654212 654204 654197 654181 654152 654111 654057 653988 653915 653844 653757 653667 653616 653567 653546 653537 653532 653531 653530 653530 653530 653529 653529 
172 654214 654213 654209 654202 654188 654170 654134 654090 654020 653934 653854 653787 653726 653676 653651 653629 653621 653616 653613 653612 653612 653612 653612 653612 
173 654214 654213 654211 654209 654204 654200 654193 654176 654164 654144 654115 654092 654078 654067 654060 654055 654055 654054 654054 654054 654054 654054 654054 654054 
174 654214 654214 654214 654212 654208 654205 654197 654184 654169 654158 654143 654124 654110 654100 654096 654093 654091 654088 654088 654088 654087 654087 654087 654087 
175 654214 654214 654212 654208 654199 654192 654176 654154 654130 654104 654071 654040 654015 653994 653984 653977 653974 653971 653969 653968 653968 653967 653967 653967 
176 654214 654213 654211 654206 654193 654181 654162 654133 654086 654046 653999 653943 653912 653878 653862 653848 653841 653839 653839 653838 653838 653835 653835 653835 
177 654214 654212 654208 654201 654195 654181 654155 654123 654078 654018 653965 653908 653867 653836 653821 653815 653807 653804 653804 653804 653803 653803 653802 653801 
178 654214 654213 654211 654206 654196 654188 654172 654143 654111 654071 654026 653993 653960 653931 653910 653899 653894 653893 653891 653891 653891 653891 653891 653891 
179 654214 654212 654208 654205 654197 654185 654167 654129 654087 654047 653998 653933 653893 653864 653847 653842 653838 653835 653833 653833 653831 653830 653830 653830 
180 654214 654213 654212 654210 654205 654189 654175 654152 654123 654090 654049 654019 653992 653971 653959 653949 653947 653945 653945 653945 653945 653945 653945 653945 
181 654214 654214 654212 654209 654203 654196 654180 654160 654125 654092 654053 654020 653987 653968 653955 653950 653940 653939 653939 653939 653939 653939 653939 653939 
182 654214 654212 654206 654198 654181 654157 654127 654083 654025 653946 653854 653776 653720 653674 653639 653617 653605 653600 653599 653599 653597 653596 653596 653596 
183 654214 654214 654214 654213 654212 654210 654207 654203 654192 654183 654174 654169 654163 654153 654149 654145 654145 654144 654144 654144 654144 654144 654144 654144 
184 654214 654213 654211 654204 654195 654178 654155 654124 654076 654022 653964 653908 653867 653831 653813 653795 653789 653785 653784 653782 653782 653782 653782 653780 
185 654214 654212 654209 654200 654186 654171 654144 654094 654024 653957 653871 653795 653725 653682 653658 653635 653625 653622 653620 653620 653619 653619 653619 653619 
186 654214 654212 654207 654202 654187 654170 654138 654097 654038 653983 653933 653870 653819 653791 653774 653755 653745 653744 653743 653743 653743 653741 653741 653741 
187 654214 654209 654204 654195 654188 654163 654124 654079 654022 653947 653877 653812 653748 653701 653673 653661 653647 653645 653645 653644 653643 653642 653642 653641 
188 654214 654212 654210 654205 654198 654187 654164 654141 654092 654028 653970 653903 653861 653830 653809 653803 653799 653796 653796 653796 653795 653794 653794 653793 
189 654214 654212 654210 654204 654195 654182 654154 654117 654079 654028 653980 653938 653896 653876 653862 653852 653848 653844 653844 653844 653844 653843 653843 653841 
190 654214 654212 654211 654206 654197 654179 654155 654124 654092 654051 654006 653964 653934 653904 653888 653881 653873 653871 653871 653871 653871 653871 653871 653870 
191 654214 654212 654207 654198 654192 654174 654145 654109 654051 653979 653914 653857 653811 653774 653746 653730 653723 653720 653719 653718 653718 653718 653717 653717 
192 654214 654212 654208 654199 654192 654177 654154 654122 654070 654023 653971 653916 653867 653832 653796 653786 653776 653773 653773 653770 653770 653770 653768 653766 
193 654214 654212 654205 654198 654184 654167 654136 654083 654020 653946 653871 653804 653732 653684 653652 653641 653635 653634 653633 653631 653631 653631 653631 653630 
194 654214 654213 654211 654207 654202 654194 654180 654170 654148 654123 654092 654063 654045 654030 654021 654017 654014 654012 654011 654011 654011 654011 654010 654010 
195 654214 654210 654202 654192 654167 654132 654079 654002 653909 653809 653700 653612 653541 653475 653422 653395 653384 653380 653380 653379 653379 653378 653378 653378 
196 654214 654213 654213 654211 654210 654204 654201 654192 654181 654165 654157 654143 654132 654125 654121 654117 654117 654117 654116 654116 654116 654116 654116 654116 
197 654214 654213 654208 654206 654198 654186 654168 654145 654109 654063 654029 653979 653939 653914 653895 653883 653878 653877 653877 653877 653877 653876 653876 653876 
198 654214 654213 654210 654207 654203 654194 654181 654162 654136 654105 654071 654038 654006 653984 653964 653959 653954 653952 653952 653951 653950 653950 653948 653947 
199 654214 654214 654211 654206 654198 654183 654157 654132 654089 654050 653999 653964 653924 653898 653878 653867 653864 653860 653860 653860 653860 653860 653859 653859 
