000      0      0      0      0      0      0      0      0      0      0      0      0      0      0      0      0      0      0      0      0      0      1      2      8 
001      0      0      0      0      0      0      0      0      0      0      0      0      0      0      0      0      0      0      0      0      0      1      4      9 
002      0      0      0      0      0      0      0      0      0      0      0      0      0      0      0      0      0      0      0      0      0      2      2      4 
003      0      0      0      0      0      0      0      0      0      0      0      0      0      0      0      0      0      0      0      1      1      1      3      9 
004      0      0      0      0      0      0      0      0      0      0      0      0      0      0      0      0      0      0      0      1      1      1      1      4 
005      0      0      0      0      0      0      0      0      0      0      0      0      0      0      0      0      0      0      0      1      1      1      3      9 
006      0      0      0      0      0      0      0      0      0      0      0      0      0      0      0      0      0      0      0      0      0      3      4      8 
007      0      0      0      0      0      0      0      0      0      0      0      0      0      0      0      0      0      0      0      0      0      1      1      4 
008      0      0      0      0      0      0      0      0      0      0      0      0      0      0      0      0      0      0      1      1      2      3      4      5 
009      0      0      0      0      0      0      0      0      0      0      0      0      0      0      0      0      0      0      0      0      1      2      5      5 
010      0      0      0      0      0      0      0      0      0      0      0      0      0      0      0      0      1      1      1      1      2      6      9     13 
011      0      0      0      0      0      0      0      0      0      0      0      0      0      0      0      0      0      0      0      0      0      1      3      6 
012      0      0      0      0      0      0      0      0      0      0      0      0      0      0      0      0      0      0      0      0      0      1      1      5 
013      0      0      0      0      0      0      0      0      0      0      0      0      0      0      0      0      1      1      2      2      2      4      5     10 
014      0      0      0      0      0      0      0      0      0      0      0      0      0      0      0      0      0      0      1      2      2      3      4      6 
015      0      0      0      0      0      0      0      0      0      0      0      0      0      0      0      0      0      0      0      0      1      2      4      5 
016      0      0      0      0      0      0      0      0      0      0      0      0      0      0      0      0      0      0      0      0      0      0      1      2 
017      0      0      0      0      0      0      0      0      0      0      0      0      0      0      0      0      0      0      0      0      1      2      6     10 
018      0      0      0      0      0      0      0      0      0      0      0      0      0      0      0      0      0      0      0      0      1      2      4     10 
019      0      0      0      0      0      0      0      0      0      0      0      0      0      0      0      0      0      0      0      0      0      3      4      8 
020      0      0      0      0      0      0      0      0      0      0      0      0      0      0      0      0      0      0      0      0      0      1      3      4 
021      0      0      0      0      0      0      0      0      0      0      0      0      0      0      0      0      0      0      0      0      0      1      2      7 
022      0      0      0      0      0      0      0      0      0      0      0      0      0      0      0      0      0      0      0      0      1      1      3      4 
023      0      0      0      0      0      0      0      0      0      0      0      0      0      0      0      0      0      0      0      0      1      3      4      7 
024      0      0      0      0      0      0      0      0      0      0      0      0      0      0      0      0      0      0      0      0      1      2      3      9 
025      0      0      0      0      0      0      0      0      0      0      0      0      0      0      0      0      0      0      0      0      0      0      3      3 
026      0      0      0      0      0      0      0      0      0      0      0      0      0      0      0      0      0      0      0      0      1      2      4     11 
027      0      0      0      0      0      0      0      0      0      0      0      0      0      0      0      0      0      0      0      0      1      1      2      6 
028      0      0      0      0      0      0      0      0      0      0      0      0      0      0      0      0      0      0      0      1      1      1      2      2 
029      0      0      0      0      0      0      0      0      0      0      0      0      0      0      0      0      0      0      0      0      1      1      1      1 
030      0      0      0      0      0      0      0      0      0      0      0      0      0      0      0      0      0      0      0      0      3      4      8     11 
031      0      0      0      0      0      0      0      0      0      0      0      0      0      0      0      0      0      0      1      1      4      5      8     13 
032      0      0      0      0      0      0      0      0      0      0      0      0      0      0      0      0      0      0      0      0      2      3      4      6 
033      0      0      0      0      0      0      0      0      0      0      0      0      0      0      0      0      0      0      0      0      0      3      4     13 
034      0      0      0      0      0      0      0      0      0      0      0      0      0      0      0      0      0      0      0      1      2      3      4      6 
035      0      0      0      0      0      0      0      0      0      0      0      0      0      0      0      0      0      0      0      1      1      2      5      9 
036      0      0      0      0      0      0      0      0      0      0      0      0      0      0      0      0      0      0      0      1      1      2      3      6 
037      0      0      0      0      0      0      0      0      0      0      0      0      0      0      0      0      0      0      0      0      0      0      2      4 
038      0      0      0      0      0      0      0      0      0      0      0      0      0      0      0      0      0      0      0      0      1      2      2      3 
039      0      0      0      0      0      0      0      0      0      0      0      0      0      0      0      0      0      0      0      0      1      1      2      6 
040      0      0      0      0      0      0      0      0      0      0      0      0      0      0      0      0      0      0      1      1      2      2      3      3 
041      0      0      0      0      0      0      0      0      0      0      0      0      0      0      0      0      0      0      0      0      0      0      1      3 
042      0      0      0      0      0      0      0      0      0      0      0      0      0      0      0      0      0      0      0      0      0      0      0      4 
043      0      0      0      0      0      0      0      0      0      0      0      0      0      0      0      0      0      0      0      0      1      1      2      5 
044      0      0      0      0      0      0      0      0      0      0      0      0      0      0      0      0      0      0      0      0      0      0      1      2 
045      0      0      0      0      0      0      0      0      0      0      0      0      0      0      0      0      0      0      0      0      0      0      1      2 
046      0      0      0      0      0      0      0      0      0      0      0      0      0      0      0      0      0      0      0      0      0      0      0      2 
047      0      0      0      0      0      0      0      0      0      0      0      0      0      0      0      0      0      0      0      0      1      3      4      6 
048      0      0      0      0      0      0      0      0      0      0      0      0      0      0      0      0      0      0      0      1      1      1      5      6 
049      0      0      0      0      0      0      0      0      0      0      0      0      0      0      0      0      0      0      0      0      3      4      4     10 
050      0      0      0      0      0      0      0      0      0      0      0      0      0      0      0      0      0      0      0      0      0      0      2      3 
051      0      0      0      0      0      0      0      0      0      0      0      0      0      0      0      0      0      0      1      1      2      5      6     10 
052      0      0      0      0      0      0      0      0      0      0      0      0      0      0      0      0      0      0      0      1      3      3      5      6 
053      0      0      0      0      0      0      0      0      0      0      0      0      0      0      0      0      0      0      0      0      0      1      1      4 
054      0      0      0      0      0      0      0      0      0      0      0      0      0      0      0      0      0      0      0      1      2      4      6      9 
055      0      0      0      0      0      0      0      0      0      0      0      0      0      0      0      0      0      0      0      0      0      0      2      3 
056      0      0      0      0      0      0      0      0      0      0      0      0      0      0      0      0      0      0      0      1      3      5      8     12 
057      0      0      0      0      0      0      0      0      0      0      0      0      0      0      0      0      0      0      0      0      0      1      3      7 
058      0      0      0      0      0      0      0      0      0      0      0      0      0      0      0      0      0      0      0      0      1      3      8     14 
059      0      0      0      0      0      0      0      0      0      0      0      0      0      0      0      0      0      0      0      0      2      3      7     13 
060      0      0      0      0      0      0      0      0      0      0      0      0      0      0      0      0      0      0      0      0      2      3      6     10 
061      0      0      0      0      0      0      0      0      0      0      0      0      0      0      0      0      0      0      0      0      0      0      2      6 
062      0      0      0      0      0      0      0      0      0      0      0      0      0      0      0      0      0      0      0      0      1      1      1      5 
063      0      0      0      0      0      0      0      0      0      0      0      0      0      0      0      0      0      0      0      0      1      2      3      3 
064      0      0      0      0      0      0      0      0      0      0      0      0      0      0      0      0      0      0      0      0      1      3      4      5 
065      0      0      0      0      0      0      0      0      0      0      0      0      0      0      0      0      0      0      0      0      1      1      4      8 
066      0      0      0      0      0      0      0      0      0      0      0      0      0      0      0      0      0      0      0      0      0      0      4     11 
067      0      0      0      0      0      0      0      0      0      0      0      0      0      0      0      0      0      0      0      0      1      3      5      7 
068      0      0      0      0      0      0      0      0      0      0      0      0      0      0      0      0      0      0      1      1      2      3      5      8 
069      0      0      0      0      0      0      0      0      0      0      0      0      0      0      0      0      0      0      0      0      1      1      4      4 
070      0      0      0      0      0      0      0      0      0      0      0      0      0      0      0      0      0      0      0      0      2      4      9     13 
071      0      0      0      0      0      0      0      0      0      0      0      0      0      0      0      0      0      0      0      0      1      3      4      5 
072      0      0      0      0      0      0      0      0      0      0      0      0      0      0      0      0      0      0      0      2      3      8     14     20 
073      0      0      0      0      0      0      0      0      0      0      0      0      0      0      0      0      0      0      0      0      0      2      5      6 
074      0      0      0      0      0      0      0      0      0      0      0      0      0      0      0      0      0      0      0      0      0      1      3      7 
075      0      0      0      0      0      0      0      0      0      0      0      0      0      0      0      0      0      0      0      0      1      2      7     11 
076      0      0      0      0      0      0      0      0      0      0      0      0      0      0      0      0      0      0      0      0      0      5      5      7 
077      0      0      0      0      0      0      0      0      0      0      0      0      0      0      0      0      0      0      0      0      0      0      5     10 
078      0      0      0      0      0      0      0      0      0      0      0      0      0      0      0      0      0      0      0      0      1      1      3      7 
079      0      0      0      0      0      0      0      0      0      0      0      0      0      0      0      0      0      0      0      0      0      1      2      8 
080      0      0      0      0      0      0      0      0      0      0      0      0      0      0      0      0      0      0      0      0      0      0      1      1 
081      0      0      0      0      0      0      0      0      0      0      0      0      0      0      0      0      0      0      0      0      0      1      6     10 
082      0      0      0      0      0      0      0      0      0      0      0      0      0      0      0      0      0      0      0      0      2      3      3      4 
083      0      0      0      0      0      0      0      0      0      0      0      0      0      0      0      0      0      1      3      3      4      7      7     13 
084      0      0      0      0      0      0      0      0      0      0      0      0      0      0      0      0      0      0      0      1      1      5      5      8 
085      0      0      0      0      0      0      0      0      0      0      0      0      0      0      0      0      0      0      1      1      1      1      4      7 
086      0      0      0      0      0      0      0      0      0      0      0      0      0      0      0      0      0      0      0      0      0      0      2      7 
087      0      0      0      0      0      0      0      0      0      0      0      0      0      0      0      0      0      0      0      1      1      1      4      7 
088      0      0      0      0      0      0      0      0      0      0      0      0      0      0      0      0      0      0      0      0      0      1      2      4 
089      0      0      0      0      0      0      0      0      0      0      0      0      0      0      0      0      0      0      0      0      2      2      6     17 
090      0      0      0      0      0      0      0      0      0      0      0      0      0      0      0      0      0      0      0      0      4      5     10     16 
091      0      0      0      0      0      0      0      0      0      0      0      0      0      0      0      0      0      0      0      1      1      3      3      5 
092      0      0      0      0      0      0      0      0      0      0      0      0      0      0      0      0      0      0      0      0      0      0      5      8 
093      0      0      0      0      0      0      0      0      0      0      0      0      0      0      0      0      0      0      0      0      0      1      2      8 
094      0      0      0      0      0      0      0      0      0      0      0      0      0      0      0      0      0      0      0      0      1      2      4      5 
095      0      0      0      0      0      0      0      0      0      0      0      0      0      0      0      0      0      0      0      0      1      1      4      8 
096      0      0      0      0      0      0      0      0      0      0      0      0      0      0      0      0      0      0      0      0      1      3      6      9 
097      0      0      0      0      0      0      0      0      0      0      0      0      0      0      0      0      0      0      0      0      1      1      5     10 
098      0      0      0      0      0      0      0      0      0      0      0      0      0      0      0      0      0      0      0      1      1      2      2      2 
099      0      0      0      0      0      0      0      0      0      0      0      0      0      0      0      0      0      0      0      0      0      1      3      4 
100      0      0      0      0      0      0      0      0      0      0      0      0      0      0      0      0      0      0      0      1      2      5     12     22 
101      0      0      0      0      0      0      0      0      0      0      0      0      0      0      0      0      0      0      0      0      1      1      2      3 
102      0      0      0      0      0      0      0      0      0      0      0      0      0      0      0      0      0      0      1      1      2      3      4      5 
103      0      0      0      0      0      0      0      0      0      0      0      0      0      0      0      0      0      0      0      0      2      4      5      6 
104      0      0      0      0      0      0      0      0      0      0      0      0      0      0      0      0      0      0      0      0      3      3      4      7 
105      0      0      0      0      0      0      0      0      0      0      0      0      0      0      0      0      0      0      0      0      1      2      2      4 
106      0      0      0      0      0      0      0      0      0      0      0      0      0      0      0      0      0      1      1      1      1      1      2      6 
107      0      0      0      0      0      0      0      0      0      0      0      0      0      0      0      0      0      0      0      0      1      5      7      9 
108      0      0      0      0      0      0      0      0      0      0      0      0      0      0      0      0      0      0      1      1      1      1      4      8 
109      0      0      0      0      0      0      0      0      0      0      0      0      0      0      0      0      0      1      1      1      1      2      4      5 
110      0      0      0      0      0      0      0      0      0      0      0      0      0      0      0      0      0      0      0      0      0      0      3      4 
111      0      0      0      0      0      0      0      0      0      0      0      0      0      0      0      0      0      0      0      0      0      3      5      9 
112      0      0      0      0      0      0      0      0      0      0      0      0      0      0      0      0      0      0      2      2      5      8     15     19 
113      0      0      0      0      0      0      0      0      0      0      0      0      0      0      0      0      0      0      0      0      2      3      6     16 
114      0      0      0      0      0      0      0      0      0      0      0      0      0      0      0      0      0      0      0      0      0      0      0      1 
115      0      0      0      0      0      0      0      0      0      0      0      0      0      0      0      0      0      0      0      0      1      2      2      5 
116      0      0      0      0      0      0      0      0      0      0      0      0      0      0      0      0      0      0      1      1      1      2      4      7 
117      0      0      0      0      0      0      0      0      0      0      0      0      0      0      0      0      0      0      0      0      0      1      3      3 
118      0      0      0      0      0      0      0      0      0      0      0      0      0      0      0      0      0      0      0      0      1      5      6      7 
119      0      0      0      0      0      0      0      0      0      0      0      0      0      0      0      0      0      0      0      1      1      3      3      3 
120      0      0      0      0      0      0      0      0      0      0      0      0      0      0      0      0      0      0      0      0      1      2      3      4 
121      0      0      0      0      0      0      0      0      0      0      0      0      0      0      0      0      0      0      0      1      1      2      3      4 
122      0      0      0      0      0      0      0      0      0      0      0      0      0      0      0      0      0      0      0      2      2      3      6     12 
123      0      0      0      0      0      0      0      0      0      0      0      0      0      0      0      0      0      0      0      0      0      2      3      5 
124      0      0      0      0      0      0      0      0      0      0      0      0      0      0      0      0      0      0      0      1      1      1      4      9 
125      0      0      0      0      0      0      0      0      0      0      0      0      0      0      0      0      0      0      0      0      1      1      3      4 
126      0      0      0      0      0      0      0      0      0      0      0      0      0      0      0      0      0      0      0      0      1      2      4     10 
127      0      0      0      0      0      0      0      0      0      0      0      0      0      0      0      0      0      0      0      1      1      2      2      5 
128      0      0      0      0      0      0      0      0      0      0      0      0      0      0      0      0      0      0      0      0      1      2      3      6 
129      0      0      0      0      0      0      0      0      0      0      0      0      0      0      0      0      0      0      0      1      2      8     13     17 
130      0      0      0      0      0      0      0      0      0      0      0      0      0      0      0      0      0      0      0      0      0      0      2      2 
131      0      0      0      0      0      0      0      0      0      0      0      0      0      0      0      0      0      0      0      0      1      1      2      5 
132      0      0      0      0      0      0      0      0      0      0      0      0      0      0      0      0      0      0      0      0      1      9     14     22 
133      0      0      0      0      0      0      0      0      0      0      0      0      0      0      0      0      0      0      1      2      2      4      5      8 
134      0      0      0      0      0      0      0      0      0      0      0      0      0      0      0      0      0      0      0      0      2      3      4      7 
135      0      0      0      0      0      0      0      0      0      0      0      0      0      0      0      0      0      0      0      0      2      2      3      5 
136      0      0      0      0      0      0      0      0      0      0      0      0      0      0      0      0      0      0      0      1      2      4      4      5 
137      0      0      0      0      0      0      0      0      0      0      0      0      0      0      0      0      0      0      0      0      2      4      4      7 
138      0      0      0      0      0      0      0      0      0      0      0      0      0      0      0      0      0      0      0      0      0      0      3      3 
139      0      0      0      0      0      0      0      0      0      0      0      0      0      0      0      0      0      0      0      1      2      2      2      3 
140      0      0      0      0      0      0      0      0      0      0      0      0      0      0      0      0      0      0      0      0      0      0      1      3 
141      0      0      0      0      0      0      0      0      0      0      0      0      0      0      0      0      0      0      1      1      3      4      5      5 
142      0      0      0      0      0      0      0      0      0      0      0      0      0      0      0      0      0      0      0      0      0      2      3      4 
143      0      0      0      0      0      0      0      0      0      0      0      0      0      0      0      0      0      0      1      1      1      1      2      5 
144      0      0      0      0      0      0      0      0      0      0      0      0      0      0      0      0      0      0      0      0      0      0      2      7 
145      0      0      0      0      0      0      0      0      0      0      0      0      0      0      0      0      0      0      0      0      0      0      1      1 
146      0      0      0      0      0      0      0      0      0      0      0      0      0      0      0      0      0      0      0      0      1      1      2      4 
147      0      0      0      0      0      0      0      0      0      0      0      0      0      0      0      0      0      0      0      0      1      1      1      4 
148      0      0      0      0      0      0      0      0      0      0      0      0      0      0      0      0      0      0      0      0      1      3      5      9 
149      0      0      0      0      0      0      0      0      0      0      0      0      0      0      0      0      0      0      0      1      1      1      3      5 
150      0      0      0      0      0      0      0      0      0      0      0      0      0      0      0      0      0      0      0      0      1      2      2      3 
151      0      0      0      0      0      0      0      0      0      0      0      0      0      0      0      0      0      0      0      0      1      3      5      7 
152      0      0      0      0      0      0      0      0      0      0      0      0      0      0      0      0      0      0      0      0      0      1      4      4 
153      0      0      0      0      0      0      0      0      0      0      0      0      0      0      0      0      0      0      0      0      0      2      5     11 
154      0      0      0      0      0      0      0      0      0      0      0      0      0      0      0      0      0      0      0      0      0      0      0      2 
155      0      0      0      0      0      0      0      0      0      0      0      0      0      0      0      0      0      0      1      2      2      3      5      8 
156      0      0      0      0      0      0      0      0      0      0      0      0      0      0      0      0      0      0      1      1      1      3      4      4 
157      0      0      0      0      0      0      0      0      0      0      0      0      0      0      0      0      0      0      1      2      2      3      6      9 
158      0      0      0      0      0      0      0      0      0      0      0      0      0      0      0      0      0      0      0      0      0      3      5      6 
159      0      0      0      0      0      0      0      0      0      0      0      0      0      0      0      0      0      0      1      2      2      4      6      7 
160      0      0      0      0      0      0      0      0      0      0      0      0      0      0      0      0      0      0      2      3      3      6     11     20 
161      0      0      0      0      0      0      0      0      0      0      0      0      0      0      0      0      0      0      0      0      0      0      0      3 
162      0      0      0      0      0      0      0      0      0      0      0      0      0      0      0      0      0      0      0      0      1      2      4      9 
163      0      0      0      0      0      0      0      0      0      0      0      0      0      0      0      0      0      0      0      0      0      2      3      5 
164      0      0      0      0      0      0      0      0      0      0      0      0      0      0      0      0      0      0      0      0      0      2      3      3 
165      0      0      0      0      0      0      0      0      0      0      0      0      0      0      0      0      0      0      0      0      0      0      1      5 
166      0      0      0      0      0      0      0      0      0      0      0      0      0      0      0      0      0      0      0      0      1      3      6     11 
167      0      0      0      0      0      0      0      0      0      0      0      0      0      0      0      0      0      0      0      0      1      1      4      8 
168      0      0      0      0      0      0      0      0      0      0      0      0      0      0      0      0      0      0      0      0      0      4      7     13 
169      0      0      0      0      0      0      0      0      0      0      0      0      0      0      0      0      0      0      0      0      0      1      1      2 
170      0      0      0      0      0      0      0      0      0      0      0      0      0      0      0      0      0      0      0      0      2      2      3      6 
171      0      0      0      0      0      0      0      0      0      0      0      0      0      0      0      0      0      0      0      0      1      3      6     10 
172      0      0      0      0      0      0      0      0      0      0      0      0      0      0      0      0      0      0      0      1      3      4      5      8 
173      0      0      0      0      0      0      0      0      0      0      0      0      0      0      0      0      0      0      0      0      2      3      4      5 
174      0      0      0      0      0      0      0      0      0      0      0      0      0      0      0      0      0      0      0      0      0      0      2      4 
175      0      0      0      0      0      0      0      0      0      0      0      0      0      0      0      0      0      0      0      0      0      1      2      5 
176      0      0      0      0      0      0      0      0      0      0      0      0      0      0      0      0      0      0      1      1      2      2      3      5 
177      0      0      0      0      0      0      0      0      0      0      0      0      0      0      0      0      0      0      0      0      1      1      5      7 
178      0      0      0      0      0      0      0      0      0      0      0      0      0      0      0      0      0      0      1      1      1      2      2      6 
179      0      0      0      0      0      0      0      0      0      0      0      0      0      0      0      0      0      0      0      1      2      2      3     10 
180      0      0      0      0      0      0      0      0      0      0      0      0      0      0      0      0      0      0      0      0      0      1      2      4 
181      0      0      0      0      0      0      0      0      0      0      0      0      0      0      0      0      0      0      0      0      0      2      5      6 
182      0      0      0      0      0      0      0      0      0      0      0      0      0      0      0      0      0      0      0      0      2      6      8     17 
183      0      0      0      0      0      0      0      0      0      0      0      0      0      0      0      0      0      0      0      0      0      0      1      2 
184      0      0      0      0      0      0      0      0      0      0      0      0      0      0      0      0      0      1      1      2      2      2      6      6 
185      0      0      0      0      0      0      0      0      0      0      0      0      0      0      0      0      0      0      0      0      0      0      3      9 
186      0      0      0      0      0      0      0      0      0      0      0      0      0      0      0      0      0      0      0      1      1      2      5      9 
187      0      0      0      0      0      0      0      0      0      0      0      0      0      0      0      0      0      1      1      1      2      4      7     13 
188      0      0      0      0      0      0      0      0      0      0      0      0      0      0      0      0      0      0      0      0      1      3      6      9 
189      0      0      0      0      0      0      0      0      0      0      0      0      0      0      0      0      0      0      1      1      2      3      4      9 
190      0      0      0      0      0      0      0      0      0      0      0      0      0      0      0      0      0      0      0      0      0      2      7     10 
191      0      0      0      0      0      0      0      0      0      0      0      0      0      0      0      0      0      0      0      1      2      3      5      6 
192      0      0      0      0      0      0      0      0      0      0      0      0      0      0      0      0      0      0      0      1      2      3      4      6 
193      0      0      0      0      0      0      0      0      0      0      0      0      0      0      0      0      0      0      2      4      5      5      7     11 
194      0      0      0      0      0      0      0      0      0      0      0      0      0      0      0      0      0      0      0      0      0      3      3      5 
195      0      0      0      0      0      0      0      0      0      0      0      0      0      0      0      0      0      0      0      0      2      7     11     16 
196      0      0      0      0      0      0      0      0      0      0      0      0      0      0      0      0      0      0      0      0      0      1      1      2 
197      0      0      0      0      0      0      0      0      0      0      0      0      0      0      0      0      0      0      0      1      2      2      2      5 
198      0      0      0      0      0      0      0      0      0      0      0      0      0      0      0      0      0      0      0      1      2      2      4      4 
199      0      0      0      0      0      0      0      0      0      0      0      0      0      0      0      0      0      0      0      0      0      1      2      4 
