000      0      0      2      2      2      2      2      2      3      5      7     14     23     36     54     64     83     98    106    116    120    118    116    108 
001      0      0      2      2      2      2      3      6      6     10     14     19     29     37     45     56     65     75     79     85     90     91     91     89 
002      0      0      2      2      2      2      2      3      4      4      6      6      6      8     13     18     23     29     37     38     38     37     36     36 
003      0      0      2      2      2      2      2      4      4      5      8     11     16     21     25     27     37     44     52     56     55     55     55     51 
004      0      0      2      2      2      2      2      3      3      3      5      5      7     11     12     15     21     28     31     32     32     33     32     30 
005      0      0      2      2      2      2      2      4      4      5      8     11     16     21     25     27     37     44     52     56     55     55     55     51 
006      0      0      2      2      2      2      2      2      3      6     10     14     19     31     48     63     83     99    109    119    127    128    130    122 
007      0      0      2      2      2      2      2      2      2      4      4      3      5     13     15     17     20     23     25     27     28     26     27     26 
008      0      0      2      2      2      2      2      2      2      4      5      6      6      8     11     19     24     27     34     36     39     39     37     36 
009      0      0      2      2      3      3      4      4      5      5      9     13     17     22     31     36     41     50     55     55     55     53     56     48 
010      0      0      2      2      2      2      3      6      7      8     10     18     32     46     57     64     77     82     87     91    100     98     92     82 
011      0      0      2      2      2      2      3      3      4      8     10     13     14     18     28     33     46     51     54     56     56     56     53     46 
012      0      0      2      3      3      3      3      3      4      6     10     13     18     26     30     37     45     55     59     62     63     58     57     53 
013      0      0      2      2      2      2      2      2      3      4      7     11     14     19     25     32     38     48     52     62     64     66     62     60 
014      0      0      2      2      2      3      4      4      4      6      8      9      9     15     17     22     27     32     34     34     34     35     35     31 
015      0      0      2      2      2      2      2      2      2      3      7     13     18     22     26     28     29     34     37     40     39     38     36     31 
016      0      0      2      2      2      2      2      3      3      3      4      4      7      7     11     15     19     25     27     28     30     29     29     29 
017      0      0      2      2      2      2      3      3      5      7      8     12     14     27     40     56     74     93    116    126    133    138    143    139 
018      0      0      2      2      2      2      2      3      5      8     18     22     30     38     48     54     62     70     80     87     88     87     86     76 
019      0      0      2      2      2      2      2      2      3      4      6      7      6      7      8      9     10     11     13     13     12     11     10     11 
020      0      0      2      2      2      3      5      5      6      6      7     12     12     16     24     28     32     37     44     53     58     59     57     54 
021      0      0      2      2      2      2      2      4      7      8     10     14     21     31     37     48     55     65     72     70     74     69     67     63 
022      0      0      2      2      2      2      2      3      5      5      6      6     11     19     21     29     33     44     51     55     59     58     55     53 
023      0      0      2      2      2      2      2      6      6      7     10     15     21     30     41     48     59     64     73     77     82     82     79     70 
024      0      0      2      2      2      3      3      5      7      8      9     10     15     20     30     36     43     48     56     65     67     65     67     67 
025      0      0      2      2      2      2      2      3      4      4      5      8     15     22     26     28     34     39     42     47     49     48     44     41 
026      0      0      2      2      2      2      2      3      4      6     10     20     24     38     52     72     83     95    101    109    115    119    116    110 
027      0      0      2      2      2      2      2      2      2      4      7     10     12     14     23     31     43     47     52     55     55     52     50     43 
028      0      0      2      2      3      3      3      3      4      5      5      6      8     10     10     12     14     16     18     16     22     22     21     20 
029      0      0      2      2      2      2      2      2      2      3      3      3      3      5      7      7      9     13     13     13     14     14     15     14 
030      0      0      2      2      3      3      3      4      5     10     17     19     27     36     44     59     69     88     96    107    124    123    114    110 
031      0      0      2      2      2      2      2      2      3      6      9      9     13     16     26     33     37     45     48     50     52     55     53     49 
032      0      0      2      2      2      2      3      4      5      7      8     10     12     15     19     21     23     25     27     30     28     27     26     20 
033      0      0      2      2      2      3      3      4      5      5     11     15     25     36     43     60     70     76     92     98    111    114    111    101 
034      0      0      2      2      2      2      3      3      4      6      7      8     10     20     30     42     45     49     56     65     65     71     69     65 
035      0      0      2      2      2      2      3      4      5      8     14     23     31     44     68     84    108    124    147    155    161    159    160    155 
036      0      0      2      2      2      2      2      2      2      3      4      3      6      8     15     20     23     28     31     34     34     35     34     32 
037      0      0      2      2      2      2      2      3      4      5      6     10     15     19     21     27     35     39     43     49     53     50     47     46 
038      0      0      2      2      2      2      2      2      2      2      3      5      5      7      7      7      7      7      7      6      7      7      6      4 
039      0      0      2      2      2      2      2      2      3      4     10     12     16     22     36     45     54     59     65     67     71     68     66     58 
040      0      0      1      1      1      1      1      1      1      3      6      8      9     13     19     23     28     28     33     33     36     34     34     30 
041      0      0      2      2      2      2      2      3      5      6      8     14     19     25     26     32     43     48     51     56     55     56     54     50 
042      0      0      2      2      2      2      2      2      2      3      3      7      8      9     12     13     15     19     23     27     27     26     24     21 
043      0      0      2      2      2      2      2      2      2      2      3      4      7      7     12     19     23     28     32     32     35     37     38     34 
044      0      0      2      2      2      2      3      3      5      5      6     10     14     16     18     26     35     42     45     49     47     47     49     49 
045      0      0      2      2      2      2      2      2      2      4      6      8     11     12     15     16     19     20     26     29     29     28     25     21 
046      0      0      2      2      2      2      2      2      2      5      8     12     14     20     27     30     40     46     50     53     52     50     46     40 
047      0      0      2      2      2      2      2      2      3      4      8     13     18     33     38     49     61     72     82     87     91     89     88     88 
048      0      0      2      2      2      2      2      5      5      5      6     11     18     23     24     28     32     38     44     48     49     50     50     47 
049      0      0      2      2      2      2      2      2      4      5      7      8     14     30     36     50     58     71     79     81     86     88     85     82 
050      0      0      2      2      2      2      2      2      2      4      5      6      7      9     13     18     22     24     25     25     28     27     24     23 
051      0      0      2      2      2      2      2      2      2      4      7     11     17     25     35     46     63     81     87     93     98     95     91     83 
052      0      0      2      2      2      2      2      2      3      4      4      6      7     10     14     17     20     24     26     28     28     30     30     28 
053      0      0      2      2      2      3      3      3      3      3      5      6      8     10     11     14     17     19     21     25     24     25     26     20 
054      0      0      2      2      2      2      2      2      2      6     10     13     14     19     28     37     49     59     63     63     62     66     67     58 
055      0      0      2      2      2      2      2      2      2      4      5      5      6      7     12     16     20     22     23     24     23     20     19     15 
056      0      0      2      2      3      3      3      5      5      8     13     24     30     43     58     66     75     86     98    101    103    104     95     86 
057      0      0      2      2      2      4      4      4      5      7      8     13     21     24     36     46     55     64     67     72     71     65     64     59 
058      0      0      2      2      2      2      3      3      4      4      6     10     16     29     47     62     69     78     94    105    109    112    117    112 
059      0      0      2      2      2      2      2      2      3      4      5      9     18     24     30     37     44     53     64     73     75     70     69     67 
060      0      0      2      2      2      2      2      4      5      8     14     23     35     46     57     66     72     78     84     85     88     90     83     75 
061      0      0      2      2      2      2      2      5      7      9     10     12     16     20     25     34     40     45     54     55     54     57     55     55 
062      0      0      2      2      2      2      2      2      3      4      8     12     14     17     23     28     35     38     44     50     48     49     48     45 
063      0      0      2      2      2      2      2      2      2      3      5      7      8      9     13     14     15     17     20     19     19     19     16     15 
064      0      0      2      2      2      2      2      3      4      5      6     11     11     12     15     19     22     23     27     29     28     27     29     26 
065      0      0      2      2      2      2      2      3      6      6      8     10     10     18     24     33     37     39     41     46     52     52     51     47 
066      0      0      2      2      2      2      2      2      3      4      6      7      9     16     23     33     40     52     58     59     62     68     68     64 
067      0      0      2      2      2      2      2      2      2      2      4      8      9      9     15     18     21     23     30     32     33     34     34     33 
068      0      0      2      2      2      2      2      2      6      9     10     12     17     22     32     37     46     54     59     60     66     63     63     61 
069      0      0      1      1      1      1      1      1      1      1      1      3      5      6     12     13     15     17     20     21     24     24     26     22 
070      0      0      2      2      2      3      5      6      6      7     13     19     23     32     42     53     64     73     85     96     97     97     93     84 
071      0      0      2      2      2      2      2      3      5      8     10     14     14     22     23     29     35     38     42     50     58     59     56     54 
072      0      0      2      2      2      2      3      3      6      7     11     19     31     43     57     71     89    101    120    130    139    136    135    121 
073      0      0      2      2      2      2      3      4      4      6      6      6      8     12     15     20     26     29     33     37     37     40     41     39 
074      0      0      2      2      2      2      3      4      6      8     14     21     32     47     52     64     74     92    104    112    118    116    110    108 
075      0      0      2      2      2      2      2      3      5      7      8      9     17     28     33     43     51     59     63     66     68     65     65     61 
076      0      0      2      2      2      2      2      2      2      3      4      5      9     12     20     26     27     34     39     42     46     46     44     42 
077      0      0      2      2      2      2      2      3      6      6      6     13     16     22     33     44     53     59     70     73     78     74     75     69 
078      0      0      2      2      2      2      2      2      4      4      5      8     13     17     25     41     50     54     62     65     65     67     62     61 
079      0      0      2      2      2      2      2      2      2      3      8      9     16     21     37     41     48     56     64     72     75     79     80     76 
080      0      0      2      2      2      3      3      3      3      4      4      6      6      7      6      6      6      6     10     11     12     13     13     12 
081      0      0      2      2      2      2      3      4      5      7      9     13     14     25     38     41     51     58     66     69     75     76     77     72 
082      0      0      1      1      1      1      1      2      2      4      7      8      7      9     12     16     22     26     33     35     34     32     34     33 
083      0      0      2      2      2      2      2      2      3      4      8     10     17     23     34     39     56     65     72     79     82     85     80     75 
084      0      0      2      2      2      2      2      2      3      4      8      7      9     16     20     25     31     37     47     50     53     56     57     55 
085      0      0      2      2      2      2      4      4      4      5      6      7      9     12     15     17     23     30     37     38     43     43     43     42 
086      0      0      2      2      2      2      2      3      3      7     14     18     22     36     44     51     57     69     75     78     79     84     77     71 
087      0      0      2      2      2      2      2      2      3      5      9      8     10     11     17     17     21     22     24     24     25     25     25     23 
088      0      0      2      2      2      2      2      3      4      4      4      4      6      9     11     12     14     16     19     22     26     24     25     23 
089      0      0      2      2      2      3      3      3      6      9     11     17     26     39     48     61     78     94    108    122    126    129    131    127 
090      0      0      2      2      2      2      3      3      4      9     12     16     19     33     52     65     88    101    107    117    124    126    124    118 
091      0      0      2      2      2      2      2      2      3      6      9     10     13     13     17     19     25     31     37     37     40     39     37     33 
092      0      0      2      2      2      3      3      4      5      9     13     15     21     26     34     45     51     61     65     66     70     71     66     60 
093      0      0      2      2      2      2      2      2      3      4      7     10     10     15     21     25     26     27     28     32     32     32     28     26 
094      0      0      2      2      2      2      2      2      2      2      7      9     17     23     30     45     53     62     70     72     77     74     71     74 
095      0      0      2      2      2      2      2      4      6      7     12     18     26     32     45     62     78     94    108    114    113    116    112    105 
096      0      0      2      2      2      2      2      2      3      5      6     13     20     25     37     51     65     84     97    103    106    111    109    105 
097      0      0      2      2      2      2      2      2      2      4      5      9     12     18     27     31     35     47     53     60     62     64     60     59 
098      0      0      2      2      2      2      2      2      2      3      4      6      8     10     15     19     23     27     33     35     33     35     34     33 
099      0      0      2      2      3      3      3      5      6      6      8     12     17     19     23     28     33     42     48     51     50     55     55     52 
100      0      0      2      2      2      2      3      5      6      8     13     19     28     35     45     57     67     77     89     98    103    103     98     95 
101      0      0      2      2      3      3      3      3      4      5      6      5      7     11     15     15     19     24     29     33     32     32     32     31 
102      0      0      2      2      2      2      2      2      3      3      3      6      9     15     24     31     39     44     49     51     56     61     60     60 
103      0      0      2      2      2      3      3      5      5      6      7     11     14     17     20     27     29     35     36     37     39     38     37     34 
104      0      0      2      2      2      2      2      2      2      3      3      3      5     10     16     21     27     32     35     40     47     47     47     42 
105      0      0      2      2      2      2      2      2      2      3      6     10     14     20     22     27     35     40     45     55     57     56     53     50 
106      0      0      2      2      2      2      2      3      4      7     10     12     13     20     26     37     41     47     51     59     62     63     61     61 
107      0      0      2      2      2      2      4      4      5      5      9     16     24     33     44     53     64     74     79     94     98     97     94     85 
108      0      0      2      2      2      2      3      3      3      4      7     12     13     20     28     33     39     46     54     55     55     58     57     55 
109      0      0      2      2      2      2      2      2      2      2      3      6     11     15     24     32     35     42     49     55     59     61     59     55 
110      0      0      2      2      2      2      2      2      2      2      3      5     10     16     28     37     40     48     52     55     58     61     57     51 
111      0      0      2      2      2      3      3      3      5      9     14     20     26     39     52     57     69     89     94    100    106    106    101     97 
112      0      0      2      2      2      2      2      4      6     12     15     19     25     32     41     58     75     87     94     95     98     99     97     91 
113      0      0      2      2      2      2      2      3      7      9     14     25     33     46     55     70     88    100    109    115    124    122    120    112 
114      0      0      2      2      2      2      2      2      3      3      3      4      4      5      4      4      4      4      4      3      3      3      3      1 
115      0      0      2      2      2      2      2      2      2      4      6      8      8     13     16     19     24     27     32     34     33     33     32     27 
116      0      0      2      2      2      2      3      4      4      8      8     14     15     20     28     35     46     50     51     52     52     50     50     47 
117      0      0      2      2      2      2      2      2      2      2      2      3      3      4      8     10     14     15     18     18     18     19     17     17 
118      0      0      2      2      3      3      4      6      7     11     16     18     24     29     40     49     61     72     81     85     91     91     87     79 
119      0      0      2      2      2      2      2      3      4      6      6     10     17     27     31     39     52     60     69     78     79     86     84     85 
120      0      0      2      2      2      2      2      2      3      3      4      5      6     11     14     15     20     26     30     32     31     32     32     32 
121      0      0      2      2      2      2      2      3      3      3      3      5      8     11     17     21     26     33     36     36     41     43     40     38 
122      0      0      2      2      2      2      2      2      4      7     12     13     17     26     38     48     60     68     77     86     85     89     84     77 
123      0      0      2      2      2      2      2      3      3      4      6     10     12     20     28     36     40     48     56     64     66     66     66     61 
124      0      0      2      2      2      2      2      3      4      4      8     14     19     31     46     53     68     85     93    101    107    107    105     98 
125      0      0      2      2      2      3      3      4      5      6      6      9     14     16     21     36     43     44     49     56     59     56     55     55 
126      0      0      2      2      2      2      3      4      6     10     15     27     37     43     47     57     73     89     94    104    110     98     95     93 
127      0      0      2      2      2      2      2      2      2      4      7     12     16     26     30     38     44     48     53     59     60     60     53     48 
128      0      0      2      2      2      2      3      4      4      5      7      8     11     15     21     28     31     38     39     44     44     42     42     39 
129      0      0      2      2      2      2      3      5      5      7     12     16     24     36     46     61     67     79     86     88     95     96     91     83 
130      0      0      2      2      2      2      2      2      2      2      2      2      3      3      3      3      5      7      8      8      8      8      8      8 
131      0      0      2      2      2      2      2      2      2      4      8     11     13     17     19     25     31     34     37     39     43     46     43     41 
132      0      0      2      2      2      2      2      3      5      9     14     19     26     38     48     58     81     96    104    110    115    120    117    114 
133      0      0      2      2      2      2      2      2      3      4      8     15     18     21     28     31     35     43     49     56     54     51     49     46 
134      0      0      2      2      2      2      3      3      3      6     10     16     22     28     38     48     60     67     76     85     91     89     84     79 
135      0      0      2      2      2      2      2      3      3      4      4      7      7     16     19     27     39     43     48     55     57     60     59     55 
136      0      0      2      2      2      2      2      2      2      3      3      3      7      9     10     12     22     29     33     34     38     39     39     38 
137      0      0      2      2      2      2      2      3      4      5      9     14     20     28     37     52     66     75     81     90     97     97     92     89 
138      0      0      2      2      2      2      3      3      4      5      6     10     13     19     25     26     30     36     37     41     40     39     37     32 
139      0      0      2      2      2      2      2      2      3      4      5      7     10     16     21     32     43     53     61     65     65     64     65     62 
140      0      0      2      2      2      2      2      5      5      5      5      5      7     13     19     26     32     32     40     41     45     46     44     40 
141      0      0      2      2      2      2      2      2      2      2      3      5      6      7     10     15     18     20     24     25     27     26     28     30 
142      0      0      2      2      2      2      2      3      3      3      3      5      7     10     13     16     21     23     27     31     30     31     30     27 
143      0      0      2      2      2      2      2      2      3      4      6      5      6      9     20     24     29     33     34     38     39     39     40     37 
144      0      0      2      2      3      3      3      3      3      5     10     15     16     19     23     32     41     44     50     50     52     51     52     49 
145      0      0      2      2      2      2      2      2      3      3      3      3      3      7      8     11     14     19     21     21     22     23     22     22 
146      0      0      2      2      2      2      2      2      2      3      5      5      8     13     15     19     24     31     35     37     40     39     38     35 
147      0      0      2      2      2      2      2      3      4      7      8     12     17     22     29     33     38     43     48     47     47     48     46     41 
148      0      0      2      2      2      3      3      3      5      7      8     12     15     22     30     31     37     48     52     56     60     59     60     53 
149      0      0      2      2      3      4      4      4      5      5      6      9     11     13     17     21     25     31     34     36     34     32     33     31 
150      0      0      2      2      2      2      3      4      5      5      6      7      8     10     12     13     16     16     22     23     23     27     28     25 
151      0      0      2      2      2      2      2      3      6      8     13     19     24     36     54     72     84     95    103    110    114    116    109    100 
152      0      0      2      2      2      3      3      3      3      5      7      8     13     19     26     30     35     39     38     42     43     41     39     39 
153      0      0      2      2      3      3      4      4      5      6     13     16     22     30     38     48     65     89     97    107    113    117    115    111 
154      0      0      2      2      2      2      2      3      3      4      6     12     16     19     27     31     44     49     51     54     54     55     51     47 
155      0      0      2      2      2      2      2      2      2     11     14     17     29     40     57     73     87    104    115    120    125    126    121    117 
156      0      0      2      2      2      2      2      3      3      5      6      5      7     10     17     24     30     34     42     45     47     47     48     45 
157      0      0      2      2      2      2      2      3      5      5      7      9     14     21     34     44     53     58     63     61     64     63     62     51 
158      0      0      2      2      2      2      2      2      2      4      5      5      8      9     11     12     14     15     17     18     18     16     14     13 
159      0      0      2      2      3      3      3      3      6      8     10     13     17     21     28     38     41     47     53     56     57     57     55     50 
160      0      0      2      2      2      3      6      8     14     17     22     30     46     60     75     99    116    143    163    174    181    178    173    167 
161      0      0      2      2      2      2      2      2      3      3      5      7      7      8     12     15     16     18     19     21     22     23     23     23 
162      0      0      2      2      2      2      2      3      4      6     10     12     16     21     33     48     58     62     66     70     72     73     74     71 
163      0      0      2      2      2      2      3      3      4      4      8      9     11     20     24     32     40     47     55     63     66     66     62     57 
164      0      0      2      2      2      2      2      2      2      3      4      6      9      9     10     15     19     24     24     25     28     28     27     28 
165      0      0      2      2      2      2      2      2      2      3      6      8     13     14     19     20     29     36     46     51     55     54     55     53 
166      0      0      2      3      3      3      3      5      7      7     10     12     17     31     41     47     57     67     81     89     94     93     88     84 
167      0      0      2      2      2      2      2      2      3      7     11     21     31     40     46     54     61     67     75     80     82     78     74     66 
168      0      0      2      2      2      2      2      3      3      3      6     11     15     26     35     45     55     60     65     66     68     71     67     66 
169      0      0      2      2      2      2      3      3      4      4      4      3      7     10     14     16     17     18     17     19     20     21     20     18 
170      0      0      2      2      2      2      2      2      3      3      6      6      6      9     11     13     16     19     20     24     24     24     25     23 
171      0      0      1      1      1      1      2      2      3      8      9     21     27     36     44     62     78     90    107    113    120    121    120    115 
172      0      0      2      2      3      4      4      5      7      9     15     19     23     30     41     52     63     72     79     83     84     90     88     81 
173      0      0      2      2      2      2      2      3      3      3      6      6      7     11     14     18     21     26     30     30     32     31     29     27 
174      0      0      2      2      2      2      3      3      3      4      4      7      6      9     10     11     12     14     15     17     16     16     16     11 
175      0      0      2      2      2      2      2      2      3      4      8     10     13     15     22     26     29     39     42     41     41     43     40     35 
176      0      0      2      2      2      2      2      3      3      5     10     12     15     18     26     35     39     51     55     61     60     59     54     50 
177      0      0      2      2      2      3      3      5      6      8     11     12     17     22     27     33     38     43     53     62     65     66     63     61 
178      0      0      2      2      2      3      3      3      4      6      7      6      8     13     19     22     30     36     42     43     46     51     50     50 
179      0      0      2      2      2      2      2      2      3      3      3      6      9     13     18     28     34     38     43     47     51     54     53     49 
180      0      0      2      2      2      2      2      2      3      3      6      9     14     22     24     28     33     40     42     47     49     50     46     46 
181      0      0      2      2      2      2      2      2      2      2      3      5      9     14     16     20     28     32     37     41     43     45     43     41 
182      0      0      2      2      2      2      3      3      3      4      5      7     13     24     35     40     57     66     79     86     98    103     99     97 
183      0      0      2      2      2      2      2      2      2      2      3      3      4      5      7      7      9      9      9      8      8      9      9      9 
184      0      0      2      2      2      2      4      4      4      4     11     16     21     24     30     41     51     56     58     59     61     62     56     51 
185      0      0      2      2      2      3      3      3      3      3      7      9     16     27     34     45     57     69     82     89     89     91     85     80 
186      0      0      2      2      2      2      3      4      5     12     15     17     20     21     25     32     39     47     52     54     57     55     51     51 
187      0      0      2      2      2      3      3      4      5      8     10     10     16     20     30     39     49     56     63     70     78     80     77     77 
188      0      0      2      2      2      2      2      3      3      4      8     10     16     21     29     33     50     53     59     62     64     64     62     59 
189      0      0      2      2      2      2      2      2      3      4      9     11     19     24     25     29     38     42     45     49     49     48     47     43 
190      0      0      2      2      2      2      2      3      6      9     11     18     25     30     32     44     49     55     63     64     65     62     60     57 
191      0      0      2      2      2      2      3      4      6      6      8     12     21     26     33     41     53     60     66     71     75     75     72     71 
192      0      0      2      2      2      2      4      4      6      8     11     11     15     22     34     38     52     56     58     62     63     65     64     59 
193      0      0      2      2      2      2      2      3      3      4      5      9     16     21     28     42     50     60     78     87     93     93     93     90 
194      0      0      2      2      2      2      2      3      4      4      8     11     13     17     20     26     30     32     34     33     33     31     30     29 
195      0      0      2      2      2      2      3      6      8     11     18     27     44     57     68     83    101    123    131    141    152    153    140    131 
196      0      0      2      2      2      2      2      2      2      2      2      5      7      9      9      9     10     12     13     15     15     12     10     10 
197      0      0      2      2      2      2      3      3      3      5      5      8     12     15     20     25     29     34     37     48     50     50     48     46 
198      0      0      2      2      2      2      2      4      4      5      6      8     11     13     20     25     29     36     40     41     39     41     42     40 
199      0      0      2      2      2      2      2      2      4      7      8     13     16     19     27     31     40     45     49     52     53     55     53     54 
