000      0      0      0      0      0      0      0      0      0      0      0      3      5      7     12     22     33     61     92    131    183    234    302    359 
001      0      0      0      0      0      0      0      0      0      0      0      0      1      4     10     22     36     62     94    123    166    211    278    340 
002      0      0      0      0      0      0      0      0      0      0      0      0      1      2      6      7     15     24     31     42     62     88    106    140 
003      0      0      0      0      0      0      0      0      0      0      0      1      2      5      8     12     17     25     36     59     83    117    148    175 
004      0      0      0      0      0      0      0      0      0      0      0      1      2      3      4      6     10     18     33     43     63     88    110    133 
005      0      0      0      0      0      0      0      0      0      0      0      1      2      5      8     12     17     25     36     59     83    117    148    175 
006      0      0      0      0      0      0      0      0      0      0      1      1      1      6     10     20     35     65     93    141    203    275    336    410 
007      0      0      0      0      0      0      0      0      0      0      0      1      3      4      5      7     10     17     23     40     59     74     99    121 
008      0      0      0      0      0      0      0      0      0      0      0      1      3      4      6     11     12     22     35     52     66     83    108    131 
009      0      0      0      0      0      0      0      0      0      0      0      0      1      3      6     11     16     23     42     64     85    111    147    180 
010      0      0      0      0      0      0      0      0      0      1      1      1      2      8     15     20     36     53     71    101    138    185    246    308 
011      0      0      0      0      0      0      0      0      0      0      0      0      1      1      6      9     13     21     34     51     74     93    112    145 
012      0      0      0      0      0      0      0      0      0      0      0      0      3      4      6      8     17     27     45     70     95    130    163    192 
013      0      0      0      0      0      0      0      0      1      1      1      2      5      7     12     21     31     44     66     92    121    156    198    242 
014      0      0      0      0      0      0      0      0      0      0      1      1      3      3      4      7     10     12     20     28     37     45     53     71 
015      0      0      0      0      0      0      0      0      0      0      0      0      3      6      8      9     15     20     30     43     57     72     99    125 
016      0      0      0      0      0      0      0      0      0      0      0      0      1      3      4      6     11     19     33     49     66     90    115    137 
017      0      0      0      0      0      0      0      0      0      0      0      2      3      7     16     25     38     63    106    148    202    267    317    364 
018      0      0      0      0      0      0      0      0      0      0      0      1      1      4      8     15     28     42     63     95    148    197    251    292 
019      0      0      0      0      0      0      0      0      0      0      0      0      1      3      5      8     10     11     13     22     26     31     36     40 
020      0      0      0      0      0      0      0      0      0      0      0      0      2      4     11     17     26     36     50     80    103    134    156    197 
021      0      0      0      0      0      0      0      0      0      0      0      0      0      4      9     19     26     38     54     84    119    164    211    253 
022      0      0      0      0      0      0      0      0      0      0      0      1      2      2      4      5      9     17     27     36     48     72     93    114 
023      0      0      0      0      0      0      0      0      0      0      1      2      3      3      6     10     22     38     66    101    130    165    215    250 
024      0      0      0      0      0      0      0      0      0      0      0      2      2      7     11     15     31     44     54     75     97    143    179    214 
025      0      0      0      0      0      0      0      0      0      0      0      0      1      2      4      9     12     22     35     48     66     98    125    151 
026      0      0      0      0      0      0      0      0      0      0      0      0      2      8     13     24     36     61     87    136    183    228    268    322 
027      0      0      0      0      0      0      0      0      0      0      0      0      2      4      6      8     12     19     29     48     76     96    124    146 
028      0      0      0      0      0      0      0      0      0      0      0      1      1      4      6     12     14     26     33     42     65     83    106    119 
029      0      0      0      0      0      0      0      0      0      0      0      0      1      1      2      2      2      6     11     16     17     20     27     33 
030      0      0      0      0      0      0      0      0      0      0      0      1      4      9     15     24     39     58     87    132    185    261    331    411 
031      0      0      0      0      0      0      0      0      0      0      0      3      6      8     13     17     29     43     59     88    103    147    176    207 
032      0      0      0      0      0      0      0      0      0      0      0      2      3      4      4      6     13     17     30     46     67     94    113    132 
033      0      0      0      0      0      0      0      0      0      0      0      1      3      5     14     22     39     55     82    127    173    223    279    338 
034      0      0      0      0      0      0      0      0      0      0      0      1      2      4      5      9     18     30     49     64     92    120    149    184 
035      0      0      0      0      0      0      0      0      0      0      0      1      3      4     12     27     41     73    105    152    208    282    361    436 
036      0      0      0      0      0      0      0      0      0      0      0      1      1      2      5     12     17     26     36     47     63     85    106    127 
037      0      0      0      0      0      0      0      0      0      0      0      1      2      2      4      6     12     21     35     55     79    102    130    155 
038      0      0      0      0      0      0      0      0      0      0      0      0      0      2      4      4      4      4      6     10     15     22     36     40 
039      0      0      0      0      0      0      0      0      0      0      0      1      3      4      7     14     22     36     57     74     94    120    156    195 
040      0      0      0      0      0      0      0      0      0      0      0      1      1      3      3      5     11     21     29     42     61     78     95    111 
041      0      0      0      0      0      0      0      0      0      0      0      0      0      2      5     11     15     27     44     71     94    117    141    172 
042      0      0      0      0      0      0      0      0      0      0      0      0      1      2      2      6     16     19     25     37     51     65     80     91 
043      0      0      0      0      0      0      0      0      0      0      0      0      2      3      4      7      8     12     22     31     46     57     74     88 
044      0      0      0      0      0      0      0      0      0      0      0      0      1      1      4      8     12     20     30     46     62     84    104    125 
045      0      0      0      0      0      0      0      0      0      0      0      0      2      3      5      6      9     15     21     30     45     59     75     91 
046      0      0      0      0      0      0      0      0      0      0      0      0      0      1      4     10     13     23     34     49     71     96    118    144 
047      0      0      0      0      0      0      0      0      0      0      0      1      1      3      7     12     24     39     61     89    130    187    238    290 
048      0      0      0      0      0      0      0      0      0      0      0      0      1      1      5     10     13     23     32     41     61     91    106    140 
049      0      0      0      0      0      0      0      0      0      0      0      2      4      5      6     15     34     58     95    139    179    219    267    321 
050      0      0      0      0      0      0      0      0      0      0      0      1      1      1      3      5      5     10     13     19     28     39     51     62 
051      0      0      0      0      0      0      0      0      0      0      0      2      2      4      8     15     28     48     72    107    140    186    238    286 
052      0      0      0      0      0      0      0      0      0      0      0      1      2      5      6      8     10     14     19     35     38     54     65     78 
053      0      0      0      0      0      0      0      0      0      0      0      1      2      3      3      6     12     18     26     39     54     68     84    103 
054      0      0      0      0      0      0      0      0      0      0      0      1      4      6      7     14     28     39     55     83    114    152    186    228 
055      0      0      0      0      0      0      0      0      0      0      0      0      1      3      5      9     12     18     24     32     41     58     63     77 
056      0      0      0      0      0      0      0      0      0      0      1      2      4      9     18     29     45     61    103    142    188    230    279    331 
057      0      0      0      0      0      0      0      0      0      0      0      0      0      1      9     18     27     34     51     79    101    135    168    220 
058      0      0      0      0      0      0      0      0      0      0      0      2      5     10     13     23     37     52     74     98    153    197    245    290 
059      0      0      0      0      0      0      0      0      0      0      0      0      3      6     13     20     28     44     74    107    137    181    225    260 
060      0      0      0      0      0      0      0      0      0      0      1      1      1      4      9     14     30     55     75    111    148    197    255    304 
061      0      0      0      0      0      0      0      0      0      0      0      0      5      7      9     12     18     28     41     53     73    102    125    149 
062      0      0      0      0      0      0      0      0      0      0      1      1      1      3      6     13     16     24     30     49     67     84    103    120 
063      0      0      0      0      0      0      0      0      0      0      0      0      2      2      2      3      3      6     11     17     19     26     40     53 
064      0      0      0      0      0      0      0      0      0      0      0      1      3      5      5      8     10     18     26     36     46     60     70     88 
065      0      0      0      0      0      0      0      0      0      0      0      0      2      6     10     19     22     39     56     75     94    134    170    205 
066      0      0      0      0      0      0      0      0      0      0      0      2      2      7     11     16     27     39     61     86    111    136    163    187 
067      0      0      0      0      0      0      0      0      0      0      0      1      2      6      8     10     18     25     37     60     83     97    125    149 
068      0      0      0      0      0      0      0      0      0      0      0      2      2      4      5     14     20     29     50     82    116    150    189    225 
069      0      0      0      0      0      0      0      0      0      0      0      0      0      2      4      6      9     14     20     27     36     48     55     69 
070      0      0      0      0      0      0      0      0      0      0      0      1      3      5     12     21     34     53     93    119    157    198    249    308 
071      0      0      0      0      0      0      0      0      0      0      0      1      3      3      7     15     23     33     43     58     75     93    124    156 
072      0      0      0      0      0      0      0      0      0      0      0      2      6      7     16     29     44     72    111    159    208    279    345    434 
073      0      0      0      0      0      0      0      0      0      0      1      3      3      3      4      8     11     22     31     56     80     96    120    144 
074      0      0      0      0      0      0      0      0      0      0      0      2      3      5     11     19     31     55     89    124    171    221    279    340 
075      0      0      0      0      0      0      0      0      0      0      0      2      4      6      8     16     21     32     43     60     86    117    156    198 
076      0      0      0      0      0      0      0      0      0      0      0      0      0      4     11     13     22     30     38     48     68     84    112    133 
077      0      0      0      0      0      0      0      0      0      0      1      1      2      4      6     17     25     43     57     78    121    160    197    235 
078      0      0      0      0      0      0      0      0      0      0      0      0      0      3      6     11     21     32     42     67     84    130    163    203 
079      0      0      0      0      0      0      0      0      0      0      0      1      2      4      6     14     25     37     58     82    111    141    177    218 
080      0      0      0      0      0      0      0      0      0      0      0      0      1      1      2      4      7      9     12     16     19     22     26     29 
081      0      0      0      0      0      0      0      0      0      0      0      2      3      4      7     15     26     39     63     85    120    154    200    246 
082      0      0      0      0      0      0      0      0      0      0      0      0      2      2      4      8     13     18     27     44     57     76     93    103 
083      0      0      0      0      0      0      0      0      0      0      1      3      7      9     13     17     23     39     61     95    135    166    216    255 
084      0      0      0      0      0      0      0      0      0      0      1      2      3      3     10     15     19     30     43     61     87    118    151    178 
085      0      0      0      0      0      0      0      0      0      0      0      2      2      3      5     12     14     23     33     51     71     90    110    132 
086      0      0      0      0      0      0      0      0      0      0      1      2      3      7      8     12     20     33     57     73    109    148    191    233 
087      0      0      0      0      0      0      0      0      0      0      0      1      2      3      4      7     12     19     26     37     51     74     80     96 
088      0      0      0      0      0      0      0      0      0      0      0      0      0      1      3      8     12     16     22     29     41     49     58     70 
089      0      0      0      0      0      0      0      0      0      0      0      2      4      8     17     25     49     81    123    169    225    296    357    412 
090      0      0      0      0      0      0      0      0      0      0      0      1      5      7     14     25     39     66     98    128    174    230    284    336 
091      0      0      0      0      0      0      0      0      0      0      0      0      1      3      6      9     12     22     37     51     67     88    105    138 
092      0      0      0      0      0      0      0      0      0      0      0      0      2      4      8     11     21     29     49     74    102    135    180    219 
093      0      0      0      0      0      0      0      0      0      0      0      0      2      6      7      7      9     12     16     28     40     52     73     84 
094      0      0      0      0      0      0      0      0      0      0      0      0      3      5     13     17     31     55     79    106    134    174    217    263 
095      0      0      0      0      0      0      0      0      0      0      0      0      3      5     11     19     27     47     70    120    177    226    282    343 
096      0      0      0      0      0      0      0      0      0      0      0      1      1      4     12     17     32     54     86    121    166    222    273    341 
097      0      0      0      0      0      0      0      0      0      0      1      1      3      5     11     17     27     35     52     69     98    121    150    171 
098      0      0      0      0      0      0      0      0      0      0      0      1      3      4      5      7     10     15     21     30     40     44     60     78 
099      0      0      0      0      0      0      0      0      0      0      0      0      0      1      4      8     16     21     37     57     88    105    126    157 
100      0      0      0      0      0      0      0      0      0      0      1      4      6      7     14     28     47     62     90    131    192    250    326    375 
101      0      0      0      0      0      0      0      0      0      0      0      1      1      2      5      9     10     14     25     31     47     57     80     94 
102      0      0      0      0      0      0      0      0      0      0      0      1      1      5      6     11     23     30     39     57     84    116    155    195 
103      0      0      0      0      0      0      0      0      0      0      1      4      5      7      9     11     17     27     40     53     68     91    111    140 
104      0      0      0      0      0      0      0      0      0      0      0      1      4      7      7      8     14     24     32     41     61     92    121    143 
105      0      0      0      0      0      0      0      0      0      0      0      0      2      2      4     12     14     20     39     57     74    105    138    164 
106      0      0      0      0      0      0      0      0      0      1      1      1      1      1      5     10     23     31     48     70     97    124    162    198 
107      0      0      0      0      0      0      0      0      0      0      0      0      2      5      8     17     27     40     62     92    136    184    252    298 
108      0      0      0      0      0      0      0      0      0      0      0      1      1      4      9     17     25     39     54     80    102    125    147    178 
109      0      0      0      0      0      0      0      0      0      0      1      1      1      2      6      9     20     32     43     68     93    116    154    203 
110      0      0      0      0      0      0      0      0      0      0      0      0      3      5      6     11     16     25     39     57     81    110    132    175 
111      0      0      0      0      0      0      0      0      0      0      0      0      0      5     15     21     37     60     82    129    171    209    285    345 
112      0      0      0      0      0      0      0      0      0      1      1      2      5     12     21     28     42     61     86    121    164    218    256    301 
113      0      0      0      0      0      0      0      0      0      0      0      1      3     10     17     25     45     67     93    143    192    253    319    385 
114      0      0      0      0      0      0      0      0      0      0      0      0      0      0      1      3      3      4      6      9     10     14     20     29 
115      0      0      0      0      0      0      0      0      0      0      1      1      2      3      7     14     15     25     32     42     56     76     94    115 
116      0      0      0      0      0      0      0      0      0      0      0      2      3      3      6     10     16     28     41     57     81    108    130    150 
117      0      0      0      0      0      0      0      0      0      0      0      0      0      2      3      5      5     10     14     21     27     36     43     52 
118      0      0      0      0      0      0      0      0      0      1      1      2      2      3      7     10     24     37     67    100    121    164    204    253 
119      0      0      0      0      0      0      0      0      0      0      0      1      3      5     11     17     30     50     80    105    149    201    252    295 
120      0      0      0      0      0      0      0      0      0      0      0      0      1      2      7      9      9     15     19     32     47     58     73     83 
121      0      0      0      0      0      0      0      0      0      0      0      1      1      1      5      9     13     21     26     47     75     92    114    138 
122      0      0      0      0      0      0      0      0      0      0      0      2      3      5      8     21     32     56     89    131    175    218    265    326 
123      0      0      0      0      0      0      0      0      0      0      0      1      2      2      6     10     23     28     39     55     75     92    121    152 
124      0      0      0      0      0      0      0      0      0      0      0      3      3      7      9     16     28     45     64     85    125    166    222    274 
125      0      0      0      0      0      0      0      0      0      0      0      0      1      2      3      7     15     30     41     72    100    133    165    200 
126      0      0      0      0      0      0      0      0      0      0      0      0      0      4      9     22     48     67     97    133    180    251    306    362 
127      0      0      0      0      0      0      0      0      0      0      0      1      1      4      9     13     22     38     54     82    103    130    179    209 
128      0      0      0      0      0      0      0      0      0      0      0      0      2      3      5     12     17     24     40     49     69     85    110    132 
129      0      0      0      0      0      0      0      0      1      1      2      3      4      7     15     20     28     41     64     98    138    186    233    274 
130      0      0      0      0      0      0      0      0      0      0      0      0      0      1      1      2      5      8     12     20     24     28     32     39 
131      0      0      0      0      0      0      0      0      0      0      0      0      1      3      6     11     15     24     33     50     69    100    134    168 
132      0      0      0      0      0      0      0      0      0      0      0      3      5      8     19     29     44     70    110    157    201    254    303    361 
133      0      0      0      0      0      0      0      0      0      0      0      2      4      7      8     12     19     31     51     70     92    128    161    190 
134      0      0      0      0      0      0      0      0      0      0      0      3      5      8      9     15     25     44     67     96    130    173    204    243 
135      0      0      0      0      0      0      0      0      0      0      0      0      0      5      8     11     19     29     42     59     75    112    136    162 
136      0      0      0      0      0      0      0      0      0      0      0      0      2      3      8      9     15     26     32     42     58     71    101    131 
137      0      0      0      0      0      0      0      0      0      0      0      1      3      4      7     17     28     44     64     91    126    181    234    284 
138      0      0      0      0      0      0      0      0      0      0      0      0      1      1      5      8     14     18     24     35     52     66     80    100 
139      0      0      0      0      0      0      0      0      0      1      1      3      4      4      6     11     16     27     40     57     79    108    136    170 
140      0      0      0      0      0      0      0      0      0      0      0      0      1      2      4     11     19     31     43     56     75    100    126    159 
141      0      0      0      0      0      0      0      0      0      0      0      3      3      4      6      9     12     15     26     37     47     58     78    104 
142      0      0      0      0      0      0      0      0      0      0      0      0      0      2      4      7      9     18     28     44     56     77     93    115 
143      0      0      0      0      0      0      0      0      0      0      1      2      3      5      8     14     21     26     30     45     64     89    110    140 
144      0      0      0      0      0      0      0      0      0      0      1      1      1      3      5     14     17     25     42     64     87    113    140    177 
145      0      0      0      0      0      0      0      0      0      0      0      0      1      1      2      2      5      7     12     18     30     45     56     68 
146      0      0      0      0      0      0      0      0      0      0      0      1      1      4      6      9     13     19     29     40     51     68     83    105 
147      0      0      0      0      0      0      0      0      0      0      0      1      2      3      7     20     27     42     70    101    134    167    207    246 
148      0      0      0      0      0      0      0      0      0      0      0      0      0      3      4     12     20     25     38     53     79    103    123    145 
149      0      0      0      0      0      0      0      0      0      0      0      0      1      3      5     12     22     26     36     47     64     83     97    116 
150      0      0      0      0      0      0      0      0      0      0      0      1      1      1      3      5      9     16     21     25     38     44     57     73 
151      0      0      0      0      0      0      0      0      0      0      0      0      2      6      9     14     27     54     85    120    184    226    312    379 
152      0      0      0      0      0      0      0      0      0      0      0      1      1      1      4      6      8     15     19     30     46     71     97    118 
153      0      0      0      0      0      0      0      0      0      0      0      1      2      2      7     11     25     45     60     96    131    179    229    289 
154      0      0      0      0      0      0      0      0      0      0      0      0      0      1      2      9     18     26     39     59     83    105    145    181 
155      0      0      0      0      0      0      0      0      0      1      1      3      6      8     11     19     30     55     77    121    183    237    291    355 
156      0      0      0      0      0      0      0      0      0      0      0      2      2      3      5      7     13     19     29     40     51     66     86    110 
157      0      0      0      0      0      0      0      0      0      0      0      1      4      6     10     15     18     26     36     59     84    118    152    186 
158      0      0      0      0      0      0      0      0      0      0      1      2      2      2      5      9     15     21     32     44     59     75     88    104 
159      0      0      0      0      0      0      0      0      0      0      2      2      4     10     11     16     21     29     44     60     84     99    126    155 
160      0      0      0      0      0      0      0      0      0      1      1      3      5      8     25     36     61     97    138    194    264    347    436    520 
161      0      0      0      0      0      0      0      0      0      0      0      0      0      1      3      6      9     12     19     30     47     56     69     74 
162      0      0      0      0      0      0      0      0      0      0      0      1      1      4      8     10     22     43     66     92    135    176    207    243 
163      0      0      0      0      0      0      0      0      0      0      0      1      1      4     10     14     22     29     40     55     84    107    134    158 
164      0      0      0      0      0      0      0      0      0      0      0      1      2      3      4      8     13     16     21     27     36     48     60     76 
165      0      0      0      0      0      0      0      0      0      0      0      0      1      2      6     13     17     27     36     50     69     90    115    140 
166      0      0      0      0      0      0      0      0      0      0      0      0      2      5      8     18     27     38     60     86    128    163    197    239 
167      0      0      0      0      0      0      0      0      0      0      0      1      3      8     10     17     29     51     76    109    154    202    255    302 
168      0      0      0      0      0      0      0      0      0      1      1      1      2      6     12     18     26     36     52     74    112    141    187    213 
169      0      0      0      0      0      0      0      0      0      0      0      1      1      1      2      5      6      9     15     20     23     33     49     63 
170      0      0      0      0      0      0      0      0      0      0      0      1      1      3      5      7     10     20     28     38     54     72     94    109 
171      0      0      0      0      0      0      0      0      0      0      1      1      1      6     16     21     29     41     69    103    148    204    249    308 
172      0      0      0      0      0      0      0      0      0      0      0      1      2      6     11     18     28     50     73    110    157    199    253    304 
173      0      0      0      0      0      0      0      0      0      0      0      0      3      4      6      7     10     16     22     26     41     51     63     75 
174      0      0      0      0      0      0      0      0      0      0      0      0      2      4      5      5      7     13     19     23     31     46     53     67 
175      0      0      0      0      0      0      0      0      0      0      0      0      1      5      8     10     13     21     31     43     58     73     95    120 
176      0      0      0      0      0      0      0      0      0      0      0      1      3      7      9     12     18     33     49     66     98    128    156    188 
177      0      0      0      0      0      0      0      0      0      0      0      0      3      6      7     16     23     36     51     69     97    127    162    207 
178      0      0      0      0      0      0      0      0      0      0      0      2      2      4     10     16     21     29     44     61     78    101    136    159 
179      0      0      0      0      0      0      0      0      0      0      0      0      2      3      7     11     17     31     48     63     92    126    160    187 
180      0      0      0      0      0      0      0      0      0      0      0      0      0      1      5     12     16     23     29     48     66     86    116    132 
181      0      0      0      0      0      0      0      0      0      0      0      1      1      2      6     11     15     21     34     49     66     82    102    137 
182      0      0      0      0      0      0      0      0      0      0      0      1      5     13     21     27     39     57     83    115    159    196    245    285 
183      0      0      0      0      0      0      0      0      0      0      0      0      0      0      2      3      3      7      8     16     16     22     24     27 
184      0      0      0      0      0      0      0      0      0      1      2      3      3      6      9      9     17     34     52     80    102    139    172    209 
185      0      0      0      0      0      0      0      0      0      0      0      0      0      2      6     11     30     55     82    118    157    195    249    296 
186      0      0      0      0      0      0      0      0      0      0      0      0      3      5      7     19     31     50     71     96    136    182    221    258 
187      0      0      0      0      0      0      0      0      0      0      1      2      6      8     12     29     41     60     80    119    152    194    235    279 
188      0      0      0      0      0      0      0      0      0      0      0      3      5      7     11     14     17     30     40     54     87    128    164    196 
189      0      0      0      0      0      0      0      0      0      0      0      1      2      5      9     15     19     30     51     70     97    130    169    197 
190      0      0      0      0      0      0      0      0      0      0      1      1      2      3      9     12     24     32     45     65     83    115    141    172 
191      0      0      0      0      0      0      0      0      0      0      0      1      2      4      7     13     24     39     56     80    108    157    203    246 
192      0      0      0      0      0      0      0      0      0      0      1      1      3      6      7      9     19     32     55     82    111    148    184    218 
193      0      0      0      0      0      0      0      0      0      0      0      3      5      8     10     21     33     51     80    115    141    189    244    287 
194      0      0      0      0      0      0      0      0      0      0      0      1      2      3      5      6     10     15     28     37     53     71     94    115 
195      0      0      0      0      0      0      0      0      0      0      0      1      2     13     19     27     49     78    122    170    218    270    337    412 
196      0      0      0      0      0      0      0      0      0      0      0      0      0      0      3      5      6     10     12     15     18     31     39     48 
197      0      0      0      0      0      0      0      0      0      0      0      2      3      3      4      7     15     23     38     56     82    110    143    163 
198      0      0      0      0      0      0      0      0      0      1      1      3      5      5      6      8     14     16     25     37     58     77     92    119 
199      0      0      0      0      0      0      0      0      0      0      0      1      2      4      6     10     15     23     46     70     91    119    154    187 
