000      2      0      0      0      0      2      9     14     41     91    199    399    694   1277   2131   3342 
001      2      0      0      1      1      3      7     23     60    120    258    523    955   1683   2783   4391 
002      2      0      0      0      2      3      9     31     79    146    306    630   1235   2215   3797   6002 
003      2      0      0      0      0      5     12     44    138    334    712   1470   2875   5192   8594  13435 
004      2      0      0      0      1      6     11     28     76    155    331    676   1287   2250   3727   5886 
005      2      0      0      0      0      2      8     31     80    194    425    871   1594   2836   4824   7603 
006      2      0      0      0      0      0      4     13     45    101    231    480    884   1605   2721   4347 
007      2      0      0      0      0      0      8     25     62    154    346    708   1369   2473   4179   6620 
008      2      0      0      0      1      2      5     16     43     99    234    444    849   1500   2522   4066 
009      2      0      0      0      1      1      6     24     69    169    375    788   1503   2681   4498   7031 
010      2      0      0      1      1      6     21     66    156    399    855   1729   3267   5958  10029  15812 
011      2      0      0      0      1      2     13     50    140    332    688   1418   2689   4874   8317  12969 
012      2      0      0      0      0      3     10     26     55    166    364    719   1338   2446   4059   6427 
013      2      0      0      0      0      4     11     42     88    221    471    951   1780   3325   5477   8508 
014      2      0      0      0      0      3     12     21     55    141    321    653   1232   2167   3591   5540 
015      2      0      0      0      1      4      6     20     59    151    332    677   1305   2326   3935   6193 
016      2      0      0      1      1      6     20     58    123    326    699   1481   2839   5034   8432  13209 
017      2      0      0      0      0      2      8     23     64    175    408    845   1588   2870   4736   7488 
018      2      0      0      0      2      2      5     15     43    104    245    497    956   1668   2818   4429 
019      2      0      0      0      2      9     16     37    105    218    519   1096   2087   3689   6167   9565 
020      2      0      0      0      1      8     24     69    157    365    874   1754   3294   5807   9776  15364 
021      2      0      0      0      2      3      6     21     47    123    294    601   1142   2050   3414   5315 
022      2      0      0      0      0      3      9     35     91    201    463    917   1768   3139   5234   8177 
023      2      0      0      0      0      1      2     23     57    144    318    655   1187   2085   3439   5424 
024      2      0      0      0      1      5     18     47    107    233    487    976   1904   3432   5755   8930 
025      2      0      0      0      0      1      3     13     45    114    274    569   1087   1979   3234   5043 
026      2      0      0      0      1      1      7     19     42     94    204    432    825   1503   2536   3879 
027      2      0      0      0      1      2      9     36     85    212    540   1111   2021   3605   6049   9521 
028      2      0      0      0      0      2      6     15     41    102    247    542   1051   1880   3258   5131 
029      2      0      0      0      2      6     12     29     72    193    448    919   1772   3215   5430   8520 
030      2      0      0      0      2      6     12     29     72    193    448    919   1772   3215   5430   8520 
031      2      0      0      0      1      5     10     46    127    270    605   1249   2346   4271   7186  11257 
032      2      0      0      0      0      6     14     31    101    248    547   1125   2088   3704   6221   9705 
033      2      0      0      0      0      3      7     24     81    196    434    922   1782   3181   5320   8481 
034      2      0      0      0      0      3      7     20     48    129    288    578   1151   2045   3386   5232 
035      2      0      0      0      1      4      6     21     56    156    370    774   1522   2709   4504   6948 
036      2      0      0      0      0      2     13     40     87    216    485   1008   1916   3403   5725   9144 
037      2      0      0      0      1      3      8     29     65    164    413    856   1620   2875   4844   7595 
038      2      0      0      0      1      4      7     25     79    175    395    799   1479   2599   4397   6876 
039      2      0      0      0      0      1     15     34     88    191    421    895   1703   3123   5295   8381 
040      2      0      0      0      2     10     20     77    194    475   1106   2260   4368   7710  12774  19978 
041      2      0      0      0      0      4     15     42     99    245    538   1149   2152   3832   6359   9988 
042      2      0      0      0      0      3     12     30     77    205    433    838   1637   2942   4930   7635 
043      2      0      0      1      1      5     12     33     84    198    456    912   1797   3221   5506   8682 
044      2      0      0      0      1      2     12     38    101    244    559   1135   2119   3745   6213   9706 
045      2      0      0      1      2      6     30     85    196    447    984   2001   3900   6884  11486  18034 
046      2      0      0      0      2      3     13     34     97    263    574   1195   2295   4101   6856  10727 
047      2      0      0      0      0      1      5     22     40     95    235    487    982   1738   2830   4412 
048      2      0      0      0      0      4     12     45    125    303    673   1348   2592   4526   7482  11802 
049      2      0      0      0      0      1      5     13     38     85    182    384    804   1459   2411   3797 
050      2      0      0      0      2     10     18     43    116    285    621   1276   2369   4207   7207  11222 
051      2      0      0      0      1      1     19     60    160    339    763   1628   3089   5589   9247  14513 
052      2      0      0      0      0      4     20     44    118    253    541   1081   2032   3723   6273   9893 
053      2      0      0      0      0      0      8     37     91    228    486   1002   1856   3347   5514   8566 
054      2      0      0      1      2      6     15     35     89    184    382    790   1574   2772   4636   7214 
055      2      0      0      0      0      2     13     37     90    208    472    945   1825   3277   5480   8596 
056      2      0      0      0      0      2     10     42    120    278    633   1338   2560   4556   7675  11987 
057      2      0      0      0      1      5     18     43    113    263    556   1125   2133   3835   6403   9994 
058      2      0      0      0      1      5     13     29     72    176    405    861   1724   2964   5032   7838 
059      2      0      0      0      2      8     27     60    154    339    724   1411   2715   4797   7867  12163 
060      2      0      0      0      0      2      9     24     60    160    371    719   1410   2510   4174   6560 
061      2      0      0      0      0      2      7     30     73    173    375    809   1505   2801   4664   7414 
062      2      0      0      0      0      3     12     33    114    288    630   1256   2400   4301   7088  11215 
063      2      0      0      1      1      7     24     56    128    273    601   1237   2330   4201   6994  10996 
064      2      0      0      0      0      0      1      8     36     65    146    311    599   1078   1763   2826 
065      2      0      0      0      0      1     10     31     78    198    484   1027   1933   3510   5787   9041 
066      2      0      0      0      0      2      5      8     34     86    174    389    719   1272   2097   3231 
067      2      0      0      3      5     12     29     66    156    352    865   1792   3442   6209  10247  16177 
068      2      0      0      0      0      4      8     27     76    136    277    564   1084   1949   3285   5253 
069      2      0      0      1      1      8     24     57    121    322    693   1395   2593   4655   7783  12409 
070      2      0      0      0      1      4     14     35     93    237    544   1166   2221   3914   6496  10196 
071      2      0      0      0      0      1     11     36     94    215    459    929   1793   3211   5347   8348 
072      2      0      0      0      1      5     13     50    134    287    657   1376   2699   4811   8103  12784 
073      2      0      0      0      1      3     10     31     77    157    360    759   1496   2732   4528   7112 
074      2      0      0      0      0      2     20     49    115    275    595   1221   2326   4131   6784  10798 
075      2      0      0      0      0      4      7     26     63    159    365    735   1421   2540   4191   6551 
076      2      0      0      0      1      7     16     47    127    278    566   1159   2168   3907   6605  10416 
077      2      0      0      0      2      9     29     67    143    309    698   1493   2820   5063   8490  13308 
078      2      0      0      0      0      2      6     16     45    120    282    615   1170   2036   3361   5346 
079      2      0      0      0      1      5     11     23     53    139    288    589   1116   1955   3300   5242 
080      2      0      0      1      1      5     15     47     94    218    533   1094   2062   3761   6410  10125 
081      2      0      0      0      3      6     17     41    100    240    489    986   1920   3463   5842   9223 
082      2      0      0      1      1      4     10     25     65    161    351    681   1325   2380   3949   6174 
083      2      0      0      0      0      3      9     27     93    238    541   1070   2067   3711   6223   9821 
084      2      0      0      0      3      5     13     41    111    268    641   1302   2523   4557   7509  11669 
085      2      0      0      0      1      3     11     29     69    161    375    767   1480   2716   4521   7045 
086      2      0      0      0      0      1     14     47    134    309    706   1400   2642   4650   7769  12169 
087      2      0      0      0      0      1      7     33     93    222    468    968   1766   3164   5290   8370 
088      2      0      0      0      0      0      4     20     63    159    355    752   1351   2405   4035   6264 
089      2      0      0      0      2      8     21     57    146    298    579   1180   2226   4026   6801  10579 
090      2      0      0      0      1      1      3     22     57    141    316    675   1274   2235   3761   5946 
091      2      0      0      0      1      5     16     56    151    343    726   1401   2689   4711   7841  12341 
092      2      0      0      0      0      0      1      4     17     48    113    239    466    826   1391   2185 
093      2      0      0      0      1      5     17     60    132    310    700   1412   2675   4797   8035  12675 
094      2      0      0      0      0      1     11     28     94    193    421    874   1689   2937   4909   7717 
095      2      0      0      0      0      1      5     14     38     86    197    379    763   1374   2292   3562 
096      2      0      0      0      0      4     10     36     98    242    553   1088   2041   3642   6000   9458 
097      2      0      0      0      0      4      8     20     51    117    237    467    864   1607   2632   4074 
098      2      0      0      0      1      4     19     52    124    293    626   1292   2421   4418   7360  11487 
099      2      0      0      0      2      2     16     51    125    268    544   1138   2149   3810   6300   9970 
100      2      0      0      0      0      1     12     38     85    230    496   1045   1998   3580   6088   9631 
101      2      0      0      0      0      1     11     32     78    177    388    816   1545   2720   4516   7104 
102      2      0      0      0      1      4      9     20     47    104    244    505    945   1763   2979   4594 
103      2      0      0      0      0      1      6     19     52    122    293    597   1121   1985   3297   5086 
104      2      0      0      0      3      4     11     29     59    137    323    597   1109   1987   3318   5211 
105      2      0      0      0      0      1      7     27     64    194    404    845   1608   2841   4709   7500 
106      2      0      0      1      1      2      3      9     49    119    264    564   1070   1945   3213   5045 
107      2      0      0      0      1      2      9     39     97    236    511    984   1902   3406   5652   8810 
108      2      0      0      0      0      0      1     14     36    101    233    479    978   1767   2954   4631 
109      2      0      0      0      0      3     18     46    107    249    554   1160   2251   4071   6753  10507 
110      2      0      0      0      1      3      9     28     77    200    477    928   1811   3272   5564   8654 
111      2      0      0      0      2      7     23     64    124    302    674   1347   2581   4495   7602  11868 
112      2      0      0      0      1      4      9     25     62    157    362    787   1432   2586   4268   6809 
113      2      0      0      0      1      4     15     37    114    256    536   1117   2131   3841   6417  10244 
114      2      0      0      0      0      3     21     40    113    265    581   1228   2331   4108   6705  10704 
115      2      0      0      0      0      4      7     25     59    157    319    654   1281   2302   3868   5988 
116      2      0      0      0      2      3     17     44    114    299    656   1337   2673   4734   7848  12367 
117      2      0      0      0      2      7     18     41    100    260    539   1128   2154   3824   6405  10057 
118      2      0      0      0      0      4      7     27     66    150    322    675   1293   2248   3839   6042 
119      2      0      0      0      0      7     18     52    131    309    652   1414   2714   4835   8131  12702 
120      2      0      0      0      1      4     15     38     89    194    442    937   1716   3009   5141   8136 
121      2      0      0      0      0      1      7     22     75    179    375    783   1487   2598   4297   6746 
122      2      0      0      0      1      3      9     34    102    270    572   1173   2248   4093   6822  10677 
123      2      0      0      0      0      5     12     23     54    129    261    595   1102   2000   3298   5220 
124      2      0      0      0      1      5      9     28     78    197    430    847   1608   2889   4817   7614 
125      2      0      0      0      1      6     24     55    122    286    603   1196   2306   4126   6979  11030 
126      2      0      0      1      2      6     18     51    110    278    610   1268   2456   4358   7174  11160 
127      2      0      0      0      0      1      6     17     45    130    311    647   1259   2185   3784   5946 
128      2      0      0      0      0      0      6     25     91    226    489    976   1842   3269   5362   8323 
129      2      0      0      0      1      1      7     13     49    124    302    635   1198   2148   3610   5732 
130      2      0      0      0      0      0      2     11     30     67    128    258    519    961   1556   2491 
131      2      0      0      0      1      3      6     29     84    221    470    937   1728   3076   5161   8038 
132      2      0      0      0      0      2     10     29     62    151    355    747   1453   2542   4299   6828 
133      2      0      0      0      1      5     16     43    106    243    523   1052   1981   3576   5977   9366 
134      2      0      0      0      0      3      6     23     66    159    365    738   1444   2662   4415   6937 
135      2      0      0      0      0      1      9     32     68    185    396    786   1549   2813   4785   7671 
136      2      0      0      0      0      1      3     10     33     80    165    327    603   1072   1838   2903 
137      2      0      0      0      1      6     19     53    132    302    638   1280   2483   4252   7165  11248 
138      2      0      0      0      3     10     24     76    177    428    931   1849   3524   6202  10271  16252 
139      2      0      0      1      1     13     26     65    161    376    824   1662   3262   5896   9810  15364 
140      2      0      0      0      0      0      2     11     36     82    177    345    680   1190   2006   3130 
141      2      0      0      0      1      3     12     36     81    190    441    915   1774   3174   5379   8519 
142      2      0      0      0      0      1      6     20     48    102    210    418    818   1468   2487   3961 
143      2      0      0      0      0      2      9     37    112    281    601   1276   2439   4385   7434  11816 
144      2      0      0      0      2      6     22     67    145    347    748   1570   3071   5468   9287  14502 
145      2      0      0      0      0      3      8     21     61    160    359    745   1418   2621   4379   6792 
146      2      0      0      0      0      2      5     17     57    126    275    576   1145   1916   3138   4909 
147      2      0      0      0      1      6     16     44    107    234    488    999   1905   3432   5770   9177 
148      2      0      0      0      1      5      8     33     88    209    527   1064   2028   3672   6118   9664 
149      2      0      0      0      0      1      6     19     53    116    279    530    991   1719   2951   4710 
150      2      0      0      0      0      2     18     48    131    335    743   1533   2888   5004   8429  13244 
151      2      0      0      0      2      4     16     35     77    178    398    823   1498   2733   4600   7410 
152      2      0      0      0      1      3     18     44    102    288    623   1308   2587   4576   7612  11769 
153      2      0      0      0      0      3      9     31     82    189    373    770   1421   2672   4505   7014 
154      2      0      0      0      2      5     15     44    100    255    565   1079   2083   3768   6311   9943 
155      2      0      0      0      1      5     19     45    108    226    491    997   1852   3419   5682   8843 
156      2      0      0      0      1      4     13     37     86    211    478    983   1913   3439   5772   9084 
157      2      0      0      0      1      6     16     42    103    273    581   1180   2323   4201   6963  10876 
158      2      0      0      1      1      5     19     62    152    346    746   1533   2976   5279   8925  14006 
159      2      0      0      0      1      5     15     41    110    250    599   1248   2392   4204   6982  11168 
160      2      0      0      0      0      1      6     23     65    156    346    688   1310   2390   4002   6343 
161      2      0      0      0      0      1      4     14     29     58    144    293    539    987   1659   2593 
162      2      0      0      0      1      4     26     54    125    309    658   1292   2459   4318   7328  11555 
163      2      0      0      0      1      2     10     28     77    182    412    895   1743   3068   5090   8003 
164      2      0      0      0      0      2      7     18     47    119    279    584   1082   1962   3244   5178 
165      2      0      0      0      3      4      7     21     57    137    310    667   1249   2266   3828   5967 
166      2      0      0      0      1      3     15     38     97    254    549   1152   2156   3858   6465  10237 
167      2      0      0      0      0      1      5     17     48    122    233    447    878   1626   2691   4330 
168      2      0      0      0      1      8     20     62    176    411    852   1713   3362   5966   9943  15564 
169      2      0      0      0      0      7     20     44    125    284    623   1318   2530   4570   7651  12128 
170      2      0      0      0      0      2     10     22     77    177    379    757   1404   2485   4127   6461 
171      2      0      0      0      0      1      5     23     51    105    239    486    884   1573   2628   4143 
172      2      0      0      0      1      4     22     55    140    336    706   1405   2776   4837   8070  12760 
173      2      0      0      0      1      3      9     17     43     96    228    455    924   1618   2698   4166 
174      2      0      0      0      0      2      8     11     23     61    127    258    535    947   1611   2551 
175      2      0      0      0      0      1      6     35     92    206    455    952   1839   3221   5397   8670 
176      2      0      0      0      0      3      7     20     59    140    319    632   1149   2048   3490   5425 
177      2      0      0      0      0      6     10     27     63    164    344    682   1293   2341   3894   6185 
178      2      0      0      0      1      6     14     34     82    205    494   1067   2129   3796   6301   9868 
179      2      0      0      0      0      1      7     19     49    145    312    639   1155   2007   3366   5313 
180      2      0      1      1      2      4     18     37     77    177    445    901   1752   3110   5261   8342 
181      2      0      0      0      1      4     13     30     86    205    460    921   1764   3167   5224   8233 
182      2      0      0      0      2      6     13     35     87    211    475   1001   1931   3443   5749   8955 
183      2      0      0      0      2      6     12     31     81    181    385    795   1565   2788   4682   7442 
184      2      0      0      0      1      2      6     27     64    139    295    602   1112   1939   3176   5019 
185      2      0      0      0      0      2     10     37     71    172    380    814   1534   2777   4662   7423 
186      2      0      0      0      1      1      5     18     53    144    291    590   1086   1858   3157   4905 
187      2      0      0      0      2      5     16     40     99    264    569   1120   2187   3939   6620  10449 
188      2      0      0      0      0      3      8     25     59    164    370    745   1376   2498   4122   6454 
189      2      0      0      0      2      4     15     35     90    206    447    892   1632   2945   4942   7828 
190      2      0      0      0      0      2      4     12     25     60    140    287    566    996   1671   2705 
191      2      0      0      0      1      3     17     40    106    242    556   1155   2264   4104   6835  10757 
192      2      0      0      0      0      4     18     41    103    250    537   1127   2236   3888   6435  10156 
193      2      0      0      0      0      0      7     24     71    197    437    890   1622   2897   4826   7482 
194      2      0      0      1      1      4     13     29     85    203    456    925   1815   3208   5320   8268 
195      2      0      0      0      2      2      7     21     77    171    409    830   1536   2706   4529   7215 
196      2      0      0      0      0      1      6     19     42    100    236    508    984   1755   2913   4504 
197      2      0      0      0      0      3      5     22     62    138    319    600   1140   1965   3216   5039 
198      2      0      0      0      2      3      7     26     69    156    344    708   1322   2386   3949   6214 
199      2      0      0      0      0      1      7     19     37     76    185    374    668   1148   1938   3052 
200      2      0      0      0      1      3     10     31     84    200    453    903   1753   3176   5261   8303 
201      2      0      0      0      1      3     11     38    115    228    499   1060   1983   3553   5919   9162 
202      2      0      0      0      1      2     10     30     64    127    250    546   1074   1929   3154   4983 
203      2      0      0      0      0      3     13     24     66    142    324    685   1354   2422   4070   6388 
204      2      0      0      1      1      2      8     38    100    251    579   1216   2328   4142   6871  10791 
205      2      0      0      0      0      4      7     27     62    149    334    695   1331   2398   3990   6192 
206      2      0      0      0      0      3     15     51    123    276    589   1223   2354   4164   7056  11233 
207      2      0      0      0      2      5     20     57    139    338    738   1492   2854   5136   8579  13491 
208      2      0      0      0      0     10     25     81    204    460   1000   2036   3714   6554  11055  17373 
209      2      0      0      0      2      2      9     31     80    192    460    917   1707   2989   4985   7842 
210      2      0      0      0      2      5     15     46     91    221    443    968   1772   3109   5180   8152 
211      2      0      0      0      0      2      6     24     59    145    299    569   1060   1853   3193   4968 
212      2      0      0      0      0      0      4     20     63    135    294    608   1167   2032   3360   5267 
213      2      0      0      0      0      6     16     38     98    239    531   1078   2107   3744   6332   9934 
214      2      0      0      0      1      1     11     31     98    245    523   1041   2036   3734   6275  10049 
215      2      0      0      1      2      6     16     38     97    242    501    971   1858   3298   5555   8727 
216      2      0      0      0      0      4     17     68    168    380    830   1781   3415   5940   9798  15357 
217      2      0      0      0      0      5     15     34     79    202    429    913   1815   3236   5438   8599 
218      2      0      0      0      0      3     11     22     60    124    250    489    926   1665   2725   4242 
219      2      0      0      0      0      3      5     28     79    240    512   1068   2002   3423   5653   8896 
220      2      0      0      0      1      2     12     25     73    158    369    760   1388   2487   4163   6461 
221      2      0      0      0      0      2     12     39    102    231    525   1094   2144   3750   6173   9582 
222      2      0      0      0      0      2      7     16     38    117    244    468    945   1688   2792   4422 
223      2      0      0      0      0      4     11     42    125    292    599   1248   2373   4339   7245  11351 
224      2      0      0      0      2      6     12     43     91    203    504   1009   1957   3527   5921   9292 
225      2      0      0      0      4     10     31     75    172    412    954   2031   3887   6992  11601  18325 
226      2      0      0      0      1      4      9     31     96    224    510   1016   1987   3626   5919   9376 
227      2      0      0      0      1      3     13     43    111    258    614   1187   2254   4081   6871  10829 
228      2      0      0      0      2      6      7     25     77    195    437    872   1689   3012   5072   7997 
229      2      0      0      0      1      8     12     38    102    264    580   1183   2373   4248   7110  11138 
230      2      0      0      0      0      2      9     32     82    195    473    917   1709   3027   5116   8089 
231      2      0      0      0      0      0      3     11     26     79    166    336    655   1134   1902   2992 
232      2      0      0      0      3      8     19     52    125    329    715   1460   2780   4872   8166  12887 
233      2      0      0      0      2      4     12     41     89    214    472    919   1703   2974   5025   7828 
234      2      0      0      0      0      1      6     34     88    210    455    883   1700   3135   5195   8184 
235      2      0      0      0      2      5     16     51    122    285    641   1317   2444   4324   7253  11336 
236      2      0      0      0      1      7     21     55    143    334    767   1564   2918   5202   8668  13643 
237      2      0      0      0      0      1      8     22     55    115    223    479    928   1696   2744   4352 
238      2      0      0      1      2      3     10     31     77    193    404    823   1555   2756   4524   7057 
239      2      0      0      0      2      8     13     43     92    215    497   1031   1921   3495   5950   9399 
240      2      0      1      1      2      4     18     46    120    262    614   1280   2482   4583   7817  12236 
241      2      0      0      0      3      7     16     54    131    308    747   1504   2922   5151   8581  13331 
242      2      0      0      0      1      2      9     17     40     94    199    392    779   1363   2238   3447 
243      2      0      0      0      0      2      6     29     77    167    361    766   1460   2657   4478   7053 
244      2      0      0      0      1      7     20     55    135    344    793   1569   2946   5294   8846  13879 
245      2      0      0      0      1      3     10     34    110    252    497   1000   1959   3392   5628   8867 
246      2      0      0      0      1      4     13     32     91    218    466    922   1678   2974   5055   8076 
247      2      0      0      0      0      3      7     27     88    218    518   1043   2060   3571   5962   9329 
248      2      0      0      0      1      4     13     32     78    187    462    944   1800   3198   5282   8296 
249      2      0      0      0      4      6     21     64    173    389    891   1826   3456   6085  10070  15721 
250      2      0      0      0      0      4     21     53    118    268    605   1186   2293   4081   6790  10775 
251      2      0      0      1      2      7     22     54    121    246    525   1066   2051   3664   6177   9745 
252      2      0      0      0      0      1      8     29     58    150    330    634   1190   2053   3496   5418 
253      2      0      0      0      0      1      8     24     47    121    287    602   1170   2077   3445   5450 
254      2      0      0      0      1      1     13     37    111    291    689   1429   2678   4912   8216  12925 
255      2      0      0      1      2      4     21     50    124    303    610   1258   2437   4366   7237  11199 
256      2      0      0      0      2      4     22     56    134    344    718   1478   2856   5086   8614  13493 
257      2      0      0      0      0      0     10     35     91    226    503   1062   2072   3661   6150   9607 
258      2      0      0      0      1      3     14     47    134    310    713   1410   2678   4711   7981  12580 
259      2      0      0      0      0      4     21     40     82    203    461    949   1894   3442   5802   9161 
260      2      0      0      0      0      0      4     20     49    123    264    494    948   1697   2881   4575 
261      2      0      0      0      0      1      4     20     46    118    270    545   1070   1927   3290   5142 
262      2      0      0      0      0      3      8     18     51    131    268    534   1075   1920   3174   4846 
263      2      0      0      0      1      3     10     21     56    166    363    742   1451   2566   4311   6763 
264      2      0      0      0      1      7     15     34    101    216    484   1011   1896   3366   5603   8859 
265      2      0      0      0      0      3      9     27     98    220    490   1010   1871   3251   5470   8647 
266      2      0      0      0      0      5     14     37    114    253    597   1233   2343   4124   6726  10592 
267      2      0      0      0      1      4     13     48    110    257    583   1169   2242   3983   6630  10497 
268      2      0      0      0      0      3     10     31     75    183    414    852   1628   2989   4933   7730 
269      2      0      0      0      1      1      5     18     72    194    396    818   1552   2776   4709   7396 
270      2      0      0      0      0      1      6     17     43    107    242    524    996   1794   3062   4756 
271      2      0      0      0      0      9     20     60    152    341    748   1522   2853   5106   8628  13501 
272      2      0      0      1      1      5     10     35     96    240    519   1077   2056   3747   6168   9705 
273      2      0      0      0      1      6     20     36    100    230    513   1119   2116   3904   6460  10144 
274      2      0      0      0      2      5     14     33     84    190    465    951   1813   3233   5412   8626 
275      2      0      0      0      0      2      4     27     60    133    304    598   1094   1947   3204   5013 
276      2      0      0      0      1      1      8     24     59    140    314    623   1236   2258   3762   5980 
277      2      0      0      0      0      1      9     22     55    140    279    601   1207   2159   3649   5718 
278      2      0      0      0      0      0      6     13     31     69    148    305    611   1060   1749   2763 
279      2      0      0      0      1      5     12     29     97    217    462    903   1674   3028   5054   8080 
280      2      0      0      0      0      2      5     15     58    132    311    655   1233   2193   3628   5734 
281      2      0      0      0      0      0      1     14     34     76    175    350    742   1351   2308   3634 
282      2      0      0      0      3      5     12     28     83    198    487   1032   1956   3557   5955   9464 
283      2      0      0      0      1      3     14     36     97    235    527   1094   2091   3689   6215   9695 
284      2      0      0      0      0      2     12     46    109    251    610   1242   2305   4084   6750  10683 
285      2      0      0      2      4      9     24     64    148    356    828   1676   3128   5720   9697  15090 
286      2      0      0      0      1      6     13     50    107    260    587   1162   2198   3978   6585  10323 
287      2      0      0      0      0      0      4     17     44    121    277    589   1126   2008   3316   5217 
288      2      0      0      0      1      6     16     39     89    227    521   1067   2030   3593   6050   9494 
289      2      0      0      0      1      1      7     17     44    120    270    563   1087   1962   3343   5288 
290      2      0      0      0      0      4     16     39     98    252    559   1092   2155   3767   6198   9680 
291      2      0      0      0      0      1     12     33     88    201    420    862   1678   3005   4995   7816 
292      2      0      0      0      0      4     10     21     47    117    252    507    956   1650   2687   4225 
293      2      0      0      0      0      4      8     28     70    168    387    797   1609   2919   4960   7786 
294      2      0      0      0      1      8     18     43    118    282    636   1311   2505   4398   7335  11663 
295      2      0      0      0      1      4      9     31     77    186    406    883   1657   2989   5029   7809 
296      2      0      0      0      2      4      7     22     60    139    316    652   1236   2203   3666   5744 
297      2      0      0      0      0      3     10     33     87    195    411    855   1642   2851   4798   7479 
298      2      0      0      0      1      4      6     23     58    152    336    703   1284   2311   3850   6077 
299      2      0      0      0      0      0      6     26     57    140    317    654   1197   2187   3650   5689 
