000      0      0      2      2      2      3      3      4      5     18     39    101    186    320    483    809 
001      0      0      2      2      2      2      3      7     15     32     71    132    239    439    718   1121 
002      0      0      2      2      2      2      3      7     19     38     88    166    310    519    917   1455 
003      0      0      2      2      2      3      5     16     33     66    186    372    695   1250   2097   3289 
004      0      0      2      2      2      2      4      5     10     26     65    154    308    556    934   1469 
005      0      0      2      2      2      3      6      8     20     54    100    192    378    693   1163   1888 
006      0      0      2      2      2      2      4      7     15     37     64    141    235    394    650   1005 
007      0      0      2      2      3      3      3      9     25     50     90    189    363    637   1032   1629 
008      0      0      2      2      2      2      3      3      8     26     46    110    218    400    647   1022 
009      0      0      2      2      2      2      4      8     18     43     83    181    358    670   1088   1735 
010      0      0      2      2      2      2      7     18     51    103    206    422    793   1430   2460   3832 
011      0      0      2      2      2      4      8     15     47     85    174    377    720   1248   2067   3223 
012      0      0      2      2      2      2      4      9     19     29     93    187    325    600    994   1536 
013      0      0      2      2      2      2      5      7     20     54    119    249    458    789   1339   2031 
014      0      0      1      1      1      1      5     10     16     33     84    146    299    517    859   1349 
015      0      0      2      2      2      2      2      7     19     41     88    185    345    583    944   1471 
016      0      0      2      2      2      3      8     11     33     83    188    370    670   1227   2087   3305 
017      0      0      2      2      2      3      5      5     16     38    104    209    398    711   1221   1916 
018      0      0      2      2      2      2      4      4      8     22     51    115    214    386    644   1059 
019      0      0      2      2      2      2      3      6     19     47    107    241    477    876   1474   2290 
020      0      0      2      2      2      3      7     18     40     97    206    410    783   1400   2344   3680 
021      0      0      2      2      3      4      4      7     17     33     69    143    271    501    881   1369 
022      0      0      2      2      2      3      4      9     15     41     90    208    402    706   1231   1901 
023      0      0      2      2      2      3      5      9     20     41     82    150    293    499    820   1292 
024      0      0      2      2      2      3      5     17     33     63    119    258    499    853   1421   2291 
025      0      0      2      2      2      3      4     10     11     33     77    154    282    490    830   1278 
026      0      0      2      2      2      2      4      4      7     19     48    104    206    360    597    934 
027      0      0      1      1      1      1      2      8     23     60    129    274    524    921   1525   2409 
028      0      0      2      2      2      4      5     10     22     40     73    152    269    504    830   1300 
029      0      0      2      2      3      4      6      9     27     57    117    244    456    812   1356   2106 
030      0      0      2      2      3      4      6      9     27     57    117    244    456    812   1356   2106 
031      0      0      2      2      2      2      3     12     34     72    155    300    590   1043   1776   2769 
032      0      0      2      2      2      2      4      6     24     61    129    255    486    861   1518   2380 
033      0      0      2      3      3      4      5     13     25     57    111    209    408    747   1271   2000 
034      0      0      2      2      2      2      2      5     10     25     66    129    243    442    773   1305 
035      0      0      2      2      2      2      3      7     14     44     92    199    366    645   1105   1725 
036      0      0      1      1      1      1      2     13     33     71    136    263    529    933   1517   2366 
037      0      0      2      2      2      2      4     12     24     52    110    195    378    693   1179   1876 
038      0      0      2      2      2      2      3      9     20     38     88    179    348    638   1094   1704 
039      0      0      2      2      2      2      5      6     21     55    114    221    425    757   1294   2016 
040      0      0      2      2      2      4     10     28     55    120    272    552   1065   1883   3199   5060 
041      0      0      2      2      3      3      4     12     22     59    125    247    498    890   1502   2344 
042      0      0      1      1      1      2      3      9     20     38    100    214    416    744   1217   1904 
043      0      0      2      2      3      4      8     18     37     64    123    227    442    788   1347   2090 
044      0      0      2      2      3      6     11     20     33     56    128    248    515    939   1577   2464 
045      0      0      2      3      4      6     10     22     44    115    230    466    936   1656   2809   4431 
046      0      0      2      2      2      2      4      9     33     69    129    288    564   1032   1723   2687 
047      0      0      1      2      3      4      5      7     10     20     50    105    203    363    635    998 
048      0      0      2      2      2      2      5     16     32     67    159    314    608   1075   1869   2897 
049      0      0      2      2      2      2      2      5     11     30     54    107    192    358    568    921 
050      0      0      2      2      2      2      4     13     31     66    142    304    570   1038   1741   2806 
051      0      0      2      2      2      2      4     10     25     71    174    389    768   1350   2259   3578 
052      0      0      2      2      2      5      7     13     32     68    139    277    562    989   1560   2477 
053      0      0      2      2      2      4      4      8     23     46    111    214    437    801   1331   2099 
054      0      0      2      2      2      3      5      9     23     41     97    195    374    634   1094   1765 
055      0      0      2      2      3      5      7     14     20     41    101    237    436    809   1379   2132 
056      0      0      2      2      3      5      7     13     28     77    169    349    682   1151   1922   3026 
057      0      0      2      2      2      2      6     11     29     68    145    294    556    989   1671   2606 
058      0      0      2      2      2      3      5     11     25     52    100    208    421    714   1196   1954 
059      0      0      2      2      2      5      7     16     36     82    172    331    632   1132   1879   3040 
060      0      0      2      2      3      4      4      6     13     36     78    183    357    630   1043   1655 
061      0      0      2      2      2      3      4      7     25     56    112    230    440    764   1250   1920 
062      0      0      2      2      2      2      4     11     29     59    148    310    571   1049   1741   2788 
063      0      0      2      3      3      3      5     10     23     57    142    304    535   1002   1671   2634 
064      0      0      2      2      2      2      3      5      9     21     45     93    159    280    452    708 
065      0      0      2      2      2      4      7     10     27     56    122    247    474    858   1413   2197 
066      0      0      2      2      2      3      4      6     12     19     43     87    154    279    491    777 
067      0      0      2      2      3      6     10     20     43    106    213    442    837   1467   2493   4018 
068      0      0      2      2      2      2      4      9     19     39     76    143    261    477    855   1341 
069      0      0      2      2      2      2      5     11     32     66    150    309    586   1056   1847   2962 
070      0      0      2      2      2      2      5     14     26     71    128    274    550    978   1638   2616 
071      0      0      2      2      2      3      5      9     21     54    115    246    423    776   1321   2041 
072      0      0      2      2      2      5      6     20     31     78    174    329    614   1157   1944   3056 
073      0      0      2      2      2      2      3      7     22     55    116    219    400    675   1131   1747 
074      0      0      2      2      2      2      4     15     29     62    139    286    546   1005   1679   2616 
075      0      0      2      2      2      2      5      7     21     38     96    182    339    605   1010   1603 
076      0      0      2      2      3      3      6     15     38     74    155    286    538    972   1662   2560 
077      0      0      2      2      2      5      6     17     39     94    186    374    732   1258   2052   3199 
078      0      0      2      2      2      3      4      9     21     38     82    146    274    515    841   1336 
079      0      0      2      2      2      4      4      8     20     40     78    149    277    495    841   1353 
080      0      0      2      2      2      2      5     12     31     69    144    280    536    938   1639   2552 
081      0      0      2      2      2      3      5      8     23     55    104    257    484    873   1479   2266 
082      0      0      2      2      2      2      3      6     16     37     78    165    321    553    947   1489 
083      0      0      1      1      2      4      9     11     23     48    122    244    493    843   1455   2383 
084      0      0      2      2      2      3      4     13     35     88    168    331    629   1067   1818   2888 
085      0      0      2      2      2      3      3      6     12     32     84    176    360    676   1118   1738 
086      0      0      2      2      2      3      6     12     36     86    171    341    689   1198   1935   3022 
087      0      0      2      2      2      2      3      9     19     47     98    219    442    792   1309   2059 
088      0      0      2      2      2      2      2      8     18     30     66    147    293    557    944   1435 
089      0      0      2      2      2      3      4      6     24     51    124    268    536    984   1636   2645 
090      0      0      2      2      2      3      7      8     12     43     74    160    321    561    918   1409 
091      0      0      2      2      2      2      3     14     29     66    153    345    644   1144   1932   3091 
092      0      0      2      2      2      3      3      3      6     11     22     50     98    181    306    513 
093      0      0      1      1      1      4      5     14     36     79    165    369    702   1252   2046   3187 
094      0      0      2      2      2      2      2      9     17     40     92    200    395    666   1151   1824 
095      0      0      2      2      2      2      2      3      7     19     47    103    183    335    559    885 
096      0      0      2      2      2      3      3      9     21     56    125    266    486    843   1427   2287 
097      0      0      2      2      2      2      3      5     11     21     58     92    195    339    577    973 
098      0      0      2      2      2      5      5     13     38     70    163    299    582   1027   1742   2757 
099      0      0      2      2      2      3      6     13     24     56    124    260    517    944   1577   2478 
100      0      0      2      2      2      2      6     13     28     61    134    257    502    893   1554   2446 
101      0      0      2      3      3      3      5      7     14     44     85    194    367    644   1068   1716 
102      0      0      2      2      2      2      3      5     14     36     72    122    228    410    684   1075 
103      0      0      2      2      2      3      3      4     16     40     75    144    260    482    828   1278 
104      0      0      2      2      2      2      3      6     14     30     66    136    269    489    798   1262 
105      0      0      2      2      2      2      5      9     24     48    104    203    368    680   1162   1841 
106      0      0      1      1      1      1      2      5     13     25     63    122    236    435    763   1172 
107      0      0      2      2      2      2      5     11     24     54    118    250    468    879   1475   2242 
108      0      0      2      2      2      3      3      6     14     34     80    142    266    444    696   1122 
109      0      0      1      1      1      4      8     12     27     61    121    269    526    919   1580   2481 
110      0      0      2      2      2      4      9     17     33     67    125    243    468    774   1296   2025 
111      0      0      2      2      2      5      8     16     29     74    174    365    641   1151   1948   2996 
112      0      0      2      2      2      3      6     10     24     43    102    216    403    680   1129   1743 
113      0      0      2      2      3      3      3     12     26     61    124    278    549    930   1568   2479 
114      0      0      2      2      2      2      4     12     31     70    143    293    571    993   1616   2639 
115      0      0      2      2      2      4      5      7     12     37     83    159    281    496    872   1387 
116      0      0      2      2      3      4      7     19     40     86    169    354    645   1153   1985   3106 
117      0      0      2      2      2      2      7     19     36     69    153    289    525    921   1557   2437 
118      0      0      2      2      2      2      3     10     21     47     88    154    301    551    941   1482 
119      0      0      2      2      3      3      4      9     24     78    176    339    669   1192   2047   3195 
120      0      0      2      2      3      4      8     12     25     48    100    197    383    721   1223   2008 
121      0      0      2      2      2      3      4      6     15     42     94    180    379    661   1099   1730 
122      0      0      2      2      3      5      9     15     36     87    181    335    607   1057   1730   2715 
123      0      0      2      2      2      2      2      5     13     27     59    121    241    442    761   1237 
124      0      0      2      2      2      3      6     10     17     37     90    217    414    715   1174   1876 
125      0      0      2      2      2      2      3     11     28     71    164    307    549    959   1670   2615 
126      0      0      2      2      3      3      5     13     31     60    142    281    552   1046   1721   2700 
127      0      0      2      2      2      2      2      8     17     45     91    172    317    560    921   1458 
128      0      0      2      2      2      2      4      7     19     42    102    215    462    804   1317   2141 
129      0      0      2      2      2      2      6      9     18     34     83    164    297    518    874   1420 
130      0      0      2      2      2      2      3      4      9     18     40     78    141    260    447    686 
131      0      0      2      2      2      2      4      9     10     32     84    177    360    702   1187   1908 
132      0      0      2      2      2      2      2      6     15     47     85    188    365    651   1096   1723 
133      0      0      2      2      2      3      5      7     20     51    139    286    527    938   1520   2391 
134      0      0      2      2      2      3     10     12     24     51     98    183    352    622   1072   1636 
135      0      0      2      2      2      3      4      9     23     56    103    222    424    753   1270   1993 
136      0      0      2      2      2      3      5     10     14     22     40     77    141    271    424    666 
137      0      0      2      2      2      3      4     13     34     73    172    310    594   1024   1714   2770 
138      0      0      2      2      2      4      8     17     38     99    229    451    824   1478   2514   4043 
139      0      0      2      2      2      2      5     12     41    110    219    450    839   1453   2405   3782 
140      0      0      2      2      2      2      2      3      6     18     40     84    151    284    453    718 
141      0      0      2      2      2      2      2      8     23     46    109    221    425    783   1330   2086 
142      0      0      2      2      2      3      4      6     12     23     62    111    223    363    570    920 
143      0      0      2      2      2      3      6     15     38     87    181    336    630   1103   1876   2972 
144      0      0      2      2      2      5      9     16     47     94    189    371    710   1253   2085   3357 
145      0      0      2      2      2      3      3      7     21     45     89    188    367    622   1071   1651 
146      0      0      2      2      2      2      2      6     18     34     68    127    233    422    718   1198 
147      0      0      2      2      2      2      4      8     17     43     97    223    448    823   1392   2235 
148      0      0      2      2      2      2      4     15     38     61    119    262    513    928   1510   2376 
149      0      0      2      2      2      2      2      8     15     34     67    131    265    461    777   1208 
150      0      0      2      2      2      3      7     18     33     73    173    313    634   1190   1977   3163 
151      0      0      2      2      4      4      5     11     24     48    105    207    366    660   1115   1739 
152      0      0      2      2      3      4      5     14     30     76    148    295    603   1058   1842   2923 
153      0      0      2      2      2      3      5      9     20     42     76    178    344    681   1104   1704 
154      0      0      2      2      2      4      8     13     23     57    143    284    531    923   1578   2458 
155      0      0      1      1      1      3      5      7     20     52    125    242    474    813   1337   2123 
156      0      0      2      2      3      3      5     11     25     66    118    238    466    860   1408   2207 
157      0      0      2      2      2      3      5     11     30     68    148    299    591   1040   1707   2738 
158      0      0      2      2      2      2      4     15     39     99    189    402    742   1290   2170   3460 
159      0      0      2      2      2      2      4     15     35     80    169    338    606   1077   1759   2789 
160      0      0      2      2      2      2      3      7     17     48     91    177    321    549    947   1522 
161      0      0      2      2      2      2      3      6     11     17     46     82    135    221    366    605 
162      0      0      2      2      2      3      7     14     29     62    138    279    571   1080   1746   2734 
163      0      0      2      2      2      4      6     16     28     58    108    207    387    702   1200   1922 
164      0      0      2      2      2      4      4      6     13     28     70    139    260    489    846   1319 
165      0      0      2      2      2      3      3      9     16     42     87    167    302    567    969   1556 
166      0      0      2      2      2      3      5      9     29     67    150    295    526    969   1644   2570 
167      0      0      2      2      2      3      4      6     13     27     57    114    229    410    673   1078 
168      0      0      2      2      4      6     11     23     47    106    232    464    874   1536   2490   3896 
169      0      0      2      2      2      3     11     20     37     85    173    315    604   1118   1856   2972 
170      0      0      2      2      2      2      3      4     13     36     83    174    328    586   1017   1577 
171      0      0      2      2      2      2      2      4     12     29     57    113    213    386    648   1059 
172      0      0      2      2      2      3     12     19     38     88    172    354    640   1204   1984   3191 
173      0      0      2      2      2      2      2      5      8     23     46     92    194    363    610    960 
174      0      0      2      2      2      2      3      4      6     14     31     69    131    239    384    621 
175      0      0      2      2      3      4      6     10     30     59    115    240    461    806   1320   2124 
176      0      0      2      2      2      2      3      4     11     30     66    146    270    511    875   1364 
177      0      0      3      3      3      4      6      7     16     37     78    159    322    576    988   1548 
178      0      0      2      2      2      3      3     11     25     50    123    253    485    893   1511   2375 
179      0      0      2      2      2      3      5      8     21     35     81    142    286    499    889   1389 
180      0      0      2      2      2      2      3      6     17     38    102    203    435    739   1274   2028 
181      0      0      1      1      1      2      5      7     19     49    126    241    445    757   1258   1962 
182      0      0      2      2      3      3      4     12     26     62    136    262    510    875   1408   2187 
183      0      0      2      2      2      2      5      7     21     48    106    210    395    651   1137   1808 
184      0      0      2      2      2      2      2      5      9     24     52    109    239    434    739   1171 
185      0      0      2      2      2      2      3      9     18     46     89    193    384    695   1167   1800 
186      0      0      1      1      1      1      1      2     11     26     62    142    265    475    783   1221 
187      0      0      2      3      4      4      6     18     36     74    146    259    521    961   1650   2589 
188      0      0      2      2      2      2      8     12     18     45     99    189    338    616   1035   1592 
189      0      0      2      3      3      3      5      9     17     39    101    205    414    731   1226   1923 
190      0      0      1      1      1      1      2      3      7     20     39     78    136    249    446    675 
191      0      0      2      3      3      3      6     10     28     68    146    281    532    953   1592   2552 
192      0      0      2      2      2      2      6     15     32     65    137    273    531    958   1614   2575 
193      0      0      2      2      2      2      5      7     20     48    108    204    388    680   1155   1792 
194      0      0      2      2      2      2      4      8     22     50    107    217    420    767   1299   2035 
195      0      0      2      2      2      3      4      5     17     42     94    180    382    683   1186   1777 
196      0      0      2      2      2      2      4      7     12     27     62    115    221    384    676   1112 
197      0      0      2      2      2      2      3      8     17     37     71    141    264    478    797   1297 
198      0      0      2      2      2      3      5      8     20     41     94    186    349    591    949   1505 
199      0      0      2      2      2      2      4      8     13     24     42     99    176    303    492    747 
200      0      0      2      2      3      3      4      7     20     45    112    216    422    777   1326   2074 
201      0      0      2      2      2      3      8     17     30     52    102    245    480    822   1427   2272 
202      0      0      2      2      2      2      3      9     13     33     67    141    280    488    784   1285 
203      0      0      2      2      2      2      3     10     18     33     67    155    314    581   1027   1603 
204      0      0      2      2      2      3      8     15     33     72    147    289    546    959   1628   2600 
205      0      0      2      2      2      2      4     10     26     49     99    199    339    600    991   1570 
206      0      0      2      2      2      2      5     11     25     56    145    288    554   1013   1709   2708 
207      0      0      2      2      2      2      5     14     40     82    161    346    682   1252   2055   3258 
208      0      0      2      2      2      3      7     15     38     87    193    454    878   1555   2657   4270 
209      0      0      2      2      2      2      2      9     23     43     92    189    394    711   1197   1882 
210      0      0      2      2      2      3      5     13     28     57    102    212    407    742   1235   1922 
211      0      0      2      2      2      3      4      6     15     35     80    146    290    485    785   1230 
212      0      0      2      2      2      3      4      8     19     45     84    151    267    510    863   1330 
213      0      0      2      2      2      3      7     12     24     61    138    267    510    893   1526   2387 
214      0      0      2      2      2      2      3     12     33     81    168    312    574    967   1643   2526 
215      0      0      2      2      2      3      7     15     21     47    109    244    442    810   1379   2195 
216      0      0      2      2      2      2      7     16     34     86    209    425    824   1462   2426   3784 
217      0      0      2      2      2      2      5     13     24     50    100    223    441    784   1308   2089 
218      0      0      2      2      2      2      2      3     12     19     43    100    205    370    639   1077 
219      0      0      2      3      3      3      7     17     38     66    114    216    447    806   1353   2170 
220      0      0      2      2      2      2      2      5     19     37     85    172    306    547    938   1494 
221      0      0      2      2      3      5      6      8     27     55    138    275    503    870   1483   2331 
222      0      0      2      2      2      2      2      4     12     23     55    127    233    426    736   1130 
223      0      0      2      2      2      2      7     13     33     73    154    308    577   1054   1800   2803 
224      0      0      2      2      2      3      6     11     23     56    137    285    516    900   1521   2361 
225      0      0      1      1      2      3     10     19     47    113    229    489    929   1670   2799   4412 
226      0      0      2      2      2      2      5      8     17     51    129    260    486    820   1437   2272 
227      0      0      2      2      2      2      4     11     21     47    134    279    561    971   1651   2683 
228      0      0      2      2      2      2      3      7     18     38     92    180    372    698   1216   1962 
229      0      0      2      2      2      2      4     10     38     79    149    300    586   1043   1721   2743 
230      0      0      2      2      2      3      5      9     22     56    112    228    423    747   1220   1945 
231      0      0      2      2      2      2      4      7     12     18     38     80    139    245    416    692 
232      0      0      2      2      2      2      4      8     29     73    166    327    662   1236   2072   3273 
233      0      0      2      2      2      4      5      9     17     43     98    217    412    723   1243   1967 
234      0      0      2      2      2      2      7     12     21     57    119    240    431    789   1261   1973 
235      0      0      2      2      3      5      6     19     30     71    130    273    527    981   1697   2735 
236      0      0      2      2      2      2      4     11     26     90    190    375    721   1258   2169   3448 
237      0      0      2      2      2      2      3      6     13     27     57    114    211    353    607    976 
238      0      0      2      2      2      2      3     10     18     43     87    183    372    666   1096   1767 
239      0      0      2      2      2      3      7     13     25     52    128    252    487    852   1408   2290 
240      0      0      2      3      3      4      6     13     31     77    152    313    598   1028   1781   2870 
241      0      0      2      2      2      4     10     15     37     78    184    387    727   1264   2123   3344 
242      0      0      2      2      2      2      2      3      9     14     42     83    165    322    537    858 
243      0      0      2      2      2      5      6     11     21     52     88    176    342    615   1069   1720 
244      0      0      2      2      2      2      5      8     31     77    188    377    742   1320   2198   3483 
245      0      0      2      2      2      2      4     12     23     56    122    257    485    856   1419   2197 
246      0      0      2      2      2      3      3      9     23     55    113    222    439    764   1270   2021 
247      0      0      2      2      3      3      5      8     24     57    111    253    477    855   1493   2349 
248      0      0      2      2      2      2      2      8     17     43     97    212    433    751   1239   1996 
249      0      0      2      2      3      4     11     19     43     90    199    390    767   1429   2427   3850 
250      0      0      2      2      2      4      7     12     28     72    151    297    592   1029   1697   2656 
251      0      0      2      2      2      2      3      8     27     62    133    259    502    923   1568   2495 
252      0      0      2      3      3      4      7     11     20     30     70    148    275    493    835   1344 
253      0      0      2      2      2      2      4      7     16     30     71    157    287    511    834   1288 
254      0      0      2      3      3      4      6     13     40    100    181    363    691   1176   1996   3166 
255      0      0      2      2      2      4      7     11     33     65    149    282    572   1086   1809   2812 
256      0      0      2      2      2      2      6     17     40     92    186    383    732   1296   2083   3346 
257      0      0      2      2      2      3      7     13     27     53    128    249    491    894   1481   2335 
258      0      0      2      2      3      3      6     13     31     67    156    333    631   1181   2012   3152 
259      0      0      2      2      2      3      4     12     36     76    157    257    500    875   1448   2269 
260      0      0      2      2      2      3      4     10     19     41     66    113    236    401    712   1124 
261      0      0      2      2      2      3      4      9     13     32     68    144    280    488    819   1313 
262      0      0      2      2      3      3      4      6     15     37     81    150    263    465    753   1154 
263      0      0      1      1      1      1      1      5     14     37     78    158    321    579    982   1601 
264      0      0      2      2      2      4      7     15     35     69    127    258    476    846   1425   2205 
265      0      0      2      2      2      4      6     12     31     55    113    240    445    775   1333   2103 
266      0      0      2      2      2      3      8     13     29     58    134    277    541    986   1603   2529 
267      0      0      2      2      2      2      2     10     27     57    132    314    573    992   1656   2590 
268      0      0      2      2      2      2      4      6     25     44     97    201    368    673   1149   1856 
269      0      0      2      2      2      2      3      8     20     51    108    219    386    711   1173   1885 
270      0      0      2      2      2      2      2      6     16     39     77    153    277    467    756   1190 
271      0      0      2      2      2      2      7     18     37     81    187    387    737   1309   2153   3438 
272      0      0      1      1      1      1      2      3     22     68    137    273    526    941   1542   2394 
273      0      0      2      2      2      2      3     11     27     61    126    266    515    918   1546   2444 
274      0      0      2      2      2      4      5      8     18     45    107    234    438    808   1361   2139 
275      0      0      2      2      2      4      7     10     12     28     64    139    254    466    778   1226 
276      0      0      2      2      2      3      7      9     18     33     76    154    299    559    929   1506 
277      0      0      2      2      2      2      3      7     20     35     72    165    316    586    950   1468 
278      0      0      2      2      2      2      2      2      7     16     34     71    155    264    437    675 
279      0      0      2      2      2      2      7     10     22     51    112    215    406    705   1217   1988 
280      0      0      2      2      2      2      2      6     14     36     77    159    293    554    947   1493 
281      0      0      2      2      2      3      3      6     12     22     52    110    187    328    532    862 
282      0      0      2      2      3      4      5     14     21     57    123    255    473    872   1483   2328 
283      0      0      2      2      2      3      6     13     27     65    150    276    501    863   1487   2386 
284      0      0      2      2      2      3      5     13     30     67    150    315    563   1028   1679   2613 
285      0      0      2      2      2      2      5     12     31     80    200    406    777   1392   2356   3653 
286      0      0      2      2      2      4      6     14     30     57    135    272    524    966   1604   2577 
287      0      0      2      2      2      2      2      4     14     31     71    148    265    473    790   1282 
288      0      0      2      2      2      3      8     14     34     76    146    256    486    887   1438   2286 
289      0      0      2      2      2      2      4      6     15     35     66    127    270    479    828   1278 
290      0      0      2      2      2      2      4      4     17     51    117    224    462    863   1456   2348 
291      0      0      2      2      2      2      6      8     20     48    102    203    362    686   1213   1884 
292      0      0      2      2      2      3      3      7     12     25     52    110    213    382    674   1101 
293      0      0      2      2      2      3      4     15     33     56    107    227    428    778   1274   1987 
294      0      0      2      2      2      2      4     10     30     70    169    336    610   1079   1861   2898 
295      0      0      2      2      3      5      9     13     30     50    109    194    379    711   1187   1917 
296      0      0      2      2      2      2      3      8     14     31     64    158    302    559    926   1463 
297      0      0      2      2      2      2      7     11     22     38     77    172    334    636   1094   1752 
298      0      0      1      1      2      2      3      7     15     36     78    164    332    567    947   1510 
299      0      0      2      2      2      2      4      9     19     44     96    171    313    540    917   1418 
