000      0      0      0      0      0      0      0      0      0      0      1      1      2     13     39     71 
001      0      0      0      0      0      0      0      0      0      0      1      2      6     18     43     98 
002      0      0      0      0      0      0      0      0      0      0      1      2      8     32     63    114 
003      0      0      0      0      0      0      0      0      0      0      1      3     12     36    115    261 
004      0      0      0      0      0      0      0      0      0      0      1      2     12     23     57    124 
005      0      0      0      0      0      0      0      0      0      0      1      4      9     22     61    146 
006      0      0      0      0      0      0      0      0      0      0      0      1      3     15     29     79 
007      0      0      0      0      0      0      0      0      0      0      0      2      7     17     45    127 
008      0      0      0      0      0      0      0      0      0      1      1      1      6     14     38     83 
009      0      0      0      0      0      0      0      0      0      0      0      2      8     24     63    145 
010      0      0      0      0      0      0      0      0      0      0      3      9     23     51    129    296 
011      0      0      0      0      0      0      0      0      0      0      1      5     16     46    104    240 
012      0      0      0      0      0      0      0      0      0      0      1      3     14     23     50    115 
013      0      0      0      0      0      0      0      0      0      0      1      4     12     29     66    168 
014      0      0      0      0      0      0      0      0      0      0      1      4      7     15     39    110 
015      0      0      0      0      0      0      0      0      0      0      2      3      8     16     46    116 
016      0      0      0      0      0      0      0      0      0      1      3      6     16     48    106    256 
017      0      0      0      0      0      0      0      0      0      0      0      2     10     27     56    142 
018      0      0      0      0      0      0      0      0      0      2      2      3      4     15     38     87 
019      0      0      0      0      0      0      0      0      0      2      5      7     14     37     81    179 
020      0      0      0      0      0      0      0      0      0      0      0      9     19     56    134    310 
021      0      0      0      0      0      0      0      0      0      0      0      4      9     21     45     96 
022      0      0      0      0      0      0      0      0      0      0      1      3      9     28     74    172 
023      0      0      0      0      0      0      0      0      0      0      0      0      7     17     53    117 
024      0      0      0      0      0      0      0      0      0      0      2      9     16     37     81    177 
025      0      0      0      0      0      0      0      0      0      0      0      2      4     12     41     85 
026      0      0      0      0      0      0      0      0      0      0      1      2      4     13     34     87 
027      0      0      0      0      0      0      0      0      0      0      0      1      8     25     57    172 
028      0      0      0      0      0      0      0      0      0      0      0      1      4     15     33     84 
029      0      0      0      0      0      0      0      0      0      0      1      9     14     26     71    150 
030      0      0      0      0      0      0      0      0      0      0      1      9     14     26     71    150 
031      0      0      0      0      0      0      0      0      0      0      1      5     15     40     94    223 
032      0      0      0      0      0      0      0      0      0      0      2      6     14     37     89    205 
033      0      0      0      0      0      0      0      0      0      0      0      0      6     26     60    153 
034      0      0      0      0      0      0      0      0      0      0      1      1      6     17     56    113 
035      0      0      0      0      0      0      0      0      0      0      1      2      4     15     39    114 
036      0      0      0      0      0      0      0      0      0      0      0      4     11     27     69    167 
037      0      0      0      0      0      0      0      0      0      0      0      2      8     26     52    145 
038      0      0      0      0      0      0      0      0      0      0      1      3     14     32     64    129 
039      0      0      0      0      0      0      0      0      0      0      0      1     13     33     75    162 
040      0      0      0      0      0      0      0      0      0      0      3      6     19     57    168    382 
041      0      0      0      0      0      0      0      0      0      0      1      3      9     29     78    206 
042      0      0      0      0      0      0      0      0      0      0      0      4      9     32     64    160 
043      0      0      0      0      0      0      0      0      0      0      2      4     14     33     76    165 
044      0      0      0      0      0      0      0      0      0      0      0      5     11     31     79    181 
045      0      0      0      0      0      0      0      0      0      0      0      6     25     54    139    348 
046      0      0      0      0      0      0      0      0      0      1      1      5     10     23     80    221 
047      0      0      0      0      0      0      0      0      0      0      0      1      5     14     28     68 
048      0      0      0      0      0      0      0      0      0      0      0      3      7     34     94    221 
049      0      0      0      0      0      0      0      0      0      0      0      0      2      7     28     66 
050      0      0      0      0      0      0      0      0      0      0      2      8     17     40    101    224 
051      0      0      0      0      0      0      0      0      0      0      0      5     15     41    112    249 
052      0      0      0      0      0      0      0      0      0      0      1      7     14     34     89    184 
053      0      0      0      0      0      0      0      0      0      0      0      3      7     30     75    174 
054      0      0      0      0      0      0      0      0      0      0      2      6     13     33     67    137 
055      0      0      0      0      0      0      0      0      0      0      1      4     15     38     72    173 
056      0      0      0      0      0      0      0      0      0      0      0      2     14     43    102    229 
057      0      0      0      0      0      0      0      0      0      0      2      3      8     38    106    233 
058      0      0      0      0      0      0      0      0      0      0      0      3      7     27     65    144 
059      0      0      0      0      0      0      0      0      0      0      2      8     16     44    124    293 
060      0      0      0      0      0      0      0      0      0      0      0      5     15     25     52    135 
061      0      0      0      0      0      0      0      0      0      0      0      2      8     17     57    129 
062      0      0      0      0      0      0      0      0      0      0      1      2     10     26     70    222 
063      0      0      0      0      0      0      0      0      0      0      2      9     22     41     95    203 
064      0      0      0      0      0      0      0      0      0      0      0      0      0      5     20     55 
065      0      0      0      0      0      0      0      0      0      0      0      3      7     23     64    161 
066      0      0      0      0      0      0      0      0      0      0      1      2      7     12     30     56 
067      0      0      0      0      0      0      0      0      1      3      5     12     27     58    129    298 
068      0      0      0      0      0      0      0      0      0      0      0      2      8     25     57    116 
069      0      0      0      0      0      0      0      0      0      0      1      7     23     40    102    223 
070      0      0      0      0      0      0      0      0      0      1      3      8     16     33     79    196 
071      0      0      0      0      0      0      0      0      0      0      1      4     17     37     80    175 
072      0      0      0      0      0      0      0      0      0      0      2      8     13     46    100    221 
073      0      0      0      0      0      0      0      0      0      1      1      2     10     21     48    116 
074      0      0      0      0      0      0      0      0      0      0      0      2      8     33    106    221 
075      0      0      0      0      0      0      0      0      0      0      1      1      9     18     42    115 
076      0      0      0      0      0      0      0      0      0      0      0      1     12     39     98    206 
077      0      0      0      0      0      0      0      0      0      0      2      7     19     45    120    277 
078      0      0      0      0      0      0      0      0      0      0      1      4      5     15     45     86 
079      0      0      0      0      0      0      0      0      0      0      1      4     10     23     50    119 
080      0      0      0      0      0      0      0      0      1      1      1      4     13     39     83    186 
081      0      0      0      0      0      0      0      0      0      1      4      7     14     28     72    172 
082      0      0      0      0      0      0      0      0      0      1      1      3      7     23     51    118 
083      0      0      0      0      0      0      0      0      0      0      2      3     10     25     84    189 
084      0      0      0      0      0      0      0      0      0      0      1      9     16     37     88    223 
085      0      0      0      0      0      0      0      0      0      0      0      7     15     28     65    124 
086      0      0      0      0      0      0      0      0      0      0      0      1      8     43    113    252 
087      0      0      0      0      0      0      0      0      0      0      0      1      6     26     69    162 
088      0      0      0      0      0      0      0      0      0      0      0      1      5     19     42    119 
089      0      0      0      0      0      0      0      0      0      0      0      4     13     44     98    225 
090      0      0      0      0      0      0      0      0      0      0      0      2      4     14     42    104 
091      0      0      0      0      0      0      0      0      0      1      3      4     17     46    119    253 
092      0      0      0      0      0      0      0      0      0      0      0      0      1      5     14     38 
093      0      0      0      0      0      0      0      0      0      1      2      5     23     45    111    260 
094      0      0      0      0      0      0      0      0      0      0      0      1      6     25     65    154 
095      0      0      0      0      0      0      0      0      0      0      0      2      5     10     19     64 
096      0      0      0      0      0      0      0      0      0      0      2      5     16     39     85    179 
097      0      0      0      0      0      0      0      0      0      0      1      3      7     21     42     87 
098      0      0      0      0      0      0      0      0      0      0      2      7     22     41     97    209 
099      0      0      0      0      0      0      0      0      0      0      1      6     12     38     92    214 
100      0      0      0      0      0      0      0      0      0      0      0      3     10     27     85    172 
101      0      0      0      0      0      0      0      0      0      0      0      4      7     21     59    148 
102      0      0      0      0      0      0      0      0      0      1      1      2      9     18     40     88 
103      0      0      0      0      0      0      0      0      0      0      0      0      2     11     41    100 
104      0      0      0      0      0      0      0      0      0      1      3      5     13     25     58    109 
105      0      0      0      0      0      0      0      0      0      0      0      3      7     25     60    142 
106      0      0      0      0      0      0      0      0      0      0      0      2      5     13     42     86 
107      0      0      0      0      0      0      0      0      0      0      0      2      7     32     80    173 
108      0      0      0      0      0      0      0      0      0      0      0      1      2      7     30     83 
109      0      0      0      0      0      0      0      0      0      0      1      3     13     38     86    205 
110      0      0      0      0      0      0      0      0      0      0      1      5     10     21     62    163 
111      0      0      0      0      0      0      0      0      0      0      3      7     24     46    110    239 
112      0      0      0      0      0      0      0      0      0      0      1      2     10     20     58    126 
113      0      0      0      0      0      0      0      0      0      0      0      4      8     35     91    190 
114      0      0      0      0      0      0      0      0      0      0      2      7     16     32     77    197 
115      0      0      0      0      0      0      0      0      0      0      0      3      8     14     46    124 
116      0      0      0      0      0      0      0      0      0      0      0      3     12     36    110    245 
117      0      0      0      0      0      0      0      0      0      0      1      7     13     38     89    197 
118      0      0      0      0      0      0      0      0      0      0      1      3      8     21     55    120 
119      0      0      0      0      0      0      0      0      0      0      0      3     15     39    106    230 
120      0      0      0      0      0      0      0      0      0      1      1      4     18     28     65    139 
121      0      0      0      0      0      0      0      0      0      0      0      2      5     21     57    130 
122      0      0      0      0      0      0      0      0      0      0      1      1      8     28     90    208 
123      0      0      0      0      0      0      0      0      0      0      2      2      8     12     42     99 
124      0      0      0      0      0      0      0      0      0      1      1      5     12     29     65    143 
125      0      0      0      0      0      0      0      0      0      0      1     11     19     52     93    217 
126      0      0      0      0      0      0      0      0      0      0      1      3     10     36     92    225 
127      0      0      0      0      0      0      0      0      0      0      0      1      5     17     36     95 
128      0      0      0      0      0      0      0      0      0      0      0      2      8     29     58    163 
129      0      0      0      0      0      0      0      0      0      0      0      1      5     14     36    111 
130      0      0      0      0      0      0      0      0      0      0      0      0      4     12     28     57 
131      0      0      0      0      0      0      0      0      0      0      1      2      8     30     69    173 
132      0      0      0      0      0      0      0      0      0      0      0      1      5     17     49    133 
133      0      0      0      0      0      0      0      0      0      0      2      6     19     38     87    191 
134      0      0      0      0      0      0      0      0      0      0      2      4      8     16     42    132 
135      0      0      0      0      0      0      0      0      0      0      0      0      9     29     65    131 
136      0      0      0      0      0      0      0      0      0      0      1      3      6     11     31     59 
137      0      0      0      0      0      0      0      0      0      0      0      3     16     39     95    224 
138      0      0      0      0      0      0      0      0      0      1      4      8     27     64    152    320 
139      0      0      0      0      0      0      0      0      0      0      2      3     14     48    117    287 
140      0      0      0      0      0      0      0      0      0      0      0      0      4      9     25     57 
141      0      0      0      0      0      0      0      0      0      0      1      7     12     26     61    150 
142      0      0      0      0      0      0      0      0      0      0      1      2      4      8     39     85 
143      0      0      0      0      0      0      0      0      0      0      0      3     10     28     90    210 
144      0      0      0      0      0      0      0      0      0      0      1      5     14     52    119    260 
145      0      0      0      0      0      0      0      0      0      0      0      3      6     21     56    118 
146      0      0      0      0      0      0      0      0      0      0      0      2      6     21     41     90 
147      0      0      0      0      0      0      0      0      0      1      1      5     14     32     85    177 
148      0      0      0      0      0      0      0      0      0      0      3      6     14     28     67    169 
149      0      0      0      0      0      0      0      0      0      0      0      2      7     23     42     91 
150      0      0      0      0      0      0      0      0      0      0      0      1     15     41    101    252 
151      0      0      0      0      0      0      0      0      0      1      1      4     13     29     70    147 
152      0      0      0      0      0      0      0      0      0      0      1      3     15     36     94    206 
153      0      0      0      0      0      0      0      0      0      0      1      3     13     32     71    154 
154      0      0      0      0      0      0      0      0      0      1      2      4     15     37     84    206 
155      0      0      0      0      0      0      0      0      0      0      0      3     12     30     82    183 
156      0      0      0      0      0      0      0      0      0      0      0      4     10     27     71    149 
157      0      0      0      0      0      0      0      0      0      0      0      4     14     41     91    175 
158      0      0      0      0      0      0      0      0      0      1      2      4     16     51    126    276 
159      0      0      0      0      0      0      0      0      0      1      2      5     17     31     85    211 
160      0      0      0      0      0      0      0      0      0      0      0      1      8     19     48    124 
161      0      0      0      0      0      0      0      0      0      0      0      1      7     12     24     47 
162      0      0      0      0      0      0      0      0      0      1      1      4     13     40    105    233 
163      0      0      0      0      0      0      0      0      0      1      1      1      6     30     58    152 
164      0      0      0      0      0      0      0      0      0      0      0      2      7     14     38    107 
165      0      0      0      0      0      0      0      0      0      0      0      4      8     17     39     93 
166      0      0      0      0      0      0      0      0      0      0      0      5     14     28     79    187 
167      0      0      0      0      0      0      0      0      0      0      0      2      3     15     53     90 
168      0      0      0      0      0      0      0      0      0      0      1      8     19     54    140    301 
169      0      0      0      0      0      0      0      0      0      0      2      4     17     39    104    222 
170      0      0      0      0      0      0      0      0      0      0      0      2      7     23     61    139 
171      0      0      0      0      0      0      0      0      0      0      0      1      6     19     43     87 
172      0      0      0      0      0      0      0      0      0      0      1      7     16     43    125    259 
173      0      0      0      0      0      0      0      0      0      0      1      4      8     14     29     74 
174      0      0      0      0      0      0      0      0      0      0      1      3      6     12     27     49 
175      0      0      0      0      0      0      0      0      0      0      0      2     11     31     84    164 
176      0      0      0      0      0      0      0      0      0      0      1      4     11     22     49    104 
177      0      0      0      0      0      0      0      0      0      0      2      4      8     27     60    129 
178      0      0      0      0      0      0      0      0      0      0      1      4      7     27     62    158 
179      0      0      0      0      0      0      0      0      0      0      0      2      8     17     45    124 
180      0      0      0      0      0      0      0      0      0      0      1      7     12     23     62    148 
181      0      0      0      0      0      0      0      0      0      0      0      3     15     31     75    158 
182      0      0      0      0      0      0      0      0      0      0      1      4     11     27     70    163 
183      0      0      0      0      0      0      0      0      0      1      3      6     12     31     74    158 
184      0      0      0      0      0      0      0      0      0      0      2      2      7     25     52    105 
185      0      0      0      0      0      0      0      0      0      0      0      5      9     26     69    138 
186      0      0      0      0      0      0      0      0      0      0      0      2      6     24     45     97 
187      0      0      0      0      0      0      0      0      0      0      2      4     12     35     76    197 
188      0      0      0      0      0      0      0      0      0      0      0      4     12     22     52    126 
189      0      0      0      0      0      0      0      0      0      0      1      5     11     37     82    162 
190      0      0      0      0      0      0      0      0      0      0      0      2      6     11     22     58 
191      0      0      0      0      0      0      0      0      0      1      2      4     13     30     77    197 
192      0      0      0      0      0      0      0      0      0      0      0      6     17     39     82    199 
193      0      0      0      0      0      0      0      0      0      0      0      3      7     27     68    150 
194      0      0      0      0      0      0      0      0      0      0      2      2      4     23     65    146 
195      0      0      0      0      0      0      0      0      0      2      2      2      6     16     55    130 
196      0      0      0      0      0      0      0      0      0      0      1      3      7     14     36     90 
197      0      0      0      0      0      0      0      0      0      0      1      2      4     21     53    120 
198      0      0      0      0      0      0      0      0      0      1      1      2      5     22     61    140 
199      0      0      0      0      0      0      0      0      0      0      0      2      9     13     32     73 
200      0      0      0      0      0      0      0      0      0      0      1      4     12     24     66    149 
201      0      0      0      0      0      0      0      0      0      0      2      4     12     40     93    188 
202      0      0      0      0      0      0      0      0      0      0      0      3     14     31     55    111 
203      0      0      0      0      0      0      0      0      0      0      1      2      6     19     40    107 
204      0      0      0      0      0      0      0      0      1      1      1      4      8     30     80    185 
205      0      0      0      0      0      0      0      0      0      0      1      1      6     21     52    127 
206      0      0      0      0      0      0      0      0      0      0      1      5     19     44    106    224 
207      0      0      0      0      0      0      0      0      0      0      2      4     14     41    112    261 
208      0      0      0      0      0      0      0      0      0      0      3      8     23     71    167    361 
209      0      0      0      0      0      0      0      0      0      2      2      3      9     21     64    159 
210      0      0      0      0      0      0      0      0      0      1      2      4     16     31     76    169 
211      0      0      0      0      0      0      0      0      0      0      0      1      6     19     44    101 
212      0      0      0      0      0      0      0      0      0      0      0      0      4     17     38    114 
213      0      0      0      0      0      0      0      0      0      0      1      2     13     36     94    202 
214      0      0      0      0      0      0      0      0      0      0      0      3      8     29     78    174 
215      0      0      0      0      0      0      0      0      0      1      3      4     14     38     78    179 
216      0      0      0      0      0      0      0      0      0      0      1      6     17     43    120    279 
217      0      0      0      0      0      0      0      0      0      0      3      5     13     27     66    163 
218      0      0      0      0      0      0      0      0      0      0      0      3      4     15     45    106 
219      0      0      0      0      0      0      0      0      0      0      0      2      9     21     63    157 
220      0      0      0      0      0      0      0      0      0      0      0      3      9     24     51    139 
221      0      0      0      0      0      0      0      0      0      0      1      3     11     32     79    187 
222      0      0      0      0      0      0      0      0      0      0      0      1      8     16     47     86 
223      0      0      0      0      0      0      0      0      0      0      0      1     10     33     96    213 
224      0      0      0      0      0      0      0      0      0      0      1      7     11     29     70    171 
225      0      0      0      0      0      0      0      0      0      1      2      8     21     57    146    340 
226      0      0      0      0      0      0      0      0      0      1      2      4      9     23     78    168 
227      0      0      0      0      0      0      0      0      0      0      0      4     11     34     85    210 
228      0      0      0      0      0      0      0      0      0      0      2      2     11     26     57    152 
229      0      0      0      0      0      0      0      0      0      0      1      2     11     34     95    202 
230      0      0      0      0      0      0      0      0      0      0      2      3      7     27     67    155 
231      0      0      0      0      0      0      0      0      0      0      0      1      6     15     29     64 
232      0      0      0      0      0      0      0      0      0      1      5      7     16     46    105    248 
233      0      0      0      0      0      0      0      0      0      0      1      3     12     35     83    186 
234      0      0      0      0      0      0      0      0      0      0      0      0      9     31     75    178 
235      0      0      0      0      0      0      0      0      0      1      2      4     17     42     88    226 
236      0      0      0      0      0      0      0      0      0      0      2      5     10     38    109    268 
237      0      0      0      0      0      0      0      0      0      0      1      2      5     16     41     87 
238      0      0      0      0      0      0      0      0      0      0      1      5     10     24     65    145 
239      0      0      0      0      0      0      0      0      0      0      0      2     14     36     68    160 
240      0      0      0      0      0      0      0      0      1      1      2      8     16     40     91    195 
241      0      0      0      0      0      0      0      0      0      1      2      5     18     40     98    245 
242      0      0      0      0      0      0      0      0      0      0      0      3      9     19     41     83 
243      0      0      0      0      0      0      0      0      0      0      1      2      9     20     55    118 
244      0      0      0      0      0      0      0      0      0      0      1      5     15     43    109    271 
245      0      0      0      0      0      0      0      0      0      0      2      4     13     38    101    189 
246      0      0      0      0      0      0      0      0      0      0      1      7     15     36     81    177 
247      0      0      0      0      0      0      0      0      0      0      0      2      7     23     71    182 
248      0      0      0      0      0      0      0      0      0      0      0      2      8     23     58    153 
249      0      0      0      0      0      0      0      0      0      1      1      3     21     57    140    295 
250      0      0      0      0      0      0      0      0      0      0      0      5     13     36    102    196 
251      0      0      0      0      0      0      0      0      0      0      2      8     19     46    107    213 
252      0      0      0      0      0      0      0      0      0      0      0      3      9     21     53    134 
253      0      0      0      0      0      0      0      0      0      0      0      2      7     22     49    108 
254      0      0      0      0      0      0      0      0      0      0      0      5     13     42    103    246 
255      0      0      0      0      0      0      0      0      0      0      3     10     20     47    104    237 
256      0      0      0      0      0      0      0      0      0      1      1      9     21     48    125    265 
257      0      0      0      0      0      0      0      0      0      0      0      2     12     33     76    178 
258      0      0      0      0      0      0      0      0      0      0      0      1     14     49    114    245 
259      0      0      0      0      0      0      0      0      0      0      0      5     11     26     68    161 
260      0      0      0      0      0      0      0      0      0      0      0      1      5     16     38     98 
261      0      0      0      0      0      0      0      0      0      0      1      3      8     17     41     96 
262      0      0      0      0      0      0      0      0      0      0      0      2      4     17     45    104 
263      0      0      0      0      0      0      0      0      0      0      1      3      7     16     46    112 
264      0      0      0      0      0      0      0      0      0      0      0      4     11     29     82    179 
265      0      0      0      0      0      0      0      0      0      0      1      2      8     26     72    163 
266      0      0      0      0      0      0      0      0      0      0      2      3      9     33     79    201 
267      0      0      0      0      0      0      0      0      0      1      2      8     20     40    106    226 
268      0      0      0      0      0      0      0      0      0      0      0      2     10     20     66    148 
269      0      0      0      0      0      0      0      0      0      0      1      1      2     23     55    139 
270      0      0      0      0      0      0      0      0      0      0      0      1      3     10     38     85 
271      0      0      0      0      0      0      0      0      0      0      3      4     18     42    107    248 
272      0      0      0      0      0      0      0      0      1      1      3      6     11     34     89    193 
273      0      0      0      0      0      0      0      0      0      0      1      5     15     34     78    182 
274      0      0      0      0      0      0      0      0      0      2      2      4      8     33     71    149 
275      0      0      0      0      0      0      0      0      0      0      0      2      6     17     46    119 
276      0      0      0      0      0      0      0      0      0      0      0      3      8     23     57    111 
277      0      0      0      0      0      0      0      0      0      0      0      0      4     15     47    109 
278      0      0      0      0      0      0      0      0      0      0      0      1      5     13     23     53 
279      0      0      0      0      0      0      0      0      0      0      1      5     13     31     69    162 
280      0      0      0      0      0      0      0      0      0      0      1      1      5     13     43    111 
281      0      0      0      0      0      0      0      0      0      0      0      0      2     11     26     58 
282      0      0      0      0      0      0      0      0      0      0      0      3     11     23     66    150 
283      0      0      0      0      0      0      0      0      0      1      1      3     11     32     70    174 
284      0      0      0      0      0      0      0      0      0      0      0      6     16     38     83    191 
285      0      0      0      0      0      0      0      0      1      1      4     10     19     46    105    276 
286      0      0      0      0      0      0      0      0      0      0      1      7     23     44     94    219 
287      0      0      0      0      0      0      0      0      0      0      0      1      5     15     37     93 
288      0      0      0      0      0      0      0      0      0      1      2      6     12     31     88    191 
289      0      0      0      0      0      0      0      0      0      0      0      1      3     13     36     83 
290      0      0      0      0      0      0      0      0      0      0      0      7     14     34     73    185 
291      0      0      0      0      0      0      0      0      0      0      0      5     12     29     69    159 
292      0      0      0      0      0      0      0      0      0      0      1      2      6     15     51     99 
293      0      0      0      0      0      0      0      0      0      0      2      3      7     21     60    131 
294      0      0      0      0      0      0      0      0      0      0      0      7     14     44     99    238 
295      0      0      0      0      0      0      0      0      0      0      1      3      8     23     62    148 
296      0      0      0      0      0      0      0      0      0      2      2      3      7     18     49    115 
297      0      0      0      0      0      0      0      0      0      0      1      2      9     23     68    155 
298      0      0      0      0      0      0      0      0      0      0      1      1      7     13     48    108 
299      0      0      0      0      0      0      0      0      0      0      0      4      7     17     44    102 
