000 2399548 2399546 2399540 2399525 2399481 2399374 2399159 2398753 2398004 2396732 2394782 2392189 2388897 2384950 2380667 2376241 
001 2399548 2399545 2399537 2399513 2399451 2399312 2399005 2398410 2397377 2395737 2393286 2389866 2385540 2380464 2374991 2369458 
002 2399548 2399545 2399535 2399508 2399420 2399242 2398851 2398105 2396715 2394435 2391014 2386261 2380145 2373069 2365301 2357663 
003 2399548 2399540 2399518 2399450 2399281 2398886 2398023 2396311 2393146 2388133 2380495 2369897 2356611 2340774 2323605 2306007 
004 2399548 2399544 2399533 2399508 2399438 2399252 2398872 2398137 2396790 2394528 2391209 2386611 2380711 2373817 2366365 2358807 
005 2399548 2399544 2399529 2399491 2399393 2399166 2398667 2397687 2395966 2393100 2388820 2382859 2375419 2366533 2357017 2347186 
006 2399548 2399546 2399537 2399519 2399472 2399344 2399053 2398513 2397539 2395933 2393457 2390129 2385983 2381037 2375718 2370208 
007 2399548 2399545 2399535 2399498 2399401 2399198 2398763 2397891 2396422 2393852 2390090 2384933 2378448 2370868 2362331 2353974 
008 2399548 2399547 2399541 2399521 2399471 2399350 2399089 2398554 2397602 2396045 2393638 2390416 2386350 2381615 2376489 2371197 
009 2399548 2399544 2399532 2399501 2399420 2399203 2398743 2397824 2396153 2393483 2389527 2384035 2377108 2369052 2360196 2351144 
010 2399548 2399539 2399516 2399434 2399232 2398751 2397724 2395698 2392138 2386048 2376819 2364356 2348577 2330022 2309812 2289334 
011 2399548 2399541 2399515 2399454 2399291 2398896 2398065 2396408 2393381 2388456 2380988 2370947 2358182 2343090 2326671 2309847 
012 2399548 2399545 2399532 2399494 2399423 2399205 2398776 2397907 2396443 2394066 2390507 2385584 2379325 2371968 2364101 2355971 
013 2399548 2399543 2399524 2399477 2399367 2399103 2398557 2397463 2395455 2392245 2387436 2380806 2372386 2362369 2351566 2340517 
014 2399548 2399546 2399536 2399509 2399441 2399271 2398914 2398208 2396900 2394750 2391555 2387348 2382033 2375841 2368909 2361981 
015 2399548 2399545 2399533 2399501 2399418 2399236 2398802 2397985 2396604 2394281 2390810 2385901 2379867 2372775 2364852 2356966 
016 2399548 2399540 2399516 2399452 2399282 2398866 2398019 2396276 2393240 2388117 2380471 2369886 2356508 2340927 2323770 2306585 
017 2399548 2399545 2399534 2399499 2399397 2399183 2398677 2397693 2395927 2393081 2388872 2382974 2375414 2366822 2357385 2347815 
018 2399548 2399546 2399540 2399523 2399470 2399334 2399047 2398502 2397483 2395807 2393241 2389772 2385312 2380161 2374425 2368816 
019 2399548 2399542 2399525 2399487 2399372 2399088 2398462 2397201 2394984 2391386 2385910 2378351 2368825 2357594 2345540 2333139 
020 2399548 2399537 2399513 2399431 2399239 2398792 2397814 2395814 2392269 2386326 2377498 2365511 2350397 2332293 2312687 2292932 
021 2399548 2399544 2399533 2399506 2399427 2399263 2398923 2398228 2396971 2394954 2391965 2387867 2382585 2376414 2369837 2362920 
022 2399548 2399545 2399531 2399491 2399389 2399142 2398614 2397562 2395708 2392620 2388020 2381648 2373810 2364532 2354546 2344176 
023 2399548 2399546 2399533 2399504 2399440 2399272 2398924 2398229 2396996 2394919 2391857 2387700 2382383 2376040 2369082 2362062 
024 2399548 2399542 2399525 2399483 2399356 2399085 2398474 2397278 2395165 2391800 2386639 2379511 2370510 2360030 2348553 2336907 
025 2399548 2399546 2399536 2399517 2399442 2399273 2398924 2398257 2397112 2395163 2392279 2388357 2383347 2377577 2371096 2364610 
026 2399548 2399547 2399541 2399518 2399462 2399345 2399081 2398562 2397681 2396219 2393993 2390924 2387079 2382563 2377749 2373004 
027 2399548 2399543 2399524 2399481 2399356 2399066 2398413 2397157 2394941 2391248 2385772 2378200 2368609 2357199 2344862 2332262 
028 2399548 2399544 2399531 2399507 2399450 2399301 2398968 2398322 2397125 2395154 2392205 2388154 2383010 2376946 2370472 2363837 
029 2399548 2399540 2399526 2399481 2399385 2399122 2398578 2397479 2395440 2392200 2387384 2380649 2372090 2362038 2351172 2340142 
030 2399548 2399540 2399526 2399481 2399385 2399122 2398578 2397479 2395440 2392200 2387384 2380649 2372090 2362038 2351172 2340142 
031 2399548 2399540 2399525 2399469 2399327 2398999 2398260 2396771 2394103 2389751 2383297 2374501 2363312 2350172 2335762 2321169 
032 2399548 2399542 2399528 2399486 2399366 2399073 2398443 2397224 2395034 2391328 2385788 2378168 2368530 2357223 2344918 2332272 
033 2399548 2399545 2399529 2399487 2399380 2399127 2398576 2397537 2395566 2392371 2387521 2380865 2372502 2362600 2352008 2341049 
034 2399548 2399544 2399533 2399502 2399435 2399273 2398944 2398271 2397075 2395038 2392079 2387880 2382566 2376414 2369637 2362735 
035 2399548 2399544 2399534 2399500 2399421 2399207 2398745 2397850 2396257 2393602 2389627 2384136 2377152 2369070 2360348 2351470 
036 2399548 2399541 2399529 2399491 2399368 2399095 2398480 2397285 2395139 2391589 2386330 2378983 2369773 2358995 2347102 2334893 
037 2399548 2399544 2399530 2399485 2399392 2399162 2398669 2397701 2395924 2393172 2388855 2382843 2375301 2366519 2356871 2347113 
038 2399548 2399544 2399529 2399492 2399411 2399198 2398761 2397848 2396246 2393640 2389740 2384405 2377617 2369517 2360642 2351742 
039 2399548 2399543 2399525 2399488 2399383 2399142 2398625 2397606 2395707 2392478 2387633 2381035 2372636 2362946 2352283 2341363 
040 2399548 2399538 2399501 2399394 2399132 2398539 2397174 2394542 2389835 2382256 2370830 2354950 2334985 2311531 2286070 2260014 
041 2399548 2399539 2399520 2399472 2399337 2399044 2398412 2397126 2394893 2391122 2385535 2377774 2367919 2356269 2343761 2330913 
042 2399548 2399540 2399526 2399491 2399394 2399150 2398655 2397651 2395892 2392920 2388470 2382501 2374708 2365695 2355853 2346013 
043 2399548 2399543 2399525 2399487 2399376 2399109 2398521 2397422 2395390 2392065 2387068 2380247 2371779 2361700 2350948 2340025 
044 2399548 2399539 2399524 2399473 2399349 2399031 2398393 2397149 2394852 2391091 2385481 2377720 2367990 2356509 2344049 2331539 
045 2399548 2399536 2399504 2399415 2399187 2398643 2397426 2395140 2391046 2384139 2373910 2359655 2341613 2320704 2297983 2274677 
046 2399548 2399542 2399525 2399481 2399356 2399036 2398314 2396911 2394376 2390292 2384096 2375455 2364685 2351877 2337965 2323924 
047 2399548 2399545 2399537 2399515 2399454 2399334 2399020 2398433 2397442 2395748 2393360 2390019 2385761 2380849 2375501 2369888 
048 2399548 2399541 2399521 2399460 2399312 2398943 2398147 2396615 2393913 2389327 2382694 2373247 2361493 2347683 2332745 2317426 
049 2399548 2399546 2399539 2399518 2399482 2399371 2399120 2398631 2397753 2396370 2394213 2391236 2387529 2383100 2378276 2373454 
050 2399548 2399542 2399523 2399464 2399331 2398990 2398254 2396813 2394218 2390035 2383712 2374868 2363781 2350937 2336623 2322281 
051 2399548 2399540 2399513 2399445 2399263 2398826 2397879 2396010 2392628 2387114 2378923 2367470 2353050 2336404 2318015 2299295 
052 2399548 2399543 2399524 2399469 2399330 2399022 2398412 2397137 2394732 2391063 2385453 2377667 2367569 2355925 2343222 2330284 
053 2399548 2399543 2399529 2399486 2399373 2399108 2398528 2397446 2395472 2392250 2387273 2380629 2372109 2362279 2351501 2340531 
054 2399548 2399542 2399528 2399492 2399398 2399165 2398674 2397781 2396067 2393375 2389295 2383677 2376486 2368037 2358833 2349530 
055 2399548 2399543 2399528 2399489 2399375 2399119 2398544 2397474 2395450 2392163 2387265 2380473 2371812 2361651 2350740 2339728 
056 2399548 2399542 2399524 2399463 2399303 2398931 2398150 2396621 2393811 2389150 2382310 2372967 2361023 2347054 2331754 2316215 
057 2399548 2399542 2399524 2399475 2399357 2399054 2398404 2397075 2394727 2390945 2385272 2377332 2367316 2355721 2343046 2330211 
058 2399548 2399544 2399530 2399485 2399397 2399167 2398665 2397648 2395813 2392864 2388320 2382090 2374462 2365366 2355230 2345161 
059 2399548 2399540 2399518 2399447 2399274 2398889 2398074 2396461 2393577 2388853 2381948 2372444 2360193 2345915 2330194 2314373 
060 2399548 2399543 2399536 2399506 2399420 2399224 2398777 2397939 2396404 2393973 2390235 2385068 2378624 2370903 2362641 2354256 
061 2399548 2399544 2399532 2399494 2399403 2399179 2398674 2397696 2395941 2393091 2388899 2383006 2375576 2366748 2357168 2347465 
062 2399548 2399540 2399521 2399463 2399322 2398987 2398271 2396833 2394205 2389926 2383448 2374788 2363471 2350334 2335796 2321060 
063 2399548 2399539 2399515 2399453 2399309 2398974 2398229 2396878 2394324 2390114 2383851 2375242 2364240 2351194 2337303 2323167 
064 2399548 2399547 2399538 2399523 2399485 2399395 2399212 2398859 2398215 2397093 2395458 2393232 2390427 2387012 2383380 2379600 
065 2399548 2399543 2399525 2399480 2399374 2399093 2398513 2397332 2395179 2391760 2386599 2379540 2370566 2360116 2348490 2336712 
066 2399548 2399547 2399540 2399525 2399486 2399381 2399172 2398764 2398027 2396771 2394913 2392438 2389197 2385509 2381443 2377242 
067 2399548 2399538 2399512 2399425 2399223 2398740 2397720 2395634 2392018 2385906 2376663 2363977 2347971 2329314 2308862 2288218 
068 2399548 2399544 2399532 2399507 2399437 2399282 2398927 2398224 2397016 2395014 2391987 2387805 2382541 2376382 2369783 2363064 
069 2399548 2399542 2399521 2399460 2399322 2398957 2398153 2396523 2393720 2389094 2382086 2372416 2360227 2345982 2330433 2314635 
070 2399548 2399544 2399526 2399471 2399352 2399025 2398311 2397022 2394612 2390668 2384758 2376639 2366327 2354222 2341127 2327759 
071 2399548 2399544 2399531 2399495 2399390 2399135 2398582 2397515 2395578 2392368 2387607 2381009 2372676 2362966 2352518 2341836 
072 2399548 2399543 2399520 2399461 2399288 2398896 2398031 2396436 2393534 2388670 2381392 2371448 2358740 2344082 2327850 2311354 
073 2399548 2399546 2399536 2399499 2399411 2399187 2398731 2397812 2396119 2393461 2389493 2383931 2376822 2368494 2359413 2350282 
074 2399548 2399541 2399517 2399469 2399332 2398976 2398269 2396920 2394448 2390350 2384137 2375758 2365067 2352335 2338683 2324739 
075 2399548 2399544 2399534 2399505 2399416 2399207 2398768 2397899 2396363 2393829 2390071 2384838 2378245 2370461 2362010 2353403 
076 2399548 2399538 2399514 2399460 2399334 2399038 2398334 2397001 2394601 2390631 2384562 2376342 2365981 2353823 2340591 2326879 
077 2399548 2399540 2399513 2399444 2399265 2398857 2397982 2396250 2393207 2388191 2380554 2370091 2356933 2341431 2324434 2307255 
078 2399548 2399545 2399537 2399511 2399450 2399283 2398945 2398234 2396972 2394955 2391856 2387629 2382208 2375877 2369089 2362159 
079 2399548 2399544 2399533 2399504 2399433 2399277 2398927 2398254 2396997 2394994 2392026 2387980 2382714 2376675 2369901 2363173 
080 2399548 2399542 2399527 2399475 2399356 2399048 2398405 2397086 2394712 2390841 2385040 2377107 2366860 2354717 2341571 2328231 
081 2399548 2399541 2399519 2399474 2399360 2399069 2398456 2397304 2395210 2391600 2386445 2379141 2369950 2359268 2347421 2335064 
082 2399548 2399545 2399535 2399507 2399428 2399221 2398827 2398008 2396570 2394229 2390728 2385848 2379644 2372357 2364524 2356458 
083 2399548 2399542 2399525 2399478 2399353 2399052 2398409 2397191 2394941 2391253 2385706 2377947 2367995 2356604 2344183 2331586 
084 2399548 2399542 2399519 2399458 2399309 2398966 2398217 2396664 2393954 2389536 2382986 2373994 2362719 2349448 2334764 2320166 
085 2399548 2399543 2399532 2399496 2399403 2399188 2398741 2397866 2396168 2393480 2389562 2384098 2377101 2369032 2360089 2350974 
086 2399548 2399540 2399517 2399455 2399287 2398914 2398116 2396512 2393686 2389080 2382177 2372540 2360473 2346242 2330752 2314762 
087 2399548 2399542 2399525 2399485 2399377 2399123 2398593 2397494 2395604 2392367 2387631 2380972 2372682 2362956 2352435 2341614 
088 2399548 2399545 2399535 2399505 2399429 2399231 2398851 2398053 2396582 2394221 2390736 2385977 2379875 2372834 2365090 2357167 
089 2399548 2399544 2399524 2399471 2399336 2399028 2398307 2396930 2394491 2390389 2384325 2376021 2365553 2353369 2339888 2326165 
090 2399548 2399545 2399534 2399509 2399436 2399255 2398893 2398117 2396732 2394517 2391099 2386518 2380638 2373777 2366377 2358714 
091 2399548 2399539 2399515 2399456 2399307 2398930 2398113 2396536 2393592 2388864 2381679 2371892 2359439 2344993 2329158 2312980 
092 2399548 2399546 2399544 2399533 2399507 2399448 2399312 2399042 2398530 2397675 2396407 2394741 2392630 2390077 2387352 2384558 
093 2399548 2399539 2399512 2399445 2399281 2398878 2398041 2396426 2393509 2388663 2381451 2371622 2359148 2344380 2328348 2311917 
094 2399548 2399544 2399530 2399491 2399395 2399153 2398628 2397676 2395914 2393027 2388699 2382696 2375199 2366310 2356768 2346841 
095 2399548 2399547 2399543 2399525 2399491 2399378 2399139 2398682 2397858 2396487 2394451 2391618 2388044 2383880 2379380 2374787 
096 2399548 2399544 2399529 2399479 2399363 2399083 2398469 2397231 2395027 2391469 2386089 2378608 2369189 2358192 2346278 2334128 
097 2399548 2399545 2399535 2399519 2399462 2399333 2399052 2398518 2397603 2396075 2393828 2390624 2386525 2381772 2376640 2371229 
098 2399548 2399541 2399521 2399459 2399307 2398958 2398235 2396757 2394047 2389726 2383163 2374131 2362838 2349402 2335049 2320346 
099 2399548 2399543 2399522 2399470 2399343 2399036 2398396 2397110 2394806 2391067 2385445 2377683 2367960 2356465 2343802 2331048 
100 2399548 2399542 2399527 2399484 2399367 2399094 2398452 2397237 2394994 2391299 2385862 2378218 2368562 2357286 2345050 2332631 
101 2399548 2399545 2399530 2399490 2399397 2399175 2398695 2397821 2396168 2393551 2389501 2383952 2376873 2368647 2359744 2350645 
102 2399548 2399544 2399535 2399511 2399448 2399319 2399034 2398480 2397403 2395637 2393082 2389496 2385071 2379768 2374131 2368147 
103 2399548 2399545 2399533 2399504 2399430 2399277 2398938 2398320 2397095 2395158 2392214 2388276 2383319 2377497 2371260 2364833 
104 2399548 2399546 2399534 2399508 2399444 2399289 2398938 2398258 2397088 2395147 2392161 2388088 2382903 2376876 2370283 2363614 
105 2399548 2399546 2399533 2399491 2399405 2399165 2398673 2397728 2396022 2393142 2388930 2383036 2375663 2367007 2357435 2347886 
106 2399548 2399544 2399535 2399512 2399446 2399292 2398966 2398315 2397133 2395273 2392514 2388597 2383651 2377847 2371522 2364966 
107 2399548 2399541 2399528 2399483 2399366 2399090 2398501 2397362 2395303 2391927 2386925 2380015 2371306 2360883 2349678 2338117 
108 2399548 2399547 2399540 2399518 2399459 2399311 2398998 2398395 2397329 2395550 2392989 2389394 2384698 2379342 2373465 2367553 
109 2399548 2399544 2399527 2399470 2399337 2399036 2398387 2397038 2394597 2390597 2384759 2376666 2366419 2354344 2341320 2327912 
110 2399548 2399544 2399528 2399483 2399373 2399111 2398525 2397417 2395475 2392246 2387351 2380623 2371993 2362063 2351348 2340366 
111 2399548 2399541 2399517 2399451 2399310 2398966 2398200 2396652 2393834 2389243 2382376 2372874 2360976 2347188 2332148 2316698 
112 2399548 2399542 2399530 2399496 2399404 2399176 2398723 2397792 2396243 2393606 2389701 2384307 2377438 2369493 2360854 2352051 
113 2399548 2399542 2399525 2399472 2399322 2399021 2398354 2397046 2394723 2390828 2384937 2376762 2366485 2354359 2341091 2327788 
114 2399548 2399543 2399525 2399468 2399337 2399008 2398311 2396910 2394500 2390500 2384348 2376075 2365390 2352976 2339423 2325647 
115 2399548 2399546 2399537 2399501 2399426 2399237 2398829 2398059 2396688 2394442 2391076 2386479 2380588 2373764 2366343 2358867 
116 2399548 2399540 2399521 2399461 2399288 2398919 2398105 2396487 2393622 2388927 2381934 2372102 2359671 2345143 2329305 2313066 
117 2399548 2399540 2399520 2399470 2399339 2399033 2398389 2397098 2394786 2390931 2385233 2377246 2367356 2355722 2342840 2330099 
118 2399548 2399545 2399535 2399499 2399427 2399249 2398861 2398076 2396670 2394307 2390891 2386123 2379907 2372781 2365059 2357269 
119 2399548 2399540 2399519 2399459 2399310 2398907 2398069 2396461 2393502 2388576 2381360 2371407 2358799 2344098 2328101 2311776 
120 2399548 2399543 2399529 2399492 2399390 2399149 2398613 2397639 2395784 2392723 2388035 2381641 2373625 2364204 2353898 2343509 
121 2399548 2399543 2399533 2399499 2399415 2399198 2398782 2397909 2396301 2393748 2389977 2384665 2378051 2370316 2361753 2353130 
122 2399548 2399541 2399524 2399465 2399316 2398975 2398259 2396899 2394365 2390177 2384029 2375526 2364661 2351758 2337891 2323742 
123 2399548 2399545 2399539 2399507 2399436 2399294 2398970 2398273 2397082 2395105 2392119 2388123 2382877 2376882 2370255 2363562 
124 2399548 2399545 2399531 2399491 2399404 2399198 2398672 2397663 2395925 2393010 2388639 2382587 2374927 2366040 2356440 2346473 
125 2399548 2399541 2399516 2399464 2399314 2398981 2398224 2396829 2394385 2390175 2384020 2375336 2364411 2351408 2337410 2323199 
126 2399548 2399540 2399516 2399464 2399328 2398990 2398270 2396827 2394221 2389996 2383749 2375036 2363938 2351031 2336927 2322547 
127 2399548 2399546 2399540 2399516 2399443 2399267 2398863 2398068 2396700 2394411 2390945 2386191 2380229 2373259 2365496 2357671 
128 2399548 2399545 2399535 2399495 2399391 2399129 2398582 2397493 2395477 2392214 2387355 2380827 2372501 2362576 2351845 2341141 
129 2399548 2399543 2399535 2399508 2399441 2399278 2398897 2398147 2396811 2394659 2391396 2386928 2381183 2374496 2367235 2359747 
130 2399548 2399546 2399544 2399536 2399505 2399430 2399275 2398944 2398365 2397400 2395965 2393995 2391606 2388851 2385763 2382626 
131 2399548 2399544 2399528 2399486 2399376 2399127 2398626 2397603 2395730 2392694 2388187 2381993 2374041 2364671 2354543 2344345 
132 2399548 2399543 2399528 2399496 2399406 2399184 2398743 2397828 2396269 2393632 2389740 2384334 2377522 2369407 2360543 2351451 
133 2399548 2399544 2399524 2399486 2399360 2399067 2398439 2397225 2395027 2391364 2385843 2378406 2368961 2357650 2345734 2333471 
134 2399548 2399543 2399532 2399502 2399423 2399205 2398761 2397864 2396321 2393684 2389700 2384286 2377378 2369207 2360394 2351470 
135 2399548 2399545 2399535 2399501 2399396 2399167 2398665 2397687 2395915 2392990 2388618 2382507 2374690 2365673 2355720 2345907 
136 2399548 2399547 2399542 2399529 2399485 2399407 2399211 2398826 2398178 2397035 2395380 2393077 2390210 2386730 2382931 2379132 
137 2399548 2399540 2399517 2399451 2399301 2398948 2398187 2396748 2394096 2389742 2383256 2374279 2363072 2349799 2335440 2320703 
138 2399548 2399540 2399510 2399427 2399223 2398708 2397668 2395547 2391783 2385550 2376374 2363646 2347257 2328147 2307173 2286240 
139 2399548 2399538 2399513 2399428 2399222 2398750 2397750 2395774 2392176 2386325 2377460 2365323 2349725 2331716 2312221 2292305 
140 2399548 2399547 2399545 2399529 2399494 2399407 2399205 2398797 2398096 2396896 2395168 2392760 2389644 2386033 2382078 2378162 
141 2399548 2399544 2399527 2399482 2399365 2399112 2398555 2397492 2395566 2392438 2387581 2380905 2372488 2362685 2352091 2341280 
142 2399548 2399546 2399539 2399520 2399472 2399353 2399099 2398602 2397700 2396227 2394056 2390955 2387117 2382681 2377957 2373005 
143 2399548 2399539 2399522 2399472 2399316 2398966 2398227 2396735 2394039 2389536 2382817 2373527 2361852 2348230 2333307 2318116 
144 2399548 2399541 2399515 2399443 2399273 2398832 2397897 2396060 2392721 2387237 2379064 2367807 2353744 2336936 2318956 2300334 
145 2399548 2399544 2399532 2399501 2399418 2399195 2398780 2397913 2396335 2393750 2389900 2384573 2377862 2369739 2361077 2352247 
146 2399548 2399545 2399537 2399502 2399432 2399294 2398974 2398336 2397258 2395360 2392649 2388722 2383860 2378230 2372089 2365677 
147 2399548 2399544 2399529 2399483 2399363 2399074 2398481 2397320 2395160 2391700 2386489 2379291 2370195 2359558 2347874 2336028 
148 2399548 2399544 2399527 2399482 2399356 2399059 2398437 2397191 2394974 2391255 2385723 2378203 2368669 2357402 2345167 2332882 
149 2399548 2399545 2399534 2399510 2399443 2399282 2398978 2398391 2397312 2395465 2392711 2389064 2384410 2378938 2372893 2366809 
150 2399548 2399542 2399516 2399448 2399265 2398849 2398009 2396284 2393275 2388226 2380742 2370220 2357139 2341697 2324903 2307799 
151 2399548 2399541 2399530 2399494 2399388 2399159 2398677 2397737 2396055 2393276 2389069 2383311 2375912 2367138 2357815 2348280 
152 2399548 2399541 2399516 2399453 2399306 2398970 2398217 2396713 2393995 2389554 2382702 2373568 2361853 2348121 2333225 2318089 
153 2399548 2399541 2399528 2399494 2399401 2399178 2398721 2397858 2396221 2393563 2389694 2384180 2377274 2369195 2360486 2351652 
154 2399548 2399543 2399526 2399481 2399352 2399061 2398413 2397127 2394828 2391097 2385411 2377610 2367699 2356036 2343404 2330528 
155 2399548 2399543 2399521 2399471 2399332 2399067 2398484 2397341 2395262 2391941 2386914 2379910 2371135 2360837 2349649 2338378 
156 2399548 2399544 2399526 2399482 2399372 2399092 2398474 2397344 2395263 2391815 2386696 2379529 2370671 2360061 2348541 2336971 
157 2399548 2399542 2399522 2399471 2399344 2399010 2398267 2396863 2394383 2390223 2384097 2375474 2364747 2352094 2338246 2324223 
158 2399548 2399538 2399510 2399438 2399254 2398828 2397938 2396085 2392819 2387449 2379507 2368413 2354471 2338061 2320366 2302105 
159 2399548 2399542 2399521 2399464 2399322 2398973 2398208 2396754 2394203 2389998 2383656 2374828 2363644 2350641 2336504 2321928 
160 2399548 2399546 2399534 2399497 2399420 2399228 2398830 2398006 2396579 2394181 2390659 2385738 2379474 2372232 2364359 2356472 
161 2399548 2399547 2399541 2399529 2399496 2399421 2399254 2398924 2398326 2397323 2395834 2393769 2391108 2388096 2384733 2381408 
162 2399548 2399541 2399517 2399461 2399304 2398948 2398216 2396760 2394122 2389709 2383195 2373940 2362318 2348824 2333804 2318816 
163 2399548 2399543 2399529 2399490 2399385 2399143 2398633 2397601 2395787 2392820 2388411 2382230 2374405 2365283 2355402 2345327 
164 2399548 2399543 2399534 2399505 2399444 2399290 2398942 2398258 2397092 2395156 2392182 2388112 2382969 2376838 2370267 2363435 
165 2399548 2399542 2399535 2399510 2399438 2399272 2398897 2398103 2396700 2394355 2390908 2386169 2380249 2373341 2365746 2357861 
166 2399548 2399542 2399519 2399463 2399335 2399026 2398384 2397044 2394673 2390762 2384916 2376872 2366504 2354350 2341102 2327707 
167 2399548 2399547 2399538 2399518 2399460 2399334 2399048 2398502 2397482 2395806 2393318 2389877 2385553 2380516 2375024 2369422 
168 2399548 2399539 2399514 2399432 2399231 2398769 2397788 2395721 2392077 2386148 2377271 2365071 2349400 2331229 2311435 2291416 
169 2399548 2399542 2399522 2399462 2399295 2398944 2398167 2396582 2393801 2389256 2382398 2372980 2361074 2347061 2331655 2316059 
170 2399548 2399545 2399532 2399494 2399408 2399218 2398772 2397950 2396431 2394019 2390334 2385142 2378605 2370906 2362456 2354130 
171 2399548 2399543 2399537 2399516 2399461 2399330 2399054 2398554 2397613 2396069 2393795 2390478 2386404 2381652 2376377 2371083 
172 2399548 2399541 2399514 2399452 2399287 2398886 2398056 2396442 2393455 2388584 2381253 2371226 2358476 2343723 2327597 2311221 
173 2399548 2399546 2399540 2399521 2399470 2399343 2399060 2398517 2397563 2395992 2393640 2390369 2386271 2381419 2376008 2370634 
174 2399548 2399546 2399542 2399528 2399493 2399423 2399258 2398908 2398343 2397367 2395872 2393839 2391370 2388376 2385145 2381882 
175 2399548 2399544 2399529 2399483 2399373 2399121 2398590 2397463 2395474 2392143 2387090 2380173 2371477 2361250 2350118 2338778 
176 2399548 2399544 2399536 2399507 2399432 2399265 2398909 2398180 2396930 2394831 2391698 2387395 2381943 2375534 2368681 2361564 
177 2399548 2399544 2399531 2399500 2399422 2399234 2398831 2398042 2396608 2394226 2390692 2385753 2379709 2372602 2364587 2356572 
178 2399548 2399545 2399530 2399493 2399361 2399073 2398432 2397162 2394901 2391183 2385718 2378222 2368668 2357581 2345369 2333127 
179 2399548 2399545 2399532 2399504 2399433 2399257 2398894 2398220 2396966 2394954 2391886 2387584 2382266 2375974 2369164 2362197 
180 2399548 2399542 2399527 2399485 2399375 2399132 2398604 2397548 2395624 2392465 2387749 2381201 2372883 2363061 2352537 2342073 
181 2399548 2399544 2399529 2399488 2399393 2399137 2398583 2397495 2395609 2392486 2387773 2381255 2373097 2363635 2353112 2342397 
182 2399548 2399543 2399526 2399484 2399370 2399104 2398502 2397340 2395265 2391862 2386722 2379699 2370802 2360375 2348847 2337106 
183 2399548 2399541 2399528 2399492 2399392 2399162 2398667 2397685 2395996 2393150 2388903 2383073 2375605 2367142 2357503 2347890 
184 2399548 2399545 2399537 2399513 2399445 2399291 2398981 2398336 2397206 2395344 2392487 2388507 2383453 2377685 2371224 2364667 
185 2399548 2399543 2399528 2399492 2399391 2399150 2398677 2397720 2396014 2393167 2388880 2383073 2375578 2366766 2357092 2347436 
186 2399548 2399547 2399535 2399512 2399439 2399291 2398976 2398341 2397187 2395315 2392584 2388657 2383759 2378013 2371627 2365361 
187 2399548 2399541 2399525 2399466 2399337 2399024 2398375 2397010 2394621 2390706 2384630 2376340 2366011 2353996 2340643 2327033 
188 2399548 2399545 2399533 2399502 2399414 2399205 2398773 2397953 2396448 2393979 2390251 2385192 2378713 2371150 2362874 2354348 
189 2399548 2399544 2399529 2399489 2399387 2399153 2398622 2397576 2395765 2392860 2388442 2382391 2374695 2365742 2355983 2345660 
190 2399548 2399546 2399539 2399524 2399490 2399409 2399232 2398894 2398286 2397248 2395717 2393603 2390915 2387762 2384315 2380856 
191 2399548 2399539 2399520 2399475 2399343 2399011 2398325 2396915 2394445 2390387 2384213 2375950 2365466 2353027 2339527 2325763 
192 2399548 2399544 2399529 2399477 2399353 2399042 2398376 2397061 2394771 2390903 2385040 2376976 2367051 2355162 2342142 2328928 
193 2399548 2399544 2399531 2399493 2399401 2399178 2398647 2397673 2395971 2393210 2389048 2383232 2375939 2367233 2357724 2348173 
194 2399548 2399544 2399530 2399494 2399377 2399095 2398552 2397514 2395652 2392511 2387849 2381380 2373302 2363742 2353296 2342723 
195 2399548 2399543 2399531 2399493 2399405 2399175 2398723 2397828 2396191 2393445 2389282 2383551 2376324 2367812 2358611 2349099 
196 2399548 2399547 2399537 2399513 2399463 2399338 2399006 2398447 2397387 2395681 2393157 2389609 2385131 2379960 2374294 2368484 
197 2399548 2399545 2399536 2399511 2399451 2399286 2398930 2398261 2397106 2395159 2392287 2388286 2383247 2377352 2370909 2364319 
198 2399548 2399543 2399530 2399495 2399422 2399250 2398826 2397998 2396560 2394250 2390711 2385971 2379903 2372686 2364968 2357095 
199 2399548 2399546 2399540 2399524 2399484 2399376 2399169 2398780 2398059 2396849 2395157 2392766 2389672 2386117 2382149 2378137 
200 2399548 2399544 2399531 2399495 2399388 2399136 2398567 2397494 2395539 2392447 2387753 2381169 2372953 2363374 2352920 2342243 
201 2399548 2399544 2399529 2399481 2399386 2399112 2398525 2397306 2395178 2391595 2386328 2379066 2369848 2359194 2347452 2335449 
202 2399548 2399545 2399536 2399508 2399441 2399283 2398932 2398279 2397091 2395145 2392206 2388160 2383143 2377201 2370780 2364094 
203 2399548 2399545 2399534 2399503 2399413 2399231 2398822 2397997 2396558 2394162 2390561 2385599 2379287 2371881 2363983 2355809 
204 2399548 2399542 2399526 2399468 2399337 2398996 2398287 2396910 2394407 2390418 2384272 2375715 2364975 2352458 2338639 2324790 
205 2399548 2399543 2399532 2399499 2399410 2399215 2398813 2398008 2396489 2394185 2390576 2385881 2379737 2372609 2364774 2356834 
206 2399548 2399544 2399526 2399473 2399319 2398968 2398216 2396826 2394257 2390013 2383539 2374684 2363505 2350342 2336110 2321544 
207 2399548 2399540 2399516 2399449 2399281 2398864 2397952 2396252 2393150 2388050 2380571 2370116 2356895 2341367 2324474 2307259 
208 2399548 2399538 2399502 2399418 2399197 2398682 2397544 2395328 2391290 2384557 2374784 2361093 2343997 2323757 2301921 2279338 
209 2399548 2399544 2399532 2399495 2399392 2399140 2398622 2397598 2395814 2392942 2388524 2382414 2374791 2365859 2356037 2345894 
210 2399548 2399544 2399528 2399478 2399371 2399128 2398596 2397584 2395729 2392649 2387992 2381545 2373506 2364176 2353959 2343429 
211 2399548 2399546 2399533 2399509 2399451 2399295 2398939 2398306 2397163 2395338 2392562 2388719 2383738 2378013 2371648 2365334 
212 2399548 2399547 2399536 2399514 2399442 2399284 2398959 2398241 2396980 2394995 2391945 2387717 2382328 2376086 2369199 2362117 
213 2399548 2399543 2399522 2399470 2399362 2399074 2398419 2397122 2394842 2391094 2385661 2378053 2368305 2357012 2344426 2331669 
214 2399548 2399543 2399520 2399470 2399341 2399035 2398398 2397092 2394832 2391007 2385256 2377419 2367406 2355647 2343046 2330066 
215 2399548 2399542 2399528 2399478 2399368 2399110 2398555 2397426 2395407 2392057 2387124 2380343 2371564 2361376 2350316 2339170 
216 2399548 2399541 2399510 2399428 2399235 2398764 2397713 2395732 2392126 2386354 2377563 2365521 2350023 2332155 2312769 2292864 
217 2399548 2399544 2399527 2399490 2399394 2399135 2398578 2397491 2395547 2392287 2387245 2380367 2371759 2361711 2350697 2339610 
218 2399548 2399546 2399537 2399516 2399457 2399321 2399050 2398484 2397502 2395857 2393374 2390007 2385737 2380707 2375257 2369647 
219 2399548 2399543 2399526 2399481 2399365 2399090 2398518 2397348 2395272 2391919 2386787 2379803 2370914 2360372 2348990 2337374 
220 2399548 2399544 2399533 2399505 2399427 2399233 2398800 2397989 2396430 2394003 2390394 2385372 2378946 2371553 2363433 2355189 
221 2399548 2399544 2399526 2399481 2399357 2399064 2398438 2397168 2394882 2391187 2385693 2378137 2368557 2357211 2345041 2332577 
222 2399548 2399546 2399536 2399516 2399455 2399318 2399037 2398447 2397405 2395729 2393069 2389540 2384965 2379772 2373952 2368036 
223 2399548 2399541 2399521 2399464 2399319 2398988 2398245 2396794 2394220 2389911 2383376 2374542 2363256 2350259 2336065 2321671 
224 2399548 2399545 2399529 2399475 2399362 2399061 2398474 2397260 2395116 2391574 2386226 2378906 2369699 2358944 2347059 2335164 
225 2399548 2399536 2399499 2399410 2399184 2398666 2397486 2395124 2390848 2383919 2373513 2359193 2341113 2319873 2296815 2273579 
226 2399548 2399544 2399528 2399484 2399370 2399083 2398499 2397304 2395134 2391615 2386257 2378848 2369448 2358512 2346526 2334474 
227 2399548 2399541 2399523 2399472 2399337 2399004 2398301 2396909 2394404 2390250 2384004 2375409 2364496 2351730 2337905 2323653 
228 2399548 2399543 2399530 2399494 2399382 2399157 2398637 2397601 2395759 2392767 2388209 2381883 2373917 2364638 2354619 2344211 
229 2399548 2399544 2399524 2399470 2399339 2398988 2398273 2396840 2394279 2389986 2383552 2374874 2363922 2351053 2336865 2322524 
230 2399548 2399541 2399529 2399479 2399375 2399134 2398613 2397554 2395691 2392602 2387985 2381674 2373648 2364330 2353985 2343577 
231 2399548 2399548 2399545 2399530 2399490 2399402 2399214 2398797 2398141 2397059 2395413 2393117 2390211 2386789 2383042 2379288 
232 2399548 2399541 2399513 2399453 2399294 2398879 2398029 2396372 2393412 2388587 2381228 2371180 2358631 2343952 2327884 2311575 
233 2399548 2399542 2399523 2399474 2399373 2399125 2398599 2397565 2395736 2392769 2388408 2382255 2374562 2365412 2355512 2345351 
234 2399548 2399544 2399533 2399486 2399380 2399113 2398565 2397535 2395634 2392457 2387807 2381367 2373278 2363719 2353348 2342754 
235 2399548 2399542 2399520 2399458 2399310 2398965 2398212 2396755 2394110 2389808 2383410 2374436 2363145 2349934 2335598 2321032 
236 2399548 2399541 2399520 2399445 2399264 2398836 2397903 2396177 2393040 2387811 2380050 2369169 2355637 2339661 2322096 2304362 
237 2399548 2399546 2399538 2399516 2399455 2399320 2399031 2398494 2397511 2395912 2393488 2390133 2385867 2380906 2375421 2369904 
238 2399548 2399543 2399530 2399493 2399410 2399188 2398708 2397765 2396106 2393382 2389377 2383757 2376720 2368439 2359235 2349972 
239 2399548 2399541 2399525 2399485 2399366 2399081 2398481 2397324 2395223 2391593 2386309 2378995 2369799 2358918 2347109 2335019 
240 2399548 2399543 2399520 2399463 2399312 2398963 2398184 2396649 2393838 2389286 2382332 2372751 2360792 2346944 2331595 2315972 
241 2399548 2399542 2399516 2399449 2399271 2398857 2397963 2396218 2393142 2388113 2380399 2369970 2356610 2341222 2324165 2307189 
242 2399548 2399546 2399539 2399522 2399480 2399378 2399150 2398688 2397923 2396615 2394708 2392030 2388568 2384616 2380186 2375627 
243 2399548 2399543 2399530 2399486 2399395 2399176 2398740 2397853 2396235 2393586 2389580 2384137 2377204 2369228 2360524 2351699 
244 2399548 2399542 2399515 2399450 2399270 2398839 2397899 2396122 2392883 2387506 2379488 2368282 2354439 2338054 2320133 2302112 
245 2399548 2399544 2399529 2399483 2399365 2399080 2398502 2397378 2395306 2391967 2386904 2379884 2371093 2360754 2349647 2338331 
246 2399548 2399545 2399531 2399483 2399378 2399131 2398614 2397606 2395752 2392655 2388105 2381765 2373792 2364446 2354250 2343775 
247 2399548 2399542 2399527 2399484 2399367 2399094 2398470 2397259 2395104 2391592 2386213 2378847 2369522 2358452 2346599 2334587 
248 2399548 2399542 2399527 2399483 2399366 2399096 2398539 2397493 2395575 2392433 2387867 2381548 2373379 2363941 2353730 2343172 
249 2399548 2399537 2399511 2399427 2399223 2398724 2397702 2395708 2391970 2386018 2377086 2364807 2349243 2330988 2311071 2290766 
250 2399548 2399541 2399524 2399474 2399347 2399000 2398281 2396864 2394357 2390215 2383969 2375488 2364863 2352520 2338683 2324631 
251 2399548 2399540 2399523 2399471 2399333 2399039 2398405 2397164 2394946 2391254 2385747 2377903 2368158 2356668 2344213 2331684 
252 2399548 2399545 2399533 2399502 2399434 2399282 2398926 2398239 2396953 2394873 2391794 2387476 2381994 2375617 2368652 2361729 
253 2399548 2399544 2399532 2399502 2399433 2399277 2398926 2398233 2396987 2394924 2391877 2387668 2382320 2375979 2369273 2362406 
254 2399548 2399541 2399523 2399454 2399297 2398912 2398067 2396370 2393357 2388482 2381174 2371139 2358216 2343102 2326833 2310115 
255 2399548 2399542 2399520 2399465 2399324 2398992 2398240 2396834 2394129 2389806 2383362 2374604 2363508 2350511 2336335 2321836 
256 2399548 2399541 2399518 2399445 2399257 2398844 2397957 2396233 2393103 2387987 2380298 2369564 2356207 2340462 2323252 2305921 
257 2399548 2399544 2399525 2399473 2399346 2399044 2398434 2397228 2395044 2391359 2385843 2378429 2368992 2357848 2345729 2333224 
258 2399548 2399538 2399515 2399438 2399289 2398891 2398082 2396448 2393556 2388763 2381567 2371671 2359086 2344170 2328004 2311797 
259 2399548 2399543 2399527 2399483 2399360 2399069 2398444 2397286 2395168 2391593 2386266 2378943 2369774 2358904 2347005 2335149 
260 2399548 2399546 2399539 2399515 2399457 2399325 2399028 2398436 2397408 2395679 2393044 2389466 2384890 2379674 2373976 2368203 
261 2399548 2399545 2399535 2399509 2399441 2399285 2398935 2398291 2397084 2395131 2392186 2388156 2383125 2377137 2370601 2363938 
262 2399548 2399545 2399533 2399511 2399452 2399294 2398966 2398334 2397181 2395343 2392585 2388828 2383945 2378188 2371854 2365440 
263 2399548 2399544 2399528 2399485 2399403 2399206 2398780 2397925 2396380 2393824 2390024 2384734 2378190 2370473 2361994 2353199 
264 2399548 2399544 2399525 2399467 2399359 2399074 2398491 2397314 2395251 2391912 2386857 2379780 2371002 2360543 2349299 2337677 
265 2399548 2399544 2399528 2399482 2399372 2399111 2398529 2397397 2395391 2392093 2387210 2380565 2372116 2362252 2351483 2340430 
266 2399548 2399542 2399523 2399472 2399336 2399025 2398327 2396919 2394498 2390497 2384567 2376197 2365630 2353393 2339820 2326262 
267 2399548 2399544 2399521 2399473 2399335 2398997 2398316 2396949 2394458 2390550 2384446 2376082 2365360 2352969 2339435 2325732 
268 2399548 2399542 2399530 2399492 2399396 2399175 2398682 2397714 2395934 2392999 2388612 2382561 2374993 2366017 2356254 2346468 
269 2399548 2399543 2399531 2399497 2399406 2399169 2398682 2397726 2396019 2393177 2388894 2383112 2375778 2367246 2357792 2348168 
270 2399548 2399545 2399541 2399518 2399460 2399308 2399042 2398452 2397345 2395499 2392821 2389042 2384406 2378794 2372834 2366823 
271 2399548 2399539 2399510 2399436 2399272 2398853 2397947 2396146 2393025 2387915 2380211 2369453 2355895 2340158 2323009 2305465 
272 2399548 2399541 2399521 2399479 2399362 2399061 2398437 2397168 2394855 2391160 2385631 2378052 2368503 2357247 2345078 2332694 
273 2399548 2399546 2399528 2399482 2399353 2399060 2398394 2397069 2394748 2390840 2385101 2377146 2367141 2355610 2342821 2329911 
274 2399548 2399539 2399520 2399481 2399373 2399127 2398559 2397470 2395477 2392184 2387246 2380436 2371773 2361692 2350758 2339431 
275 2399548 2399547 2399542 2399514 2399442 2399290 2398962 2398300 2397143 2395267 2392407 2388436 2383454 2377695 2371300 2364617 
276 2399548 2399545 2399536 2399512 2399443 2399266 2398862 2398133 2396690 2394411 2390985 2386256 2380272 2373195 2365579 2357845 
277 2399548 2399544 2399536 2399504 2399423 2399250 2398893 2398156 2396833 2394667 2391412 2387029 2381278 2374423 2367161 2359738 
278 2399548 2399548 2399543 2399527 2399491 2399406 2399244 2398894 2398270 2397213 2395618 2393430 2390684 2387475 2384051 2380560 
279 2399548 2399543 2399530 2399490 2399380 2399140 2398598 2397541 2395654 2392600 2387922 2381444 2373222 2363592 2353254 2342600 
280 2399548 2399545 2399537 2399513 2399437 2399269 2398900 2398131 2396774 2394581 2391291 2386692 2380776 2374003 2366447 2358812 
281 2399548 2399546 2399539 2399523 2399476 2399368 2399142 2398700 2397853 2396485 2394392 2391477 2387872 2383664 2379016 2374350 
282 2399548 2399542 2399525 2399485 2399367 2399087 2398482 2397249 2395045 2391439 2386048 2378525 2368831 2357558 2345555 2333066 
283 2399548 2399540 2399525 2399472 2399343 2399041 2398427 2397172 2394861 2391246 2385712 2378063 2368645 2357445 2345291 2332971 
284 2399548 2399544 2399524 2399469 2399323 2398986 2398269 2396885 2394407 2390396 2384304 2375887 2365358 2352778 2339474 2325664 
285 2399548 2399537 2399516 2399447 2399245 2398780 2397798 2395870 2392376 2386728 2378286 2366379 2351561 2334241 2315048 2295595 
286 2399548 2399543 2399519 2399468 2399326 2399002 2398323 2396997 2394573 2390626 2384679 2376545 2366182 2353990 2340783 2327468 
287 2399548 2399546 2399537 2399513 2399442 2399294 2398939 2398291 2397074 2395100 2392188 2388130 2383067 2377074 2370659 2363935 
288 2399548 2399543 2399526 2399475 2399363 2399070 2398445 2397218 2395093 2391547 2386148 2378685 2369296 2358188 2346250 2334121 
289 2399548 2399546 2399537 2399514 2399452 2399297 2398950 2398270 2397044 2395071 2391989 2387803 2382515 2376387 2369638 2362893 
290 2399548 2399541 2399527 2399483 2399356 2399064 2398435 2397198 2394963 2391267 2385685 2378085 2368396 2357048 2344853 2332457 
291 2399548 2399543 2399526 2399489 2399386 2399157 2398673 2397633 2395844 2392928 2388475 2382193 2374473 2365398 2355626 2345541 
292 2399548 2399546 2399539 2399513 2399464 2399340 2399042 2398497 2397525 2395910 2393476 2390182 2385987 2381100 2375730 2370337 
293 2399548 2399543 2399529 2399488 2399396 2399165 2398660 2397662 2395845 2392866 2388468 2382316 2374684 2365617 2355768 2345774 
294 2399548 2399544 2399523 2399475 2399320 2398945 2398184 2396671 2393937 2389513 2382961 2373766 2362124 2348436 2333607 2318429 
295 2399548 2399542 2399529 2399493 2399394 2399166 2398648 2397653 2395856 2392789 2388328 2382226 2374354 2365058 2354934 2344839 
296 2399548 2399544 2399538 2399513 2399436 2399256 2398875 2398100 2396750 2394600 2391366 2386923 2381228 2374606 2367463 2360114 
297 2399548 2399541 2399531 2399489 2399386 2399160 2398653 2397702 2395991 2393153 2388834 2383056 2375632 2366978 2357496 2347819 
298 2399548 2399545 2399530 2399502 2399423 2399246 2398827 2398020 2396608 2394246 2390784 2385939 2379855 2372725 2364902 2356990 
299 2399548 2399544 2399535 2399505 2399428 2399246 2398867 2398116 2396812 2394706 2391460 2387035 2381394 2374875 2367738 2360503 
