000      0      4      8     23     67    171    378    777   1494   2701   4513   6839   9745  12950  16177  19019 
001      0      5     11     34     96    233    535   1108   2095   3657   5927   9015  12779  16909  20959  24404 
002      0      5     13     40    126    303    687   1406   2733   4926   8130  12473  17826  23672  29407  34224 
003      0     10     30     98    265    654   1507   3171   6220  10996  18121  27744  39261  52167  64957  76299 
004      0      6     15     40    109    290    663   1380   2673   4837   7935  12089  17207  22857  28398  33165 
005      0      6     19     57    154    377    866   1818   3476   6193  10189  15592  22107  29406  36409  42617 
006      0      4     11     29     76    204    489   1016   1950   3477   5795   8795  12433  16477  20392  23848 
007      0      5     13     50    146    349    775   1624   3038   5490   9012  13694  19325  25494  31871  37076 
008      0      3      7     27     76    196    453    976   1896   3373   5623   8559  12098  15985  19800  23114 
009      0      6     16     47    127    344    797   1690   3304   5845   9548  14513  20527  27051  33604  39359 
010      0     11     32    113    315    791   1796   3760   7191  12979  21624  32956  46781  61943  76901  89986 
011      0      9     33     93    255    646   1460   3071   5975  10661  17672  26754  37864  50179  62225  73064 
012      0      5     16     54    125    339    758   1602   3022   5274   8564  13026  18496  24446  30243  35365 
013      0      7     24     71    181    441    977   2036   3980   7019  11498  17506  24863  32965  40997  48181 
014      0      4     12     39    107    273    617   1308   2574   4620   7578  11384  15951  20968  26088  30475 
015      0      5     15     47    129    308    740   1538   2866   5070   8304  12762  17989  23797  29698  34699 
016      0     10     32     95    265    675   1502   3202   6145  10998  18145  27739  39416  52172  64944  75916 
017      0      5     14     49    151    362    859   1826   3538   6246  10147  15483  22086  29044  36053  42049 
018      0      4      8     25     76    212    493   1028   2012   3610   6002   9149  13039  17290  21574  25089 
019      0      8     23     61    174    451   1067   2301   4434   7885  12988  19822  28096  37270  46167  54210 
020      0     13     34    116    306    744   1701   3641   7071  12740  20937  31805  44964  59855  74421  87008 
021      0      6     15     42    117    277    613   1289   2508   4430   7206  10913  15506  20513  25305  29755 
022      0      5     17     57    159    402    922   1940   3730   6680  10963  16747  23524  31087  38374  44995 
023      0      4     15     44    108    273    617   1284   2468   4435   7278  11022  15651  20862  26096  30571 
024      0      8     23     65    191    457   1053   2207   4241   7445  12284  18761  26570  35110  43607  51074 
025      0      4     12     31    106    273    618   1269   2379   4232   6908  10449  14803  19449  24289  28447 
026      0      3      7     30     85    202    457    964   1819   3216   5299   8078  11420  15084  18591  21578 
027      0      7     24     67    190    479   1124   2347   4496   8017  13088  19926  28339  37721  46945  55015 
028      0      6     17     41     98    243    571   1201   2360   4247   7014  10681  15183  20151  24886  29097 
029      0     10     22     67    160    418    952   2030   4006   7091  11587  17704  25178  33396  41413  48480 
030      0     10     22     67    160    418    952   2030   4006   7091  11587  17704  25178  33396  41413  48480 
031      0     10     23     79    220    544   1276   2715   5275   9440  15460  23446  33219  43921  54593  63932 
032      0      8     20     62    182    469   1088   2286   4385   7903  13067  19966  28378  37642  46684  54819 
033      0      5     19     60    167    416    962   1974   3874   6921  11471  17525  24805  32921  40780  47720 
034      0      6     15     46    113    271    596   1252   2414   4352   7105  10943  15554  20589  25636  30076 
035      0      6     14     48    124    335    794   1670   3215   5736   9441  14411  20467  27053  33460  39170 
036      0      9     19     57    180    450   1053   2210   4288   7660  12573  19247  27254  36088  45004  52795 
037      0      6     18     63    155    383    869   1806   3532   6153  10158  15631  22207  29381  36513  42697 
038      0      6     19     56    136    345    778   1665   3200   5686   9309  14145  20056  26704  33268  38977 
039      0      7     23     60    165    405    905   1901   3726   6812  11364  17364  24725  32618  40504  47495 
040      0     12     47    154    414    995   2342   4896   9453  16675  27294  41710  58997  78186  97081 113753 
041      0     11     28     76    210    497   1115   2359   4523   8106  13322  20336  28917  38441  47711  55911 
042      0     10     22     57    154    394    878   1855   3554   6371  10520  15952  22725  30056  37373  43691 
043      0      7     23     60    170    432   1009   2075   4033   7214  11886  18131  25479  33732  41568  48436 
044      0     11     24     75    197    511   1133   2340   4559   8150  13364  20414  28867  38252  47524  55498 
045      0     14     44    131    357    894   2078   4297   8253  14829  24393  37366  52982  70113  86929 101763 
046      0      8     23     67    190    509   1219   2595   5039   8916  14736  22575  31949  42425  52791  61809 
047      0      5     11     32     92    210    518   1086   2054   3681   5899   8922  12572  16550  20503  24101 
048      0      9     27     88    236    600   1383   2868   5469   9832  15993  24592  34769  46113  57198  66996 
049      0      4      9     30     66    176    422    899   1743   3057   5089   7806  10999  14589  18217  21248 
050      0      8     25     84    215    548   1274   2678   5177   9150  15049  23065  32754  43233  53745  62830 
051      0     10     35    103    284    720   1644   3463   6727  12011  19653  29997  42540  56045  69738  81661 
052      0      7     24     79    217    518   1110   2354   4661   8151  13391  20478  29309  38788  48264  56511 
053      0      7     19     62    175    438   1009   2055   3957   7015  11664  17672  25090  33017  41032  48040 
054      0      8     20     55    147    375    855   1724   3369   5942   9761  14857  21063  28012  34832  40773 
055      0      7     20     59    172    424    985   2022   3981   7125  11690  17862  25415  33698  41769  48767 
056      0      8     24     85    244    612   1379   2869   5584  10038  16418  24860  35210  46648  57953  67890 
057      0      8     24     73    189    488   1121   2420   4676   8265  13558  20769  29481  38884  48209  56347 
058      0      6     18     63    150    375    866   1861   3637   6452  10713  16368  22906  30422  37936  44320 
059      0     10     30    101    272    648   1441   3008   5773  10264  16682  25319  35928  47561  59320  69464 
060      0      7     12     42    127    320    760   1581   3070   5374   8853  13553  19111  25427  31562  36842 
061      0      6     16     54    145    366    864   1813   3503   6221  10151  15481  21987  29151  36308  42479 
062      0     10     27     85    226    558   1262   2672   5196   9266  15297  23151  33028  43738  54702  64048 
063      0     11     33     93    236    565   1290   2604   5066   9086  14925  22719  32358  43022  53355  62360 
064      0      3      9     24     62    151    332    676   1284   2364   3890   5897   8343  11147  13894  16312 
065      0      7     23     68    174    452   1019   2174   4259   7522  12320  18694  26499  34945  43663  51267 
066      0      3      8     23     62    164    369    771   1473   2668   4408   6619   9452  12449  15451  18192 
067      0     12     36    120    319    792   1791   3824   7322  13162  21773  33276  47198  62394  77655  90581 
068      0      6     16     41    111    262    610   1288   2436   4355   7198  11021  15625  20672  25501  29688 
069      0      8     27     86    223    580   1365   2954   5664  10053  16594  25383  36060  47721  59247  69109 
070      0      6     22     77    195    518   1218   2472   4811   8557  14095  21428  30384  40327  50101  58624 
071      0      6     17     53    158    411    952   1989   3850   6899  11347  17328  24580  32472  40167  46990 
072      0      7     28     87    259    643   1499   3043   5840  10496  17288  26326  37394  49324  61373  71895 
073      0      4     12     49    135    357    804   1698   3328   5869   9565  14615  20780  27566  34346  40169 
074      0      9     31     79    216    569   1254   2562   4950   8849  14652  22245  31539  41952  52166  61007 
075      0      6     14     43    131    336    769   1616   3098   5517   9007  13776  19502  25876  32221  37764 
076      0     12     34     88    211    499   1191   2481   4776   8555  14243  21720  30782  40712  50471  59302 
077      0     10     35    104    281    678   1530   3207   6147  10940  18087  27544  38967  51639  64285  75273 
078      0      5     11     37     98    262    595   1289   2510   4432   7322  11141  15868  21066  26141  30530 
079      0      6     15     44    114    264    608   1265   2478   4374   7148  10814  15409  20362  25396  29581 
080      0      8     21     72    191    494   1122   2399   4703   8406  13810  21026  30010  40001  49721  58287 
081      0      9     29     74    185    472   1072   2193   4207   7637  12483  19115  27119  35827  44617  52660 
082      0      5     13     39    118    322    708   1507   2892   5112   8375  12828  18215  24176  29993  35195 
083      0      8     23     70    194    490   1122   2317   4487   8001  13161  20259  28933  38288  47488  55408 
084      0      8     29     90    236    575   1314   2828   5442   9643  15727  23869  33590  44330  55220  64407 
085      0      7     16     52    144    356    794   1647   3295   5867   9514  14473  20554  27039  33675  39543 
086      0     10     31     93    261    632   1412   2976   5685  10057  16462  25210  35655  47296  58817  69123 
087      0      8     23     63    171    424    944   2007   3823   6895  11328  17354  24598  32529  40339  47197 
088      0      5     13     43    119    317    693   1466   2883   5130   8378  12646  17987  23680  29362  34461 
089      0      6     24     77    210    510   1217   2555   4885   8801  14502  22046  31163  41033  50993  59749 
090      0      5     14     39    111    291    647   1402   2747   4845   8050  12177  17285  22921  28385  33284 
091      0     11     33     92    240    613   1418   2939   5767  10263  16963  25857  36682  48535  60319  70634 
092      0      4      4     15     41     99    234    500    996   1814   3004   4514   6346   8446  10465  12220 
093      0     11     36    102    264    660   1484   3046   5865  10484  17202  26094  36924  48960  60842  71271 
094      0      6     18     57    153    394    908   1834   3522   6285  10323  15756  22229  29562  36577  42894 
095      0      3      5     23     57    169    404    851   1645   2954   4849   7436  10536  13919  17246  20177 
096      0      6     19     69    185    459   1067   2272   4395   7768  12753  19545  27752  36745  45637  53322 
097      0      5     13     29     86    210    485   1004   1878   3326   5412   8344  11930  15775  19603  23117 
098      0      9     27     89    240    583   1291   2724   5334   9447  15571  23786  33631  44576  55172  64562 
099      0      7     26     78    203    509   1132   2373   4589   8145  13415  20429  28858  38207  47651  55661 
100      0      8     21     64    181    453   1080   2261   4438   7950  13038  19997  28429  37685  46663  54517 
101      0      5     18     57    150    371    839   1690   3285   5768   9553  14552  20709  27445  34074  39820 
102      0      6     13     37     99    225    504   1044   2080   3764   6141   9405  13271  17555  21663  25574 
103      0      5     15     44    118    269    603   1206   2386   4225   6958  10516  14821  19538  24059  28160 
104      0      4     14     40    100    253    596   1254   2386   4229   6987  10706  15227  20129  25028  29262 
105      0      4     15     57    143    382    865   1786   3437   6160  10097  15437  21866  28933  36095  42059 
106      0      6     13     35    101    252    575   1217   2349   4122   6692  10242  14553  19260  23940  28191 
107      0      9     20     65    181    456   1034   2135   4122   7318  11975  18273  25830  34286  42566  50065 
108      0      3      8     30     89    236    547   1133   2169   3860   6238   9516  13576  17947  22352  26093 
109      0      6     21     78    211    505   1133   2446   4806   8626  14088  21412  30285  40094  49679  58259 
110      0      6     20     65    173    431   1006   2087   3959   7026  11580  17726  25226  33342  41181  48206 
111      0      9     31     97    234    570   1317   2815   5556   9914  16297  24903  35243  46552  57575  67514 
112      0      8     18     52    143    367    811   1722   3216   5734   9367  14209  20226  26712  33160  38709 
113      0      8     23     76    224    522   1176   2451   4675   8386  13927  21349  30317  40291  50245  58661 
114      0      7     23     80    211    536   1210   2582   4895   8694  14446  21899  31163  41333  51581  60175 
115      0      4     11     47    122    305    709   1457   2788   4907   8063  12239  17363  22930  28362  33093 
116      0     10     27     87    257    623   1418   2996   5768  10224  16763  25708  36476  48379  60147  70551 
117      0     10     28     78    207    508   1136   2391   4625   8281  13607  20844  29443  38955  48532  56580 
118      0      5     13     49    121    293    677   1433   2785   5038   8234  12572  18008  23902  29589  34547 
119      0     10     29     89    237    632   1457   3024   5885  10573  17332  26340  37285  49279  61016  71431 
120      0      7     19     56    156    393    914   1858   3649   6580  10960  16745  23762  31525  39128  45633 
121      0      7     15     49    133    348    757   1611   3154   5570   9087  13892  19588  25898  32254  37692 
122      0      9     24     83    230    567   1272   2599   5039   9002  14739  22465  31953  42501  52871  62015 
123      0      5      9     41    112    249    564   1246   2395   4281   7097  10689  15295  20175  25131  29349 
124      0      5     17     57    143    343    861   1847   3525   6299  10381  15877  22558  29814  36963  43320 
125      0      9     32     84    233    560   1296   2648   5005   9003  14731  22649  32189  42894  53238  62270 
126      0     10     32     83    216    549   1255   2656   5182   9203  15025  22914  32524  42986  53509  62733 
127      0      4      8     32    105    280    678   1453   2784   4954   8189  12516  17703  23470  29226  34258 
128      0      5     13     53    157    419    957   2023   3956   7055  11583  17497  24677  32789  40846  47616 
129      0      7     13     40    106    269    638   1377   2668   4727   7758  11804  16836  22329  27734  32453 
130      0      4      4     12     43    118    270    591   1145   2061   3411   5210   7263   9441  11723  13643 
131      0      6     20     62    171    417    911   1904   3720   6595  10792  16417  23371  31012  38498  44953 
132      0      7     20     52    142    362    794   1685   3201   5716   9359  14258  20174  26879  33475  39286 
133      0      6     24     62    187    475   1090   2275   4392   7879  13021  19768  28007  37271  46127  53981 
134      0      7     16     46    123    337    770   1648   3134   5647   9366  14312  20316  26970  33521  39241 
135      0      5     13     47    152    379    870   1819   3538   6310  10419  16009  22835  30211  37615  43716 
136      0      3      6     19     63    139    330    702   1322   2409   3958   6055   8578  11449  14295  16747 
137      0     10     31     97    245    592   1337   2732   5279   9415  15455  23638  33320  44334  54994  64408 
138      0     10     38    121    322    828   1849   3908   7544  13458  21986  33542  47834  63525  79232  92404 
139      0     12     35    119    325    784   1765   3692   7157  12714  21000  32050  45611  60298  74811  87566 
140      0      3      3     19     54    141    339    736   1409   2548   4157   6351   9056  12009  14946  17432 
141      0      6     21     66    182    432    980   2012   3869   6858  11392  17460  24788  32790  40561  47349 
142      0      4      9     28     76    193    441    922   1789   3194   5212   8051  11361  14989  18443  21501 
143      0     11     26     76    232    579   1306   2757   5351   9630  15927  24373  34570  45734  56724  66253 
144      0      9     33    105    273    707   1620   3405   6629  11856  19520  29749  41928  55717  68922  80851 
145      0      6     16     47    130    349    757   1606   3129   5588   9192  14019  19862  26490  32884  38635 
146      0      5     11     46    116    252    569   1190   2215   4025   6546  10106  14274  18913  23499  27588 
147      0      6     19     65    184    468   1047   2176   4262   7564  12460  19006  26945  35632  44317  51776 
148      0      6     21     66    191    484   1101   2309   4443   8013  13152  19977  28258  37423  46547  54268 
149      0      5     14     38    105    265    564   1130   2167   3928   6484   9811  13854  18365  22829  26660 
150      0      8     32    100    283    696   1516   3199   6107  10902  17867  27443  38806  51500  63983  74859 
151      0      9     18     54    155    381    849   1763   3387   6034   9952  15163  21699  28904  35843  41816 
152      0      9     32     95    239    572   1308   2772   5409   9610  16040  24324  34412  45651  56625  66354 
153      0      9     20     54    147    365    814   1647   3221   5745   9389  14387  20451  26906  33306  38912 
154      0      7     22     67    193    478   1111   2361   4594   8127  13407  20542  29156  38689  48047  56239 
155      0      7     27     77    215    474   1041   2153   4150   7315  11998  18359  26021  34364  42682  49860 
156      0      6     22     66    174    450   1056   2156   4172   7443  12235  18759  26430  35074  43637  50970 
157      0      8     26     77    203    531   1262   2631   5027   8971  14701  22544  31809  42072  52394  61339 
158      0     12     38    109    293    714   1588   3384   6533  11641  19078  29143  41257  54729  67778  79452 
159      0      8     27     84    225    570   1322   2736   5196   9198  15092  23077  32811  43492  54069  63239 
160      0      4     14     51    128    319    711   1514   2888   5164   8449  12928  18407  24310  30118  34977 
161      0      3      7     19     52    125    288    604   1182   2147   3516   5395   7743  10205  12731  14846 
162      0      9     31     87    243    594   1299   2720   5270   9453  15528  23995  34131  45189  56416  66005 
163      0      7     19     58    162    401    900   1899   3652   6480  10600  16187  22957  30393  37692  44003 
164      0      7     14     43    104    254    596   1266   2394   4243   7011  10696  15210  20208  25098  29427 
165      0      8     13     38    107    271    641   1415   2774   5011   8236  12524  17708  23309  28898  33972 
166      0      8     29     85    212    518   1146   2457   4748   8460  13914  21185  30297  40248  50124  58665 
167      0      3     10     30     88    212    492   1022   2003   3589   5931   9095  12862  16946  21056  24545 
168      0     11     34    116    314    764   1726   3735   7239  12864  21157  32232  45802  60620  75347  88108 
169      0      8     26     86    253    596   1352   2903   5583   9917  16339  24902  35265  46659  58128  67951 
170      0      5     16     54    140    328    764   1573   3028   5313   8743  13456  19173  25500  31810  37140 
171      0      7     11     32     87    216    487    967   1872   3337   5446   8451  12008  15876  19793  23099 
172      0      9     34     96    260    657   1457   3028   5908  10527  17393  26505  37562  49621  61593  71891 
173      0      4      8     27     77    202    478   1008   1932   3433   5626   8616  12129  16098  20140  23622 
174      0      4      6     20     55    123    281    626   1176   2106   3517   5375   7498   9959  12355  14406 
175      0      6     19     65    174    424    945   2039   3945   7130  11868  18151  25706  34157  42518  49670 
176      0      6     12     41    116    280    631   1346   2550   4547   7462  11357  16151  21388  26387  30988 
177      0      6     16     47    125    306    702   1472   2857   5114   8421  12933  18185  23959  29960  35023 
178      0      5     18     55    186    467   1099   2339   4533   8098  13181  19969  28199  37167  46178  53847 
179      0      5     16     44    114    288    643   1302   2512   4407   7255  11163  15808  21011  26023  30444 
180      0      8     20     62    171    411    924   1955   3827   6858  11236  17210  24421  32529  40281  46780 
181      0      6     19     60    154    406    947   2016   3833   6801  11176  17105  24188  31891  39774  46652 
182      0      7     22     64    175    437   1031   2162   4168   7406  12197  18552  26243  34752  43362  50982 
183      0      9     20     56    154    380    865   1821   3445   6162  10138  15443  21935  28875  36057  42117 
184      0      5     11     35    102    255    560   1180   2266   4034   6697  10306  14708  19426  24294  28502 
185      0      7     20     56    157    396    860   1782   3439   6149  10178  15433  22001  29218  36467  42625 
186      0      3     13     36    108    254    565   1185   2293   4057   6600  10138  14401  19139  23879  27883 
187      0      9     23     81    207    517   1152   2479   4789   8494  14184  21796  30771  40539  50440  59108 
188      0      5     15     46    134    339    759   1558   3021   5352   8813  13390  19068  25204  31376  36906 
189      0      6     19     58    158    390    907   1928   3671   6433  10536  16021  22747  30020  37208  43828 
190      0      4      9     24     58    136    310    638   1227   2216   3647   5570   7912  10510  13060  15204 
191      0     11     28     72    202    532   1200   2582   4966   8841  14608  22121  31202  41340  51388  60108 
192      0      6     19     70    194    501   1149   2430   4639   8324  13821  21130  29657  39401  49146  57517 
193      0      6     17     55    147    369    890   1845   3487   6090   9943  15201  21558  28652  35683  41829 
194      0      6     18     53    170    449    981   1996   3786   6776  11119  16990  23956  31739  39471  46246 
195      0      7     17     55    140    368    813   1693   3261   5884   9748  14959  21259  28272  35083  41200 
196      0      3     11     35     85    208    532   1075   2105   3737   6084   9301  13187  17408  21583  25289 
197      0      5     12     37     97    259    611   1257   2362   4209   6863  10498  14864  19690  24520  28699 
198      0      7     18     53    124    294    711   1517   2899   5098   8393  12671  17938  23817  29538  34476 
199      0      4      8     24     64    171    370    743   1441   2598   4159   6296   9009  11943  14900  17479 
200      0      6     17     53    158    408    968   2015   3901   6850  11213  17225  24350  32119  39861  46639 
201      0      6     19     67    161    432   1005   2188   4224   7665  12607  19153  27182  35865  44549  52327 
202      0      5     12     40    106    263    605   1231   2378   4239   7015  10674  15008  19853  24710  28987 
203      0      5     14     45    135    314    710   1514   2902   5203   8582  13090  18554  24587  30353  35525 
204      0      8     22     79    210    548   1246   2582   5001   8795  14530  22293  31642  41867  52197  60987 
205      0      7     16     49    138    328    724   1500   2966   5159   8525  12749  18105  23875  29674  34725 
206      0      6     22     75    229    575   1311   2658   5137   9192  15251  23308  33055  43888  54427  63650 
207      0     10     32     99    265    678   1571   3221   6211  11062  18047  27546  39026  51643  64157  75044 
208      0     12     46    130    351    855   1974   4123   8005  14422  23530  35890  50830  67455  83532  97917 
209      0      6     16     53    154    405    916   1908   3629   6360  10452  15996  22602  29898  37168  43639 
210      0      6     20     69    174    413    932   1905   3698   6612  10988  16787  23797  31416  38995  45731 
211      0      4     15     39     97    250    600   1211   2310   4027   6596  10095  14428  19140  23824  27838 
212      0      3     12     34    106    263    582   1280   2487   4373   7220  11062  15766  20869  26031  30643 
213      0      7     26     78    186    467   1108   2377   4584   8147  13202  20120  28555  37775  47043  55179 
214      0      7     28     78    205    511   1135   2410   4579   8201  13577  20737  29470  39093  48393  56583 
215      0      8     20     69    178    431    972   2068   4019   7192  11791  17954  25615  33948  42122  49143 
216      0      9     38    120    312    778   1811   3730   7215  12718  20926  31778  45196  59818  74255  87005 
217      0      6     21     58    154    407    950   2009   3894   7001  11755  18013  25472  33712  41925  48915 
218      0      4     11     32     91    224    487   1038   1973   3543   5870   8929  12652  16752  20824  24403 
219      0      7     22     66    182    453   1017   2151   4152   7309  12115  18427  26128  34849  43373  50802 
220      0      6     15     43    120    313    733   1527   3019   5338   8682  13214  18856  24874  30885  36155 
221      0      6     22     67    190    479   1093   2332   4535   8068  13176  20009  28276  37602  46652  54704 
222      0      4     12     32     93    228    502   1081   2089   3673   6168   9397  13374  17610  21974  25802 
223      0      9     27     84    229    556   1287   2700   5164   9264  15402  23415  33273  43779  54213  63324 
224      0      5     19     73    184    479   1056   2234   4317   7706  12664  19314  27321  36079  44868  52415 
225      0     14     49    138    359    869   2021   4328   8471  15082  24810  37753  53478  70776  87936 102553 
226      0      6     20     64    177    461   1037   2205   4298   7651  12635  19396  27573  36495  45481  53119 
227      0      9     25     76    210    541   1231   2584   5008   8982  14774  22627  32157  42645  52918  62014 
228      0      7     18     54    164    385    902   1916   3693   6544  10793  16586  23520  31110  38491  45097 
229      0      6     24     78    208    551   1259   2659   5124   9208  15243  23151  32584  43069  53622  62767 
230      0      9     19     69    173    410    921   1949   3743   6678  10956  16691  23715  31336  39054  45640 
231      0      2      3     18     58    146    328    734   1370   2391   3926   6005   8524  11343  14126  16462 
232      0      9     35     95    250    660   1495   3114   5975  10542  17406  26533  37398  49348  61178  71367 
233      0      8     25     74    173    417    934   1933   3704   6513  10554  16129  22821  30337  37599  44085 
234      0      6     15     62    168    434    972   1966   3801   6816  11151  17032  24076  31800  39564  46320 
235      0      8     28     90    235    575   1314   2722   5278   9369  15339  23467  33347  44172  54780  64027 
236      0      9     28    103    283    704   1618   3298   6326  11290  18501  28376  40178  53266  66325  77575 
237      0      4     10     32     93    227    507   1026   1966   3488   5768   8804  12514  16539  20683  24157 
238      0      7     17     53    135    355    826   1739   3340   5919   9658  14746  20848  27605  34541  40488 
239      0      9     23     62    179    456   1047   2166   4203   7673  12596  19238  27272  36162  44895  52518 
240      0      7     27     83    233    578   1341   2839   5554   9912  16424  25150  35593  46855  58116  68067 
241      0      8     32     99    274    682   1560   3261   6229  11033  18186  27634  39194  51767  64431  75245 
242      0      4      9     26     67    168    389    841   1576   2824   4597   7028  10007  13198  16498  19472 
243      0      7     18     62    153    367    798   1654   3213   5733   9500  14434  20482  26958  33327  38834 
244      0      8     33     98    276    701   1624   3358   6485  11600  19046  29256  41321  54698  68067  79530 
245      0      6     19     65    182    464   1032   2123   4105   7263  12005  18376  25947  34434  42655  49831 
246      0      5     17     65    169    411    918   1899   3677   6610  10845  16602  23579  31262  38797  45357 
247      0      8     21     64    180    449   1067   2252   4326   7670  12685  19365  27429  36557  45303  52937 
248      0      8     21     65    181    448    996   2015   3875   6874  11106  16812  23885  31571  39146  45796 
249      0     13     37    121    320    815   1814   3755   7353  13029  21338  32465  45971  60853  75655  88634 
250      0      9     23     73    200    541   1239   2618   5039   8980  14799  22530  31717  41786  52123  61083 
251      0     10     25     76    213    502   1114   2316   4444   7969  13115  20276  28767  38169  47373  55237 
252      0      5     15     45    113    262    608   1269   2517   4493   7345  11265  16044  21311  26444  30825 
253      0      6     16     46    115    269    609   1281   2495   4470   7307  11109  15750  20931  25903  30225 
254      0      9     25     92    248    631   1461   3123   6032  10659  17469  26563  37874  50202  62239  72878 
255      0      8     28     82    222    548   1279   2650   5255   9363  15407  23359  32946  43448  53934  63281 
256      0      9     30    103    289    699   1563   3242   6269  11118  18320  28064  39652  52536  65294  76279 
257      0      6     23     75    202    503   1097   2272   4386   7903  13052  19768  27929  37030  46000  54054 
258      0     12     33    110    257    653   1447   3038   5819  10394  17082  26083  37065  49325  61292  71568 
259      0      6     20     64    187    472   1079   2208   4256   7662  12638  19350  27303  36207  45093  52626 
260      0      4      9     33     90    221    513   1082   2072   3704   6169   9461  13444  17729  21900  25489 
261      0      5     13     38    106    260    606   1227   2404   4264   7014  10675  15031  19932  24737  28978 
262      0      5     15     37     95    249    570   1190   2301   4033   6601  10012  14228  18913  23659  27924 
263      0      6     20     63    144    338    757   1596   3095   5515   9067  13887  19543  25856  32130  37762 
264      0      6     23     81    188    465   1033   2183   4155   7342  12063  18461  26107  34671  43008  50446 
265      0      6     20     66    176    431   1003   2109   4024   7169  11716  17702  25060  33175  41090  48065 
266      0      8     25     75    211    516   1200   2578   4903   8732  14224  21794  30958  40919  51183  59777 
267      0      6     27     75    212    546   1216   2540   4947   8672  14367  21937  31274  41454  51558  60295 
268      0      8     18     56    152    370    854   1797   3511   6314  10413  15910  22504  29781  37042  43214 
269      0      7     17     49    139    375    856   1792   3430   6117  10133  15370  21792  28741  35742  41859 
270      0      5      7     29     87    237    497   1071   2140   3899   6396   9809  13835  18438  22805  26611 
271      0     11     38    111    275    684   1574   3322   6328  11196  18369  28128  39958  52810  65478  76654 
272      0      8     26     67    184    481   1099   2340   4566   8066  13238  20100  28393  37490  46537  54375 
273      0      4     20     66    194    482   1133   2431   4668   8403  13779  20970  29695  38991  48513  56699 
274      0     11     28     67    172    413    969   2035   3967   7119  11709  17890  25470  33713  41854  49059 
275      0      3      6     34    106    254    575   1210   2331   4111   6757  10351  14710  19377  24161  28486 
276      0      5     12     36    104    280    672   1383   2775   4954   8156  12487  17693  23448  29131  33987 
277      0      6     12     44    125    297    644   1362   2637   4696   7773  11733  16710  22312  27667  32408 
278      0      2      5     21     57    141    297    640   1241   2246   3741   5729   8080  10718  13262  15453 
279      0      7     18     58    167    403    933   1968   3770   6671  11029  16948  24180  32108  39834  46551 
280      0      5     11     35    111    277    642   1396   2701   4796   7854  12017  17197  22722  28402  33290 
281      0      4      9     25     72    179    404    830   1649   2963   4922   7598  10722  14161  17613  20569 
282      0      8     23     62    176    451   1047   2254   4391   7842  12870  19693  28223  37462  46372  54375 
283      0     10     23     76    204    503   1103   2326   4559   7988  13133  20073  28235  37421  46357  54131 
284      0      6     24     78    224    558   1262   2602   4997   8818  14455  22060  31239  41522  51427  60204 
285      0     13     32     99    299    758   1720   3600   6990  12373  20206  31025  43982  58024  72157  84682 
286      0      7     29     80    221    538   1207   2488   4836   8599  14126  21525  30561  40484  50352  58780 
287      0      4     11     35    106    253    603   1236   2415   4290   7003  10665  15060  19933  24674  28923 
288      0      7     22     73    184    471   1081   2276   4329   7686  12708  19497  27667  36778  45612  53300 
289      0      4     11     34     95    249    588   1253   2442   4312   7209  11032  15632  20649  25621  29902 
290      0      9     21     65    192    479   1094   2306   4463   7969  13172  20110  28474  37773  46867  54733 
291      0      7     22     59    162    390    859   1875   3593   6365  10535  16258  22977  30351  37533  43989 
292      0      4      9     35     84    203    494   1024   1965   3495   5763   8736  12373  16376  20362  23720 
293      0      7     19     60    152    378    877   1842   3594   6449  10572  16184  22790  30161  37398  43743 
294      0      6     25     73    227    595   1343   2820   5455   9669  15757  24090  34225  45486  56510  66118 
295      0      8     19     55    151    374    881   1848   3581   6510  10684  16207  23100  30689  38234  44696 
296      0      6     10     35    110    288    665   1420   2724   4772   7795  11792  16741  22111  27372  32016 
297      0      8     16     58    161    384    879   1801   3444   6150  10206  15430  21886  28994  35998  42217 
298      0      5     18     46    123    296    711   1495   2863   5105   8332  12710  18028  23877  29724  34756 
299      0      6     13     43    120    302    673   1399   2660   4654   7664  11666  16604  21880  27132  31740 
