000 2207776 2207774 2207768 2207755 2207737 2207706 2207658 2207575 2207495 2207400 2207281 2207190 2207097 2207032 2206990 2206963 2206947 2206943 2206941 2206941 2206939 2206939 2206939 2206938 
001 2207776 2207773 2207771 2207766 2207760 2207744 2207715 2207670 2207632 2207579 2207526 2207472 2207422 2207396 2207378 2207368 2207362 2207360 2207360 2207360 2207359 2207359 2207359 2207359 
002 2207776 2207773 2207766 2207760 2207744 2207721 2207687 2207644 2207576 2207496 2207387 2207305 2207224 2207171 2207134 2207113 2207104 2207097 2207095 2207095 2207094 2207093 2207092 2207092 
003 2207776 2207774 2207770 2207765 2207755 2207738 2207714 2207682 2207643 2207587 2207537 2207490 2207450 2207414 2207396 2207379 2207371 2207370 2207369 2207368 2207368 2207368 2207368 2207367 
004 2207776 2207773 2207766 2207760 2207744 2207721 2207687 2207644 2207576 2207496 2207387 2207305 2207224 2207171 2207134 2207113 2207104 2207097 2207095 2207095 2207094 2207093 2207092 2207092 
005 2207776 2207776 2207776 2207776 2207774 2207772 2207769 2207768 2207767 2207765 2207759 2207757 2207755 2207751 2207750 2207749 2207749 2207749 2207748 2207748 2207748 2207748 2207748 2207748 
006 2207776 2207774 2207774 2207771 2207768 2207759 2207744 2207731 2207714 2207694 2207669 2207646 2207625 2207606 2207596 2207589 2207586 2207584 2207583 2207583 2207583 2207583 2207583 2207583 
007 2207776 2207775 2207773 2207769 2207764 2207753 2207739 2207720 2207695 2207667 2207640 2207617 2207598 2207579 2207571 2207565 2207561 2207559 2207559 2207559 2207559 2207559 2207559 2207558 
008 2207776 2207774 2207772 2207769 2207765 2207750 2207735 2207707 2207682 2207644 2207607 2207564 2207534 2207504 2207494 2207485 2207480 2207477 2207476 2207475 2207475 2207475 2207474 2207474 
009 2207776 2207774 2207769 2207760 2207749 2207728 2207692 2207640 2207564 2207491 2207422 2207332 2207274 2207220 2207190 2207176 2207169 2207162 2207159 2207159 2207158 2207158 2207157 2207157 
010 2207776 2207774 2207773 2207772 2207767 2207757 2207744 2207725 2207699 2207662 2207624 2207595 2207574 2207556 2207542 2207537 2207533 2207532 2207531 2207531 2207530 2207530 2207530 2207530 
011 2207776 2207774 2207769 2207756 2207742 2207719 2207690 2207640 2207574 2207499 2207425 2207351 2207299 2207264 2207221 2207202 2207199 2207194 2207194 2207193 2207193 2207193 2207193 2207192 
012 2207776 2207772 2207765 2207747 2207724 2207682 2207618 2207531 2207421 2207289 2207161 2207018 2206915 2206841 2206798 2206768 2206751 2206743 2206741 2206741 2206741 2206740 2206740 2206737 
013 2207776 2207776 2207774 2207769 2207759 2207744 2207727 2207699 2207667 2207626 2207568 2207521 2207483 2207456 2207441 2207430 2207425 2207420 2207420 2207420 2207420 2207419 2207419 2207419 
014 2207776 2207774 2207772 2207770 2207763 2207753 2207737 2207716 2207684 2207657 2207623 2207589 2207561 2207540 2207526 2207516 2207512 2207511 2207510 2207510 2207510 2207510 2207510 2207509 
015 2207776 2207775 2207771 2207767 2207761 2207749 2207726 2207699 2207663 2207620 2207571 2207532 2207498 2207479 2207468 2207463 2207462 2207459 2207459 2207459 2207459 2207459 2207459 2207459 
016 2207776 2207773 2207771 2207765 2207753 2207734 2207707 2207671 2207623 2207574 2207513 2207440 2207387 2207360 2207333 2207315 2207311 2207310 2207309 2207309 2207308 2207307 2207305 2207305 
017 2207776 2207775 2207773 2207767 2207762 2207754 2207743 2207721 2207694 2207666 2207638 2207606 2207574 2207545 2207529 2207520 2207515 2207513 2207513 2207512 2207511 2207511 2207511 2207511 
018 2207776 2207772 2207768 2207758 2207747 2207729 2207692 2207638 2207575 2207496 2207410 2207342 2207275 2207228 2207196 2207181 2207163 2207159 2207157 2207156 2207154 2207153 2207151 2207150 
019 2207776 2207774 2207772 2207767 2207759 2207740 2207720 2207691 2207637 2207583 2207533 2207486 2207437 2207409 2207392 2207379 2207374 2207370 2207369 2207369 2207369 2207369 2207369 2207369 
020 2207776 2207775 2207771 2207767 2207759 2207740 2207714 2207677 2207634 2207586 2207513 2207467 2207425 2207391 2207371 2207364 2207359 2207353 2207352 2207352 2207352 2207350 2207350 2207349 
021 2207776 2207772 2207762 2207754 2207736 2207701 2207646 2207567 2207468 2207356 2207228 2207103 2206996 2206932 2206885 2206863 2206849 2206840 2206838 2206837 2206834 2206834 2206834 2206833 
022 2207776 2207775 2207774 2207772 2207768 2207759 2207745 2207727 2207703 2207662 2207623 2207575 2207549 2207532 2207514 2207508 2207501 2207498 2207496 2207496 2207495 2207495 2207494 2207493 
023 2207776 2207776 2207773 2207769 2207761 2207741 2207714 2207675 2207630 2207569 2207510 2207445 2207400 2207359 2207333 2207316 2207310 2207307 2207307 2207306 2207306 2207306 2207306 2207306 
024 2207776 2207775 2207772 2207766 2207754 2207734 2207701 2207656 2207606 2207538 2207457 2207387 2207318 2207284 2207260 2207246 2207235 2207233 2207229 2207227 2207226 2207226 2207226 2207224 
025 2207776 2207775 2207774 2207771 2207769 2207764 2207753 2207738 2207723 2207700 2207675 2207652 2207635 2207628 2207619 2207615 2207611 2207609 2207608 2207608 2207608 2207608 2207608 2207608 
026 2207776 2207774 2207766 2207759 2207742 2207722 2207686 2207636 2207559 2207462 2207371 2207286 2207210 2207152 2207105 2207086 2207082 2207078 2207077 2207075 2207075 2207074 2207073 2207073 
027 2207776 2207773 2207768 2207762 2207747 2207722 2207687 2207642 2207574 2207499 2207415 2207334 2207276 2207223 2207190 2207171 2207168 2207164 2207164 2207163 2207161 2207158 2207158 2207158 
028 2207776 2207775 2207773 2207768 2207761 2207752 2207733 2207706 2207671 2207631 2207583 2207542 2207500 2207478 2207456 2207452 2207448 2207446 2207446 2207445 2207445 2207445 2207445 2207445 
029 2207776 2207773 2207767 2207761 2207743 2207720 2207675 2207605 2207520 2207414 2207314 2207217 2207137 2207086 2207046 2207022 2207008 2207005 2207005 2207005 2207004 2207004 2207003 2207002 
030 2207776 2207775 2207770 2207762 2207754 2207738 2207712 2207675 2207628 2207574 2207512 2207448 2207400 2207373 2207347 2207334 2207329 2207327 2207324 2207323 2207323 2207322 2207322 2207322 
031 2207776 2207774 2207771 2207767 2207757 2207742 2207713 2207669 2207611 2207550 2207479 2207407 2207363 2207324 2207297 2207281 2207274 2207272 2207271 2207271 2207271 2207271 2207269 2207268 
032 2207776 2207774 2207774 2207769 2207761 2207743 2207728 2207705 2207671 2207625 2207575 2207524 2207489 2207475 2207465 2207452 2207449 2207448 2207447 2207447 2207445 2207445 2207445 2207445 
033 2207776 2207774 2207772 2207766 2207759 2207743 2207728 2207697 2207648 2207604 2207545 2207495 2207448 2207417 2207391 2207379 2207373 2207369 2207369 2207369 2207369 2207369 2207369 2207369 
034 2207776 2207773 2207770 2207764 2207758 2207749 2207731 2207704 2207669 2207627 2207580 2207556 2207526 2207506 2207496 2207485 2207480 2207478 2207476 2207476 2207476 2207476 2207476 2207475 
035 2207776 2207775 2207774 2207772 2207768 2207761 2207746 2207724 2207700 2207671 2207635 2207610 2207593 2207579 2207568 2207564 2207563 2207562 2207561 2207561 2207560 2207560 2207560 2207560 
036 2207776 2207773 2207768 2207764 2207756 2207737 2207711 2207677 2207631 2207578 2207524 2207484 2207442 2207419 2207405 2207390 2207386 2207385 2207385 2207385 2207384 2207384 2207384 2207384 
037 2207776 2207774 2207771 2207767 2207760 2207747 2207727 2207709 2207677 2207641 2207596 2207552 2207523 2207507 2207481 2207476 2207469 2207466 2207466 2207466 2207465 2207463 2207463 2207463 
038 2207776 2207774 2207771 2207766 2207761 2207749 2207729 2207701 2207667 2207628 2207582 2207541 2207511 2207491 2207475 2207469 2207463 2207462 2207460 2207458 2207457 2207457 2207457 2207457 
039 2207776 2207775 2207775 2207770 2207767 2207757 2207739 2207723 2207699 2207668 2207638 2207607 2207588 2207569 2207561 2207556 2207551 2207549 2207549 2207549 2207548 2207547 2207546 2207546 
040 2207776 2207775 2207773 2207768 2207756 2207745 2207723 2207695 2207649 2207600 2207560 2207509 2207467 2207432 2207416 2207408 2207406 2207405 2207403 2207403 2207403 2207403 2207403 2207401 
041 2207776 2207776 2207774 2207771 2207765 2207757 2207737 2207718 2207688 2207661 2207624 2207586 2207552 2207536 2207520 2207517 2207512 2207512 2207512 2207512 2207512 2207512 2207512 2207512 
042 2207776 2207774 2207769 2207766 2207754 2207740 2207719 2207685 2207629 2207582 2207519 2207458 2207410 2207384 2207361 2207346 2207342 2207339 2207337 2207336 2207335 2207334 2207334 2207334 
043 2207776 2207775 2207773 2207768 2207760 2207745 2207728 2207706 2207677 2207639 2207612 2207582 2207558 2207539 2207528 2207515 2207512 2207510 2207510 2207510 2207510 2207510 2207510 2207510 
044 2207776 2207774 2207770 2207766 2207761 2207753 2207739 2207717 2207683 2207644 2207597 2207546 2207497 2207472 2207459 2207455 2207450 2207449 2207448 2207448 2207448 2207448 2207448 2207448 
045 2207776 2207776 2207775 2207773 2207769 2207761 2207746 2207736 2207716 2207691 2207657 2207631 2207607 2207582 2207579 2207574 2207569 2207567 2207566 2207566 2207566 2207566 2207565 2207565 
046 2207776 2207774 2207773 2207771 2207766 2207755 2207742 2207723 2207692 2207659 2207625 2207588 2207558 2207545 2207533 2207524 2207520 2207520 2207520 2207520 2207520 2207520 2207520 2207519 
047 2207776 2207774 2207771 2207766 2207760 2207750 2207733 2207705 2207667 2207618 2207584 2207542 2207510 2207491 2207477 2207469 2207465 2207462 2207460 2207460 2207460 2207459 2207459 2207458 
048 2207776 2207775 2207770 2207764 2207753 2207734 2207710 2207685 2207645 2207604 2207548 2207504 2207453 2207410 2207388 2207379 2207374 2207371 2207371 2207371 2207371 2207371 2207370 2207370 
049 2207776 2207774 2207773 2207770 2207763 2207742 2207724 2207692 2207650 2207595 2207538 2207484 2207446 2207412 2207399 2207385 2207378 2207377 2207373 2207373 2207373 2207372 2207370 2207369 
050 2207776 2207776 2207776 2207771 2207769 2207763 2207755 2207749 2207733 2207715 2207694 2207668 2207649 2207637 2207633 2207628 2207625 2207624 2207623 2207622 2207622 2207622 2207622 2207622 
051 2207776 2207775 2207770 2207763 2207753 2207734 2207709 2207665 2207608 2207534 2207460 2207404 2207355 2207317 2207286 2207276 2207266 2207259 2207257 2207256 2207255 2207255 2207255 2207255 
052 2207776 2207775 2207773 2207770 2207761 2207749 2207727 2207698 2207658 2207620 2207573 2207527 2207498 2207463 2207454 2207447 2207446 2207445 2207445 2207445 2207445 2207443 2207442 2207442 
053 2207776 2207774 2207772 2207764 2207757 2207744 2207727 2207697 2207664 2207611 2207565 2207518 2207486 2207457 2207441 2207428 2207424 2207419 2207418 2207417 2207417 2207417 2207416 2207416 
054 2207776 2207775 2207773 2207764 2207752 2207734 2207708 2207664 2207612 2207540 2207483 2207425 2207369 2207320 2207298 2207287 2207278 2207276 2207275 2207275 2207275 2207274 2207273 2207272 
055 2207776 2207776 2207774 2207771 2207761 2207751 2207725 2207689 2207650 2207608 2207566 2207514 2207484 2207458 2207442 2207430 2207425 2207424 2207419 2207419 2207419 2207418 2207417 2207417 
056 2207776 2207775 2207773 2207768 2207756 2207738 2207705 2207660 2207600 2207521 2207446 2207376 2207323 2207273 2207254 2207234 2207221 2207220 2207220 2207220 2207219 2207219 2207219 2207218 
057 2207776 2207774 2207772 2207767 2207758 2207745 2207727 2207695 2207656 2207611 2207573 2207533 2207497 2207478 2207465 2207458 2207452 2207451 2207449 2207449 2207448 2207448 2207448 2207448 
058 2207776 2207774 2207771 2207767 2207758 2207739 2207707 2207655 2207599 2207534 2207446 2207373 2207310 2207256 2207231 2207217 2207210 2207205 2207201 2207201 2207201 2207201 2207201 2207200 
059 2207776 2207774 2207772 2207768 2207758 2207751 2207736 2207707 2207669 2207620 2207577 2207542 2207520 2207502 2207488 2207481 2207479 2207474 2207470 2207470 2207469 2207469 2207468 2207467 
060 2207776 2207776 2207772 2207768 2207758 2207743 2207725 2207703 2207674 2207631 2207580 2207537 2207504 2207485 2207465 2207453 2207449 2207448 2207447 2207447 2207446 2207445 2207445 2207445 
061 2207776 2207774 2207771 2207766 2207757 2207740 2207708 2207662 2207615 2207557 2207489 2207413 2207372 2207325 2207298 2207278 2207271 2207267 2207264 2207263 2207263 2207263 2207263 2207262 
062 2207776 2207776 2207775 2207774 2207772 2207771 2207764 2207753 2207743 2207734 2207720 2207709 2207697 2207686 2207679 2207678 2207674 2207672 2207672 2207672 2207672 2207672 2207672 2207672 
063 2207776 2207776 2207773 2207769 2207763 2207758 2207749 2207732 2207705 2207677 2207656 2207632 2207604 2207587 2207578 2207573 2207569 2207569 2207568 2207568 2207567 2207567 2207567 2207566 
064 2207776 2207775 2207774 2207769 2207765 2207758 2207742 2207722 2207696 2207669 2207636 2207607 2207581 2207566 2207556 2207553 2207553 2207552 2207551 2207551 2207551 2207550 2207550 2207550 
065 2207776 2207775 2207774 2207772 2207767 2207759 2207740 2207724 2207696 2207655 2207623 2207587 2207551 2207531 2207517 2207511 2207507 2207506 2207505 2207505 2207505 2207505 2207504 2207504 
066 2207776 2207776 2207773 2207767 2207756 2207747 2207727 2207701 2207671 2207640 2207598 2207558 2207530 2207504 2207484 2207477 2207473 2207472 2207471 2207471 2207470 2207470 2207470 2207468 
067 2207776 2207773 2207768 2207761 2207743 2207718 2207692 2207642 2207595 2207524 2207474 2207417 2207352 2207308 2207286 2207272 2207267 2207261 2207259 2207259 2207259 2207258 2207258 2207258 
068 2207776 2207772 2207767 2207758 2207750 2207736 2207719 2207685 2207640 2207590 2207542 2207487 2207445 2207425 2207403 2207389 2207383 2207382 2207382 2207381 2207381 2207380 2207380 2207380 
069 2207776 2207774 2207772 2207768 2207756 2207739 2207713 2207684 2207637 2207585 2207547 2207490 2207456 2207422 2207405 2207396 2207393 2207391 2207391 2207391 2207391 2207391 2207391 2207391 
070 2207776 2207774 2207772 2207769 2207762 2207752 2207737 2207713 2207689 2207659 2207628 2207588 2207554 2207542 2207522 2207515 2207511 2207510 2207508 2207508 2207508 2207508 2207508 2207508 
071 2207776 2207775 2207774 2207771 2207767 2207760 2207745 2207731 2207708 2207684 2207653 2207629 2207607 2207591 2207579 2207572 2207569 2207567 2207566 2207565 2207565 2207565 2207565 2207565 
072 2207776 2207774 2207773 2207772 2207770 2207765 2207759 2207747 2207731 2207717 2207697 2207684 2207672 2207660 2207658 2207656 2207655 2207654 2207654 2207653 2207653 2207653 2207653 2207652 
073 2207776 2207776 2207773 2207771 2207766 2207757 2207745 2207730 2207702 2207674 2207653 2207627 2207612 2207590 2207582 2207576 2207575 2207575 2207574 2207574 2207573 2207573 2207573 2207573 
074 2207776 2207774 2207773 2207771 2207768 2207756 2207741 2207720 2207697 2207659 2207626 2207586 2207554 2207533 2207514 2207503 2207500 2207499 2207499 2207499 2207499 2207499 2207499 2207497 
075 2207776 2207773 2207768 2207760 2207747 2207724 2207697 2207654 2207602 2207541 2207479 2207426 2207372 2207334 2207309 2207297 2207291 2207285 2207284 2207284 2207283 2207283 2207283 2207283 
076 2207776 2207774 2207768 2207760 2207742 2207714 2207664 2207611 2207531 2207449 2207361 2207276 2207200 2207148 2207102 2207080 2207072 2207069 2207065 2207064 2207064 2207064 2207063 2207063 
077 2207776 2207775 2207773 2207771 2207762 2207753 2207739 2207722 2207702 2207670 2207645 2207610 2207588 2207569 2207559 2207554 2207551 2207550 2207548 2207548 2207547 2207547 2207547 2207545 
078 2207776 2207773 2207771 2207766 2207757 2207741 2207709 2207675 2207649 2207610 2207573 2207524 2207477 2207454 2207438 2207427 2207420 2207419 2207419 2207419 2207417 2207417 2207417 2207416 
079 2207776 2207774 2207772 2207769 2207759 2207749 2207732 2207698 2207660 2207604 2207554 2207493 2207444 2207407 2207388 2207374 2207366 2207363 2207361 2207361 2207361 2207361 2207361 2207361 
080 2207776 2207774 2207769 2207763 2207756 2207741 2207714 2207678 2207629 2207567 2207505 2207445 2207396 2207351 2207324 2207308 2207304 2207301 2207299 2207299 2207297 2207296 2207295 2207294 
081 2207776 2207776 2207775 2207771 2207763 2207751 2207734 2207705 2207668 2207635 2207588 2207534 2207500 2207481 2207472 2207463 2207456 2207451 2207451 2207451 2207451 2207451 2207451 2207451 
082 2207776 2207776 2207775 2207773 2207771 2207767 2207762 2207750 2207733 2207722 2207709 2207692 2207677 2207672 2207668 2207664 2207662 2207661 2207661 2207661 2207661 2207661 2207661 2207661 
083 2207776 2207776 2207774 2207772 2207769 2207758 2207747 2207744 2207728 2207713 2207697 2207683 2207670 2207660 2207652 2207651 2207648 2207646 2207646 2207646 2207646 2207646 2207645 2207645 
084 2207776 2207774 2207770 2207767 2207758 2207741 2207722 2207688 2207651 2207593 2207545 2207491 2207449 2207412 2207392 2207385 2207380 2207379 2207378 2207378 2207378 2207378 2207378 2207377 
085 2207776 2207775 2207771 2207769 2207763 2207746 2207720 2207688 2207641 2207594 2207540 2207496 2207455 2207421 2207397 2207383 2207378 2207374 2207374 2207373 2207372 2207371 2207371 2207370 
086 2207776 2207776 2207775 2207773 2207771 2207766 2207760 2207747 2207725 2207702 2207678 2207661 2207642 2207624 2207614 2207613 2207612 2207612 2207612 2207612 2207612 2207612 2207612 2207612 
087 2207776 2207774 2207772 2207768 2207764 2207759 2207748 2207726 2207701 2207666 2207641 2207616 2207595 2207568 2207559 2207553 2207549 2207547 2207547 2207547 2207547 2207547 2207547 2207546 
088 2207776 2207776 2207775 2207774 2207772 2207767 2207761 2207754 2207741 2207725 2207713 2207695 2207684 2207682 2207677 2207672 2207670 2207670 2207670 2207670 2207670 2207670 2207670 2207670 
089 2207776 2207775 2207775 2207772 2207767 2207755 2207743 2207718 2207690 2207651 2207613 2207585 2207556 2207534 2207519 2207510 2207506 2207505 2207505 2207503 2207502 2207502 2207501 2207501 
090 2207776 2207775 2207773 2207771 2207763 2207751 2207730 2207706 2207668 2207620 2207580 2207542 2207507 2207482 2207466 2207456 2207451 2207450 2207447 2207447 2207446 2207446 2207446 2207445 
091 2207776 2207776 2207776 2207774 2207772 2207764 2207755 2207744 2207720 2207694 2207672 2207649 2207629 2207613 2207606 2207601 2207597 2207595 2207594 2207594 2207594 2207594 2207594 2207594 
092 2207776 2207775 2207772 2207764 2207748 2207735 2207705 2207657 2207603 2207545 2207460 2207374 2207321 2207275 2207244 2207236 2207230 2207223 2207219 2207219 2207217 2207217 2207216 2207215 
093 2207776 2207775 2207769 2207761 2207751 2207734 2207709 2207669 2207610 2207546 2207485 2207439 2207388 2207348 2207321 2207314 2207307 2207303 2207302 2207302 2207302 2207302 2207302 2207301 
094 2207776 2207776 2207776 2207776 2207775 2207771 2207765 2207759 2207746 2207735 2207724 2207708 2207698 2207686 2207674 2207669 2207667 2207667 2207667 2207667 2207667 2207667 2207666 2207666 
095 2207776 2207774 2207771 2207763 2207758 2207740 2207702 2207652 2207587 2207508 2207426 2207344 2207287 2207234 2207207 2207190 2207180 2207175 2207172 2207172 2207171 2207171 2207170 2207169 
096 2207776 2207775 2207774 2207773 2207771 2207767 2207758 2207746 2207735 2207719 2207698 2207688 2207672 2207663 2207654 2207648 2207647 2207647 2207647 2207646 2207646 2207646 2207646 2207646 
097 2207776 2207775 2207770 2207763 2207752 2207727 2207697 2207653 2207597 2207522 2207459 2207385 2207330 2207288 2207258 2207243 2207234 2207232 2207231 2207230 2207229 2207229 2207229 2207228 
098 2207776 2207775 2207773 2207770 2207762 2207747 2207721 2207683 2207649 2207607 2207558 2207515 2207474 2207448 2207429 2207420 2207413 2207409 2207409 2207407 2207406 2207406 2207405 2207405 
099 2207776 2207774 2207771 2207765 2207753 2207741 2207713 2207676 2207634 2207576 2207514 2207466 2207420 2207387 2207371 2207358 2207355 2207350 2207349 2207348 2207347 2207347 2207347 2207347 
100 2207776 2207775 2207769 2207764 2207757 2207737 2207709 2207671 2207618 2207554 2207487 2207436 2207406 2207370 2207354 2207343 2207339 2207337 2207336 2207336 2207335 2207335 2207335 2207335 
101 2207776 2207773 2207769 2207764 2207757 2207749 2207731 2207708 2207672 2207631 2207590 2207562 2207521 2207493 2207478 2207469 2207461 2207460 2207459 2207459 2207458 2207458 2207457 2207457 
102 2207776 2207775 2207775 2207773 2207768 2207766 2207761 2207755 2207744 2207727 2207716 2207706 2207695 2207687 2207680 2207677 2207677 2207676 2207676 2207676 2207674 2207674 2207674 2207674 
103 2207776 2207775 2207773 2207771 2207768 2207764 2207757 2207746 2207719 2207698 2207657 2207634 2207609 2207592 2207579 2207576 2207575 2207573 2207571 2207571 2207571 2207571 2207570 2207570 
104 2207776 2207776 2207775 2207774 2207772 2207765 2207752 2207739 2207718 2207698 2207676 2207652 2207637 2207626 2207618 2207615 2207609 2207607 2207607 2207607 2207607 2207607 2207606 2207606 
105 2207776 2207774 2207773 2207770 2207764 2207754 2207738 2207706 2207675 2207636 2207595 2207560 2207522 2207494 2207481 2207468 2207459 2207457 2207456 2207456 2207456 2207456 2207456 2207455 
106 2207776 2207773 2207768 2207759 2207744 2207707 2207657 2207600 2207517 2207414 2207326 2207223 2207150 2207092 2207060 2207028 2207019 2207016 2207015 2207014 2207014 2207014 2207013 2207013 
107 2207776 2207774 2207769 2207765 2207752 2207736 2207712 2207662 2207596 2207507 2207433 2207371 2207314 2207275 2207249 2207231 2207229 2207225 2207223 2207223 2207220 2207220 2207219 2207219 
108 2207776 2207775 2207774 2207770 2207767 2207759 2207749 2207739 2207720 2207693 2207668 2207640 2207622 2207607 2207591 2207587 2207585 2207583 2207579 2207578 2207578 2207578 2207578 2207578 
109 2207776 2207773 2207772 2207767 2207758 2207743 2207722 2207700 2207656 2207606 2207572 2207531 2207497 2207472 2207456 2207446 2207443 2207440 2207440 2207440 2207440 2207440 2207439 2207436 
110 2207776 2207775 2207775 2207773 2207770 2207769 2207768 2207761 2207751 2207741 2207736 2207734 2207727 2207722 2207716 2207714 2207714 2207714 2207714 2207714 2207714 2207713 2207713 2207713 
111 2207776 2207772 2207768 2207762 2207749 2207735 2207709 2207678 2207631 2207570 2207514 2207447 2207391 2207356 2207334 2207320 2207314 2207312 2207310 2207310 2207309 2207308 2207307 2207307 
112 2207776 2207776 2207772 2207766 2207759 2207744 2207718 2207686 2207646 2207597 2207535 2207473 2207426 2207392 2207369 2207365 2207361 2207361 2207361 2207361 2207361 2207361 2207361 2207361 
113 2207776 2207774 2207771 2207770 2207763 2207752 2207736 2207708 2207677 2207641 2207603 2207564 2207535 2207511 2207500 2207493 2207492 2207491 2207491 2207491 2207491 2207491 2207491 2207490 
114 2207776 2207775 2207772 2207766 2207760 2207745 2207722 2207687 2207643 2207596 2207535 2207477 2207434 2207398 2207370 2207359 2207352 2207346 2207346 2207346 2207346 2207346 2207345 2207345 
115 2207776 2207776 2207773 2207772 2207769 2207759 2207746 2207732 2207710 2207682 2207650 2207619 2207595 2207576 2207568 2207563 2207557 2207557 2207554 2207554 2207554 2207554 2207554 2207554 
116 2207776 2207775 2207773 2207769 2207763 2207753 2207737 2207725 2207690 2207659 2207622 2207593 2207572 2207546 2207537 2207533 2207532 2207531 2207531 2207531 2207531 2207531 2207530 2207530 
117 2207776 2207773 2207770 2207764 2207753 2207734 2207704 2207662 2207613 2207564 2207502 2207440 2207391 2207360 2207340 2207323 2207314 2207309 2207306 2207306 2207306 2207306 2207305 2207305 
118 2207776 2207775 2207770 2207763 2207748 2207723 2207685 2207626 2207557 2207465 2207366 2207276 2207204 2207160 2207126 2207114 2207107 2207103 2207101 2207100 2207100 2207100 2207099 2207099 
119 2207776 2207775 2207773 2207771 2207764 2207756 2207742 2207719 2207689 2207663 2207629 2207600 2207575 2207560 2207553 2207552 2207548 2207546 2207546 2207546 2207546 2207546 2207545 2207545 
120 2207776 2207775 2207770 2207765 2207751 2207724 2207698 2207656 2207601 2207532 2207464 2207400 2207340 2207289 2207268 2207254 2207250 2207247 2207247 2207246 2207246 2207245 2207244 2207244 
121 2207776 2207775 2207775 2207773 2207769 2207767 2207761 2207750 2207737 2207728 2207711 2207700 2207689 2207679 2207668 2207664 2207661 2207661 2207661 2207661 2207661 2207661 2207661 2207661 
122 2207776 2207774 2207767 2207761 2207741 2207718 2207673 2207612 2207546 2207456 2207361 2207261 2207178 2207109 2207063 2207041 2207029 2207025 2207021 2207021 2207021 2207021 2207021 2207020 
123 2207776 2207775 2207768 2207762 2207752 2207743 2207723 2207702 2207678 2207639 2207602 2207564 2207539 2207514 2207500 2207490 2207487 2207487 2207486 2207486 2207485 2207485 2207484 2207484 
124 2207776 2207775 2207771 2207768 2207761 2207750 2207732 2207708 2207677 2207648 2207623 2207583 2207553 2207537 2207522 2207514 2207511 2207511 2207511 2207511 2207511 2207511 2207511 2207510 
125 2207776 2207775 2207771 2207769 2207764 2207755 2207747 2207722 2207696 2207662 2207637 2207605 2207581 2207558 2207549 2207541 2207540 2207538 2207537 2207537 2207536 2207536 2207535 2207535 
126 2207776 2207776 2207775 2207774 2207773 2207771 2207768 2207764 2207758 2207751 2207740 2207734 2207730 2207722 2207716 2207713 2207712 2207712 2207712 2207712 2207712 2207712 2207712 2207712 
127 2207776 2207775 2207773 2207769 2207765 2207755 2207742 2207718 2207697 2207667 2207638 2207611 2207580 2207568 2207552 2207544 2207536 2207534 2207534 2207534 2207534 2207534 2207534 2207534 
128 2207776 2207776 2207771 2207763 2207753 2207740 2207720 2207690 2207654 2207612 2207566 2207518 2207476 2207447 2207430 2207416 2207408 2207404 2207403 2207403 2207403 2207403 2207402 2207402 
129 2207776 2207776 2207775 2207773 2207770 2207769 2207764 2207758 2207750 2207734 2207721 2207707 2207693 2207687 2207684 2207683 2207679 2207679 2207679 2207679 2207679 2207679 2207678 2207678 
130 2207776 2207774 2207770 2207759 2207738 2207708 2207653 2207583 2207498 2207390 2207293 2207186 2207099 2207031 2206996 2206973 2206968 2206962 2206960 2206960 2206960 2206960 2206959 2206958 
131 2207776 2207773 2207772 2207765 2207757 2207739 2207715 2207682 2207640 2207579 2207523 2207465 2207426 2207390 2207361 2207346 2207343 2207341 2207338 2207338 2207338 2207338 2207338 2207338 
132 2207776 2207776 2207774 2207770 2207763 2207756 2207741 2207726 2207692 2207662 2207623 2207590 2207569 2207550 2207532 2207526 2207524 2207523 2207523 2207523 2207523 2207523 2207523 2207523 
133 2207776 2207774 2207768 2207763 2207756 2207749 2207730 2207696 2207662 2207621 2207572 2207524 2207488 2207460 2207442 2207437 2207432 2207430 2207430 2207430 2207430 2207430 2207429 2207427 
134 2207776 2207775 2207772 2207766 2207754 2207741 2207711 2207677 2207639 2207587 2207527 2207467 2207421 2207388 2207372 2207361 2207353 2207346 2207345 2207343 2207343 2207343 2207343 2207343 
135 2207776 2207772 2207770 2207763 2207752 2207729 2207700 2207660 2207590 2207524 2207445 2207366 2207307 2207256 2207230 2207214 2207202 2207198 2207197 2207197 2207197 2207196 2207195 2207194 
136 2207776 2207776 2207774 2207770 2207764 2207755 2207745 2207722 2207694 2207655 2207621 2207583 2207557 2207532 2207511 2207508 2207506 2207506 2207505 2207505 2207505 2207504 2207504 2207504 
137 2207776 2207775 2207773 2207772 2207765 2207756 2207742 2207726 2207705 2207685 2207662 2207643 2207621 2207608 2207597 2207590 2207588 2207587 2207585 2207585 2207585 2207585 2207585 2207585 
138 2207776 2207774 2207772 2207765 2207754 2207735 2207704 2207655 2207595 2207526 2207446 2207388 2207325 2207278 2207252 2207238 2207231 2207229 2207229 2207229 2207228 2207228 2207228 2207227 
139 2207776 2207775 2207774 2207770 2207762 2207747 2207721 2207684 2207646 2207608 2207552 2207507 2207469 2207446 2207434 2207422 2207420 2207419 2207419 2207419 2207419 2207419 2207419 2207419 
140 2207776 2207770 2207765 2207758 2207740 2207710 2207658 2207583 2207483 2207377 2207265 2207155 2207053 2206993 2206948 2206923 2206909 2206903 2206898 2206897 2206897 2206897 2206895 2206892 
141 2207776 2207770 2207761 2207744 2207715 2207666 2207584 2207464 2207313 2207156 2206976 2206806 2206673 2206582 2206519 2206478 2206460 2206452 2206451 2206448 2206446 2206445 2206444 2206442 
142 2207776 2207775 2207774 2207771 2207767 2207761 2207752 2207742 2207729 2207706 2207688 2207667 2207648 2207639 2207626 2207624 2207621 2207621 2207621 2207621 2207621 2207620 2207620 2207620 
143 2207776 2207773 2207769 2207762 2207749 2207734 2207700 2207669 2207620 2207577 2207515 2207459 2207419 2207388 2207363 2207355 2207350 2207350 2207348 2207348 2207346 2207346 2207346 2207345 
144 2207776 2207775 2207774 2207771 2207765 2207758 2207745 2207724 2207703 2207673 2207646 2207618 2207599 2207588 2207571 2207567 2207565 2207561 2207560 2207560 2207560 2207560 2207560 2207559 
145 2207776 2207775 2207771 2207763 2207752 2207734 2207707 2207658 2207612 2207540 2207475 2207384 2207322 2207275 2207244 2207232 2207220 2207216 2207214 2207213 2207213 2207213 2207211 2207210 
146 2207776 2207773 2207770 2207764 2207756 2207744 2207720 2207683 2207645 2207589 2207531 2207480 2207432 2207402 2207383 2207370 2207368 2207363 2207363 2207363 2207363 2207361 2207361 2207361 
147 2207776 2207771 2207765 2207760 2207741 2207725 2207692 2207646 2207584 2207508 2207419 2207351 2207284 2207242 2207212 2207197 2207187 2207183 2207180 2207180 2207179 2207179 2207179 2207179 
148 2207776 2207776 2207774 2207771 2207768 2207763 2207755 2207737 2207717 2207699 2207677 2207645 2207620 2207605 2207591 2207581 2207579 2207579 2207578 2207578 2207578 2207578 2207578 2207578 
149 2207776 2207772 2207767 2207756 2207743 2207727 2207687 2207641 2207581 2207512 2207458 2207400 2207345 2207290 2207257 2207245 2207241 2207239 2207238 2207238 2207238 2207238 2207237 2207237 
150 2207776 2207774 2207772 2207768 2207763 2207752 2207736 2207717 2207693 2207659 2207610 2207576 2207552 2207539 2207530 2207525 2207523 2207521 2207521 2207521 2207521 2207521 2207521 2207519 
151 2207776 2207775 2207775 2207774 2207771 2207764 2207755 2207739 2207712 2207684 2207659 2207634 2207616 2207599 2207593 2207588 2207583 2207581 2207580 2207579 2207579 2207579 2207579 2207579 
152 2207776 2207776 2207776 2207773 2207768 2207760 2207743 2207734 2207717 2207690 2207664 2207646 2207621 2207610 2207597 2207594 2207589 2207588 2207588 2207588 2207588 2207588 2207588 2207588 
153 2207776 2207776 2207775 2207773 2207770 2207763 2207756 2207748 2207736 2207721 2207702 2207683 2207666 2207661 2207654 2207647 2207647 2207647 2207646 2207646 2207646 2207646 2207646 2207645 
154 2207776 2207772 2207767 2207757 2207743 2207716 2207668 2207605 2207519 2207425 2207326 2207225 2207150 2207078 2207037 2207010 2206996 2206990 2206988 2206987 2206985 2206984 2206983 2206983 
155 2207776 2207775 2207769 2207761 2207749 2207724 2207684 2207621 2207552 2207464 2207373 2207283 2207203 2207160 2207131 2207102 2207096 2207091 2207091 2207091 2207091 2207091 2207090 2207088 
156 2207776 2207775 2207772 2207767 2207759 2207753 2207732 2207706 2207670 2207633 2207582 2207541 2207509 2207485 2207474 2207468 2207461 2207458 2207458 2207458 2207457 2207456 2207456 2207456 
157 2207776 2207775 2207772 2207766 2207758 2207740 2207717 2207682 2207646 2207588 2207528 2207482 2207442 2207403 2207383 2207371 2207364 2207363 2207363 2207360 2207360 2207360 2207360 2207360 
158 2207776 2207773 2207769 2207766 2207757 2207743 2207717 2207675 2207630 2207575 2207521 2207466 2207419 2207389 2207366 2207353 2207348 2207348 2207346 2207346 2207344 2207344 2207343 2207342 
159 2207776 2207772 2207760 2207743 2207710 2207671 2207607 2207510 2207393 2207253 2207089 2206936 2206821 2206731 2206677 2206647 2206640 2206629 2206628 2206627 2206626 2206624 2206622 2206620 
160 2207776 2207774 2207769 2207764 2207754 2207730 2207703 2207659 2207603 2207540 2207463 2207394 2207343 2207309 2207282 2207268 2207256 2207253 2207252 2207252 2207251 2207251 2207251 2207251 
161 2207776 2207772 2207763 2207752 2207737 2207714 2207670 2207611 2207535 2207435 2207311 2207216 2207131 2207069 2207040 2207017 2207002 2206999 2206993 2206993 2206992 2206991 2206991 2206990 
162 2207776 2207774 2207771 2207765 2207756 2207741 2207722 2207679 2207634 2207576 2207525 2207448 2207414 2207385 2207361 2207345 2207336 2207334 2207332 2207332 2207331 2207331 2207329 2207329 
163 2207776 2207773 2207772 2207768 2207756 2207747 2207730 2207705 2207663 2207611 2207552 2207511 2207469 2207440 2207422 2207400 2207393 2207391 2207389 2207389 2207389 2207389 2207388 2207388 
164 2207776 2207776 2207772 2207769 2207764 2207755 2207744 2207728 2207706 2207683 2207650 2207619 2207592 2207575 2207566 2207559 2207555 2207553 2207552 2207549 2207549 2207549 2207549 2207549 
165 2207776 2207775 2207772 2207769 2207760 2207741 2207715 2207678 2207628 2207581 2207529 2207481 2207432 2207398 2207368 2207352 2207347 2207343 2207343 2207343 2207343 2207343 2207342 2207342 
166 2207776 2207775 2207770 2207760 2207755 2207743 2207721 2207692 2207648 2207591 2207532 2207487 2207433 2207398 2207375 2207368 2207362 2207360 2207359 2207359 2207359 2207358 2207358 2207358 
167 2207776 2207774 2207773 2207767 2207759 2207739 2207718 2207680 2207630 2207580 2207521 2207468 2207417 2207393 2207374 2207361 2207357 2207356 2207355 2207355 2207354 2207353 2207353 2207352 
168 2207776 2207776 2207775 2207771 2207767 2207760 2207754 2207746 2207734 2207727 2207714 2207707 2207695 2207686 2207679 2207677 2207677 2207676 2207676 2207676 2207676 2207675 2207675 2207675 
169 2207776 2207775 2207774 2207771 2207768 2207763 2207753 2207741 2207718 2207698 2207670 2207656 2207635 2207631 2207624 2207620 2207616 2207615 2207613 2207613 2207613 2207613 2207613 2207613 
170 2207776 2207775 2207772 2207769 2207759 2207751 2207733 2207705 2207677 2207636 2207597 2207557 2207525 2207501 2207487 2207474 2207470 2207467 2207466 2207465 2207465 2207465 2207464 2207464 
171 2207776 2207774 2207773 2207767 2207761 2207752 2207739 2207718 2207694 2207663 2207628 2207599 2207581 2207562 2207555 2207546 2207544 2207542 2207542 2207542 2207542 2207542 2207542 2207542 
172 2207776 2207773 2207769 2207764 2207750 2207733 2207699 2207654 2207594 2207536 2207480 2207416 2207368 2207333 2207316 2207301 2207294 2207291 2207289 2207288 2207288 2207288 2207288 2207285 
173 2207776 2207772 2207769 2207758 2207735 2207689 2207629 2207548 2207461 2207348 2207218 2207106 2207017 2206970 2206920 2206887 2206873 2206866 2206864 2206863 2206863 2206862 2206862 2206860 
174 2207776 2207775 2207774 2207769 2207760 2207749 2207726 2207699 2207667 2207623 2207577 2207537 2207503 2207477 2207463 2207455 2207452 2207451 2207449 2207449 2207447 2207447 2207447 2207447 
175 2207776 2207776 2207775 2207774 2207771 2207769 2207762 2207756 2207744 2207735 2207722 2207710 2207701 2207692 2207691 2207687 2207687 2207687 2207687 2207687 2207687 2207686 2207686 2207686 
176 2207776 2207776 2207775 2207773 2207767 2207759 2207746 2207730 2207703 2207676 2207646 2207626 2207606 2207586 2207578 2207573 2207568 2207564 2207564 2207563 2207563 2207563 2207563 2207563 
177 2207776 2207774 2207773 2207768 2207765 2207758 2207743 2207725 2207697 2207656 2207622 2207588 2207555 2207531 2207515 2207505 2207502 2207500 2207500 2207500 2207500 2207499 2207498 2207498 
178 2207776 2207773 2207769 2207767 2207756 2207748 2207727 2207706 2207671 2207624 2207575 2207531 2207494 2207468 2207453 2207437 2207432 2207424 2207424 2207424 2207424 2207424 2207424 2207424 
179 2207776 2207773 2207771 2207762 2207748 2207723 2207695 2207646 2207585 2207519 2207444 2207373 2207307 2207269 2207237 2207217 2207210 2207208 2207206 2207205 2207204 2207204 2207203 2207202 
180 2207776 2207776 2207774 2207771 2207767 2207764 2207755 2207736 2207720 2207693 2207667 2207647 2207634 2207614 2207609 2207605 2207604 2207604 2207601 2207601 2207601 2207601 2207601 2207600 
181 2207776 2207773 2207769 2207766 2207761 2207750 2207736 2207718 2207691 2207669 2207645 2207620 2207597 2207585 2207575 2207564 2207563 2207563 2207563 2207563 2207563 2207563 2207563 2207562 
182 2207776 2207773 2207768 2207761 2207747 2207726 2207690 2207646 2207572 2207478 2207394 2207326 2207261 2207210 2207168 2207153 2207147 2207145 2207142 2207142 2207142 2207141 2207141 2207141 
183 2207776 2207774 2207772 2207768 2207759 2207747 2207728 2207694 2207650 2207610 2207559 2207507 2207472 2207437 2207411 2207401 2207395 2207394 2207393 2207393 2207393 2207392 2207392 2207390 
184 2207776 2207775 2207772 2207769 2207762 2207756 2207730 2207700 2207658 2207611 2207561 2207526 2207493 2207464 2207449 2207442 2207435 2207432 2207431 2207431 2207431 2207431 2207431 2207431 
185 2207776 2207775 2207770 2207765 2207756 2207746 2207727 2207698 2207665 2207627 2207583 2207544 2207523 2207507 2207490 2207482 2207478 2207475 2207475 2207475 2207475 2207475 2207475 2207474 
186 2207776 2207774 2207770 2207766 2207756 2207741 2207722 2207692 2207651 2207606 2207564 2207512 2207462 2207424 2207402 2207391 2207382 2207379 2207377 2207377 2207376 2207376 2207374 2207374 
187 2207776 2207776 2207774 2207773 2207766 2207757 2207749 2207734 2207715 2207695 2207671 2207652 2207643 2207629 2207624 2207618 2207616 2207614 2207614 2207614 2207614 2207614 2207614 2207614 
188 2207776 2207774 2207771 2207764 2207752 2207738 2207711 2207685 2207649 2207598 2207551 2207504 2207470 2207443 2207418 2207396 2207392 2207392 2207392 2207391 2207391 2207391 2207391 2207390 
189 2207776 2207775 2207774 2207772 2207768 2207761 2207748 2207727 2207701 2207679 2207646 2207619 2207587 2207568 2207559 2207551 2207548 2207547 2207547 2207547 2207547 2207547 2207547 2207545 
190 2207776 2207774 2207772 2207767 2207761 2207749 2207724 2207694 2207659 2207606 2207559 2207507 2207467 2207430 2207406 2207397 2207390 2207388 2207387 2207387 2207387 2207387 2207386 2207386 
191 2207776 2207772 2207766 2207761 2207751 2207736 2207707 2207664 2207592 2207509 2207436 2207361 2207300 2207262 2207241 2207231 2207224 2207220 2207218 2207215 2207215 2207215 2207214 2207213 
192 2207776 2207774 2207770 2207762 2207756 2207740 2207717 2207689 2207651 2207604 2207561 2207507 2207458 2207429 2207409 2207395 2207386 2207384 2207384 2207384 2207384 2207384 2207384 2207384 
193 2207776 2207775 2207774 2207773 2207769 2207761 2207748 2207733 2207708 2207678 2207649 2207626 2207611 2207591 2207584 2207577 2207576 2207575 2207575 2207575 2207575 2207574 2207572 2207572 
194 2207776 2207776 2207774 2207773 2207765 2207757 2207744 2207728 2207708 2207681 2207645 2207618 2207586 2207564 2207556 2207547 2207546 2207546 2207545 2207545 2207545 2207544 2207544 2207544 
195 2207776 2207775 2207773 2207770 2207764 2207755 2207741 2207722 2207690 2207662 2207631 2207594 2207568 2207546 2207535 2207528 2207527 2207525 2207525 2207524 2207524 2207524 2207523 2207523 
196 2207776 2207773 2207771 2207763 2207755 2207743 2207718 2207679 2207629 2207582 2207519 2207453 2207411 2207375 2207355 2207341 2207335 2207332 2207331 2207331 2207331 2207330 2207328 2207328 
197 2207776 2207774 2207767 2207760 2207747 2207725 2207692 2207644 2207596 2207529 2207441 2207358 2207295 2207243 2207217 2207199 2207189 2207188 2207188 2207188 2207186 2207186 2207186 2207186 
198 2207776 2207776 2207775 2207772 2207766 2207759 2207748 2207730 2207712 2207690 2207668 2207643 2207625 2207614 2207603 2207591 2207591 2207590 2207589 2207589 2207589 2207589 2207589 2207589 
199 2207776 2207773 2207768 2207763 2207757 2207744 2207724 2207697 2207653 2207603 2207553 2207498 2207462 2207437 2207425 2207415 2207406 2207405 2207404 2207404 2207404 2207404 2207404 2207404 
