000      0      0      0      0      0      0      0      0      0      0      0      0      0      0      0      0      0      0      0      0      0      0      1      3 
001      0      0      0      0      0      0      0      0      0      0      0      0      0      0      0      0      0      0      0      0      0      0      1      1 
002      0      0      0      0      0      0      0      0      0      0      0      0      0      0      0      0      0      1      2      3      3      6      6      9 
003      0      0      0      0      0      0      0      0      0      0      0      0      0      0      0      0      0      0      0      0      2      4      9     13 
004      0      0      0      0      0      0      0      0      0      0      0      0      0      0      0      0      0      0      0      0      1      3      6     10 
005      0      0      0      0      0      0      0      0      0      0      0      0      0      0      0      0      0      1      1      1      1      3      6      7 
006      0      0      0      0      0      0      0      0      0      0      0      0      0      0      0      0      0      0      0      0      0      1      3      6 
007      0      0      0      0      0      0      0      0      0      0      0      0      0      0      0      0      0      0      0      0      0      0      2      2 
008      0      0      0      0      0      0      0      0      0      0      0      0      0      0      0      0      0      0      0      0      0      2      2      3 
009      0      0      0      0      0      0      0      0      0      0      0      0      0      0      0      0      0      0      1      1      1      2      2      2 
010      0      0      0      0      0      0      0      0      0      0      0      0      0      0      0      0      0      0      1      2      3      4      7     13 
011      0      0      0      0      0      0      0      0      0      0      0      0      0      0      0      0      0      0      0      0      1      2      2      2 
012      0      0      0      0      0      0      0      0      0      0      0      0      0      0      0      0      0      0      0      0      1      4      6     12 
013      0      0      0      0      0      0      0      0      0      0      0      0      0      0      0      0      0      0      0      0      2      3      5      9 
014      0      0      0      0      0      0      0      0      0      0      0      0      0      0      0      0      0      0      1      2      2      6     11     18 
015      0      0      0      0      0      0      0      0      0      0      0      0      0      0      0      0      0      0      0      0      0      1      2      2 
016      0      0      0      0      0      0      0      0      0      0      0      0      0      0      0      0      0      0      0      0      1      2      4      7 
017      0      0      0      0      0      0      0      0      0      0      0      0      0      0      0      0      0      0      0      0      0      0      2      3 
018      0      0      0      0      0      0      0      0      0      0      0      0      0      0      0      0      0      0      1      1      2      5     11     15 
019      0      0      0      0      0      0      0      0      0      0      0      0      0      0      0      0      0      0      0      1      1      2      3      7 
020      0      0      0      0      0      0      0      0      0      0      0      0      0      0      0      0      0      0      0      2      2      3      6     10 
021      0      0      0      0      0      0      0      0      0      0      0      0      0      0      0      0      0      0      0      0      1      3      6     12 
022      0      0      0      0      0      0      0      0      0      0      0      0      0      0      0      0      0      0      0      0      2      2      6      7 
023      0      0      0      0      0      0      0      0      0      0      0      0      0      0      0      0      0      0      0      1      1      2      2      4 
024      0      0      0      0      0      0      0      0      0      0      0      0      0      0      0      0      0      0      0      0      0      1      2      5 
025      0      0      0      0      0      0      0      0      0      0      0      0      0      0      0      0      0      0      0      0      0      0      1      2 
026      0      0      0      0      0      0      0      0      0      0      0      0      0      0      0      0      0      0      0      0      0      0      1      4 
027      0      0      0      0      0      0      0      0      0      0      0      0      0      0      0      0      0      0      1      2      2      2      3      6 
028      0      0      0      0      0      0      0      0      0      0      0      0      0      0      0      0      0      0      0      0      1      1      1      4 
029      0      0      0      0      0      0      0      0      0      0      0      0      0      0      0      0      0      0      0      1      3      3      6      9 
030      0      0      0      0      0      0      0      0      0      0      0      0      0      0      0      0      1      1      1      2      2      3      6     13 
031      0      0      0      0      0      0      0      0      0      0      0      0      0      0      0      0      0      0      1      1      3      6      9     15 
032      0      0      0      0      0      0      0      0      0      0      0      0      0      0      0      0      0      0      0      0      0      3      7     11 
033      0      0      0      0      0      0      0      0      0      0      0      0      0      0      0      0      0      0      0      0      0      3      5     10 
034      0      0      0      0      0      0      0      0      0      0      0      0      0      0      0      0      0      0      0      0      0      1      4      7 
035      0      0      0      0      0      0      0      0      0      0      0      0      0      0      0      0      0      0      0      0      1      2      2      3 
036      0      0      0      0      0      0      0      0      0      0      0      0      0      0      0      0      0      0      0      1      1      1      2      2 
037      0      0      0      0      0      0      0      0      0      0      0      0      0      0      0      0      0      0      0      1      1      1      1      2 
038      0      0      0      0      0      0      0      0      0      0      0      0      0      0      0      0      0      0      1      1      1      3      5      8 
039      0      0      0      0      0      0      0      0      0      0      0      0      0      0      0      0      0      0      0      0      1      2      4      7 
040      0      0      0      0      0      0      0      0      0      0      0      0      0      0      0      0      0      0      1      2      3      4      4      4 
041      0      0      0      0      0      0      0      0      0      0      0      0      0      0      0      0      0      0      0      2      2      4      7     11 
042      0      0      0      0      0      0      0      0      0      0      0      0      0      0      0      0      0      0      1      1      1      1      3      3 
043      0      0      0      0      0      0      0      0      0      0      0      0      0      0      0      0      0      0      0      0      0      0      2      6 
044      0      0      0      0      0      0      0      0      0      0      0      0      0      0      0      0      0      0      0      0      0      0      0      2 
045      0      0      0      0      0      0      0      0      0      0      0      0      0      0      0      0      0      0      0      0      0      0      1      3 
046      0      0      0      0      0      0      0      0      0      0      0      0      0      0      0      0      0      0      0      0      2      4      7     13 
047      0      0      0      0      0      0      0      0      0      0      0      0      0      0      0      0      0      0      0      0      0      1      1      3 
048      0      0      0      0      0      0      0      0      0      0      0      0      0      0      0      0      0      0      0      0      0      2      4     10 
049      0      0      0      0      0      0      0      0      0      0      0      0      0      0      0      0      0      0      0      0      0      0      0      2 
050      0      0      0      0      0      0      0      0      0      0      0      0      0      0      0      0      0      0      0      1      2      4      6     10 
051      0      0      0      0      0      0      0      0      0      0      0      0      0      0      0      0      0      0      0      0      0      4      5      6 
052      0      0      0      0      0      0      0      0      0      0      0      0      0      0      0      0      0      0      0      0      0      1      1      3 
053      0      0      0      0      0      0      0      0      0      0      0      0      0      0      0      0      0      0      0      0      1      1      4      7 
054      0      0      0      0      0      0      0      0      0      0      0      0      0      0      0      0      0      0      0      0      0      1      4      6 
055      0      0      0      0      0      0      0      0      0      0      0      0      0      0      0      0      0      0      0      1      1      2      7     19 
056      0      0      0      0      0      0      0      0      0      0      0      0      0      0      0      0      0      0      0      0      1      1      5      5 
057      0      0      0      0      0      0      0      0      0      0      0      0      0      0      0      0      0      0      0      1      4      8     12     22 
058      0      0      0      0      0      0      0      0      0      0      0      0      0      0      0      0      0      0      0      0      0      1      2      3 
059      0      0      0      0      0      0      0      0      0      0      0      0      0      0      0      0      0      0      1      1      2      4      6     12 
060      0      0      0      0      0      0      0      0      0      0      0      0      0      0      0      0      0      0      0      0      1      4      5      6 
061      0      0      0      0      0      0      0      0      0      0      0      0      0      0      0      0      0      0      0      0      2      5      7      8 
062      0      0      0      0      0      0      0      0      0      0      0      0      0      0      0      0      0      0      0      0      0      1      3      5 
063      0      0      0      0      0      0      0      0      0      0      0      0      0      0      0      0      0      0      0      0      0      1      2      2 
064      0      0      0      0      0      0      0      0      0      0      0      0      0      0      0      0      0      0      0      0      0      2      5      8 
065      0      0      0      0      0      0      0      0      0      0      0      0      0      0      0      0      0      0      0      2      5      7      8     10 
066      0      0      0      0      0      0      0      0      0      0      0      0      0      0      0      0      0      0      0      0      1      1      1      3 
067      0      0      0      0      0      0      0      0      0      0      0      0      0      0      0      0      0      0      0      0      0      1      1      1 
068      0      0      0      0      0      0      0      0      0      0      0      0      0      0      0      0      0      0      0      0      1      3      5      8 
069      0      0      0      0      0      0      0      0      0      0      0      0      0      0      0      0      0      0      0      0      1      2      6      7 
070      0      0      0      0      0      0      0      0      0      0      0      0      0      0      0      0      0      0      0      1      1      1      2      5 
071      0      0      0      0      0      0      0      0      0      0      0      0      0      0      0      0      0      0      0      0      1      2      3      6 
072      0      0      0      0      0      0      0      0      0      0      0      0      0      0      0      0      0      0      1      2      4      6      6      7 
073      0      0      0      0      0      0      0      0      0      0      0      0      0      0      0      0      0      0      0      0      0      0      3      6 
074      0      0      0      0      0      0      0      0      0      0      0      0      0      0      0      0      0      0      0      0      1      2      5      5 
075      0      0      0      0      0      0      0      0      0      0      0      0      0      0      0      0      0      0      0      0      0      0      1      2 
076      0      0      0      0      0      0      0      0      0      0      0      0      0      0      0      0      0      0      0      1      3      3      4      7 
077      0      0      0      0      0      0      0      0      0      0      0      0      0      0      0      0      0      0      0      1      1      3      3      3 
078      0      0      0      0      0      0      0      0      0      0      0      0      0      0      0      0      0      0      0      0      2      4      7     12 
079      0      0      0      0      0      0      0      0      0      0      0      0      0      0      0      0      0      0      0      0      0      1      7     10 
080      0      0      0      0      0      0      0      0      0      0      0      0      0      0      0      0      0      0      0      0      1      3      7     10 
081      0      0      0      0      0      0      0      0      0      0      0      0      0      0      0      0      0      0      0      0      1      1      1      2 
082      0      0      0      0      0      0      0      0      0      0      0      0      0      0      0      0      0      0      0      1      2      3      4      7 
083      0      0      0      0      0      0      0      0      0      0      0      0      0      0      0      0      0      0      0      0      2      4      8     17 
084      0      0      0      0      0      0      0      0      0      0      0      0      0      0      0      0      0      1      1      1      2      4      4      8 
085      0      0      0      0      0      0      0      0      0      0      0      0      0      0      0      0      0      0      0      0      0      0      1      1 
086      0      0      0      0      0      0      0      0      0      0      0      0      0      0      0      0      0      0      0      1      5      6      7      9 
087      0      0      0      0      0      0      0      0      0      0      0      0      0      0      0      0      0      0      0      0      0      0      2     13 
088      0      0      0      0      0      0      0      0      0      0      0      0      0      0      0      0      0      0      1      1      2      2      2      8 
089      0      0      0      0      0      0      0      0      0      0      0      0      0      0      0      0      0      0      0      1      1      5      6     12 
090      0      0      0      0      0      0      0      0      0      0      0      0      0      0      0      0      0      0      0      0      0      1      3      7 
091      0      0      0      0      0      0      0      0      0      0      0      0      0      0      0      0      0      0      0      0      1      2      4      8 
092      0      0      0      0      0      0      0      0      0      0      0      0      0      0      0      0      0      0      0      0      1      2      5      8 
093      0      0      0      0      0      0      0      0      0      0      0      0      0      0      0      0      0      0      0      0      0      1      2      5 
094      0      0      0      0      0      0      0      0      0      0      0      0      0      0      0      0      0      0      0      1      1      1      4      7 
095      0      0      0      0      0      0      0      0      0      0      0      0      0      0      0      0      0      0      0      1      1      1      2      4 
096      0      0      0      0      0      0      0      0      0      0      0      0      0      0      0      0      0      0      0      0      1      3      4      7 
097      0      0      0      0      0      0      0      0      0      0      0      0      0      0      0      0      0      0      1      1      1      2      2      8 
098      0      0      0      0      0      0      0      0      0      0      0      0      0      0      0      0      0      0      0      2      3      5      8     10 
099      0      0      0      0      0      0      0      0      0      0      0      0      0      0      0      0      0      0      1      1      1      2      7     14 
100      0      0      0      0      0      0      0      0      0      0      0      0      0      0      0      0      0      0      0      1      1      2      7      8 
101      0      0      0      0      0      0      0      0      0      0      0      0      0      0      0      0      0      0      0      0      0      0      0      1 
102      0      0      0      0      0      0      0      0      0      0      0      0      0      0      0      0      0      0      0      0      3      4      4      5 
103      0      0      0      0      0      0      0      0      0      0      0      0      0      0      0      0      0      0      0      0      0      1      5      9 
104      0      0      0      0      0      0      0      0      0      0      0      0      0      0      0      0      0      1      1      1      1      2      2      3 
105      0      0      0      0      0      0      0      0      0      0      0      0      0      0      0      0      0      0      0      1      1      1      3     10 
106      0      0      0      0      0      0      0      0      0      0      0      0      0      0      0      0      0      1      1      1      2      4      7     13 
107      0      0      0      0      0      0      0      0      0      0      0      0      0      0      0      0      0      0      0      1      3      5      6      8 
108      0      0      0      0      0      0      0      0      0      0      0      0      0      0      0      0      0      0      1      2      2      3      4      6 
109      0      0      0      0      0      0      0      0      0      0      0      0      0      0      0      0      0      0      0      0      0      0      0      4 
110      0      0      0      0      0      0      0      0      0      0      0      0      0      0      0      0      0      0      0      0      2      2      2      4 
111      0      0      0      0      0      0      0      0      0      0      0      0      0      0      0      0      0      0      0      1      2      3      4      7 
112      0      0      0      0      0      0      0      0      0      0      0      0      0      0      0      0      0      0      0      0      0      1      6     11 
113      0      0      0      0      0      0      0      0      0      0      0      0      0      0      0      0      0      0      0      1      1      1      3      8 
114      0      0      0      0      0      0      0      0      0      0      0      0      0      0      0      0      0      0      0      0      1      1      2      2 
115      0      0      0      0      0      0      0      0      0      0      0      0      0      0      0      0      0      0      0      0      0      2      2      3 
116      0      0      0      0      0      0      0      0      0      0      0      0      0      0      0      0      0      0      0      0      1      2      3      9 
117      0      0      0      0      0      0      0      0      0      0      0      0      0      0      0      0      0      0      0      0      0      0      4      6 
118      0      0      0      0      0      0      0      0      0      0      0      0      0      0      0      0      0      0      0      0      0      1      2      4 
119      0      0      0      0      0      0      0      0      0      0      0      0      0      0      0      0      0      0      0      0      1      5      6      7 
120      0      0      0      0      0      0      0      0      0      0      0      0      0      0      0      0      0      0      0      1      2      5     11     18 
121      0      0      0      0      0      0      0      0      0      0      0      0      0      0      0      0      0      0      0      0      1      2      2      4 
122      0      0      0      0      0      0      0      0      0      0      0      0      0      0      0      0      0      0      0      0      0      1      4      7 
123      0      0      0      0      0      0      0      0      0      0      0      0      0      0      0      0      0      0      0      0      0      1      1      3 
124      0      0      0      0      0      0      0      0      0      0      0      0      0      0      0      0      0      0      0      0      0      1      4      7 
125      0      0      0      0      0      0      0      0      0      0      0      0      0      0      0      0      0      0      0      0      0      2      4      7 
126      0      0      0      0      0      0      0      0      0      0      0      0      0      0      0      0      0      0      1      1      1      1      2      4 
127      0      0      0      0      0      0      0      0      0      0      0      0      0      0      0      0      0      0      0      1      1      1      1      5 
128      0      0      0      0      0      0      0      0      0      0      0      0      0      0      0      0      0      0      0      1      1      2      2      2 
129      0      0      0      0      0      0      0      0      0      0      0      0      0      0      0      0      0      0      0      0      1      2      2      4 
130      0      0      0      0      0      0      0      0      0      0      0      0      0      0      0      0      0      0      0      0      4      7     12     22 
131      0      0      0      0      0      0      0      0      0      0      0      0      0      0      0      0      0      0      0      0      0      0      2      2 
132      0      0      0      0      0      0      0      0      0      0      0      0      0      0      0      0      0      0      0      1      1      2      4      6 
133      0      0      0      0      0      0      0      0      0      0      0      0      0      0      0      0      0      0      1      1      1      2      2      2 
134      0      0      0      0      0      0      0      0      0      0      0      0      0      0      0      0      0      0      0      0      0      1      5     10 
135      0      0      0      0      0      0      0      0      0      0      0      0      0      0      0      0      0      0      0      0      2      4      7     10 
136      0      0      0      0      0      0      0      0      0      0      0      0      0      0      0      0      0      0      0      1      2      3      3      8 
137      0      0      0      0      0      0      0      0      0      0      0      0      0      0      0      0      0      0      0      1      2      5     10     17 
138      0      0      0      0      0      0      0      0      0      0      0      0      0      0      0      0      0      0      0      1      2      3      4      8 
139      0      0      0      0      0      0      0      0      0      0      0      0      0      0      0      0      0      0      0      2      4      7      8     15 
140      0      0      0      0      0      0      0      0      0      0      0      0      0      0      0      0      0      0      0      0      0      3      5     14 
141      0      0      0      0      0      0      0      0      0      0      0      0      0      0      0      0      0      0      0      0      0      1      1      3 
142      0      0      0      0      0      0      0      0      0      0      0      0      0      0      0      0      0      0      0      0      0      2      2      4 
143      0      0      0      0      0      0      0      0      0      0      0      0      0      0      0      0      0      0      0      0      0      1      6     10 
144      0      0      0      0      0      0      0      0      0      0      0      0      0      0      0      0      0      0      1      2      2      2      5      9 
145      0      0      0      0      0      0      0      0      0      0      0      0      0      0      0      0      0      0      0      1      1      2      4      4 
146      0      0      0      0      0      0      0      0      0      0      0      0      0      0      0      0      0      0      0      0      1      1      4      9 
147      0      0      0      0      0      0      0      0      0      0      0      0      0      0      0      0      0      0      0      0      1      1      1      2 
148      0      0      0      0      0      0      0      0      0      0      0      0      0      0      0      0      0      0      0      0      0      0      0      1 
149      0      0      0      0      0      0      0      0      0      0      0      0      0      0      0      0      0      0      1      2      2      2      3      4 
150      0      0      0      0      0      0      0      0      0      0      0      0      0      0      0      0      0      0      0      0      1      2      4      7 
151      0      0      0      0      0      0      0      0      0      0      0      0      0      0      0      0      0      0      0      0      1      1      1      1 
152      0      0      0      0      0      0      0      0      0      0      0      0      0      0      0      0      0      0      0      0      0      0      0      0 
153      0      0      0      0      0      0      0      0      0      0      0      0      0      0      0      0      0      0      0      0      2      7     12     18 
154      0      0      0      0      0      0      0      0      0      0      0      0      0      0      0      0      0      0      0      0      0      1      1      3 
155      0      0      0      0      0      0      0      0      0      0      0      0      0      0      0      0      0      0      0      0      2      2      3      4 
156      0      0      0      0      0      0      0      0      0      0      0      0      0      0      0      0      0      0      0      0      0      1      3      7 
157      0      0      0      0      0      0      0      0      0      0      0      0      0      0      0      0      0      0      0      1      4      4      6      8 
158      0      0      0      0      0      0      0      0      0      0      0      0      0      0      0      0      0      0      0      0      0      1      2      3 
159      0      0      0      0      0      0      0      0      0      0      0      0      0      0      0      0      0      0      0      0      0      0      0      4 
160      0      0      0      0      0      0      0      0      0      0      0      0      0      0      0      0      0      0      0      0      1      1      1      2 
161      0      0      0      0      0      0      0      0      0      0      0      0      0      0      0      0      0      0      0      1      1      2      6      9 
162      0      0      0      0      0      0      0      0      0      0      0      0      0      0      0      0      0      0      0      0      0      1      5      9 
163      0      0      0      0      0      0      0      0      0      0      0      0      0      0      0      0      0      0      0      0      1      2      4     10 
164      0      0      0      0      0      0      0      0      0      0      0      0      0      0      0      0      0      0      0      1      1      1      1      5 
165      0      0      0      0      0      0      0      0      0      0      0      0      0      0      0      0      0      0      0      0      1      2      5      8 
166      0      0      0      0      0      0      0      0      0      0      0      0      0      0      0      0      0      0      0      0      1      1      4     11 
167      0      0      0      0      0      0      0      0      0      0      0      0      0      0      0      0      0      0      0      0      0      3      4      7 
168      0      0      0      0      0      0      0      0      0      0      0      0      0      0      0      0      0      0      0      0      1      1      2      4 
169      0      0      0      0      0      0      0      0      0      0      0      0      0      0      0      0      0      0      0      0      0      2      4      8 
170      0      0      0      0      0      0      0      0      0      0      0      0      0      0      0      0      0      0      0      0      1      2      3      3 
171      0      0      0      0      0      0      0      0      0      0      0      0      0      0      0      0      0      0      0      1      1      6     11     19 
172      0      0      0      0      0      0      0      0      0      0      0      0      0      0      0      0      1      1      1      4      4      5      8     12 
173      0      0      0      0      0      0      0      0      0      0      0      0      0      0      0      0      0      0      0      0      0      0      0      1 
174      0      0      0      0      0      0      0      0      0      0      0      0      0      0      0      0      0      0      0      0      0      0      1      1 
175      0      0      0      0      0      0      0      0      0      0      0      0      0      0      0      0      0      0      0      0      0      1      1      4 
176      0      0      0      0      0      0      0      0      0      0      0      0      0      0      0      0      0      0      0      0      1      1      1      3 
177      0      0      0      0      0      0      0      0      0      0      0      0      0      0      0      0      0      0      0      1      1      2      3      4 
178      0      0      0      0      0      0      0      0      0      0      0      0      0      0      0      0      0      0      0      1      1      1      1      2 
179      0      0      0      0      0      0      0      0      0      0      0      0      0      0      0      0      0      0      0      0      1      1      1      4 
180      0      0      0      0      0      0      0      0      0      0      0      0      0      0      0      0      1      1      1      2      3      3      3      6 
181      0      0      0      0      0      0      0      0      0      0      0      0      0      0      0      0      0      0      0      0      0      0      0      0 
182      0      0      0      0      0      0      0      0      0      0      0      0      0      0      0      0      0      0      1      1      2      3      5      6 
183      0      0      0      0      0      0      0      0      0      0      0      0      0      0      0      0      0      0      0      1      3      5      5      8 
184      0      0      0      0      0      0      0      0      0      0      0      0      0      0      0      0      0      0      0      1      2      4      5      8 
185      0      0      0      0      0      0      0      0      0      0      0      0      0      0      0      0      0      0      0      0      1      2      2      3 
186      0      0      0      0      0      0      0      0      0      0      0      0      0      0      0      0      0      0      0      0      0      1      1     11 
187      0      0      0      0      0      0      0      0      0      0      0      0      0      0      0      0      0      0      0      0      0      2      2      7 
188      0      0      0      0      0      0      0      0      0      0      0      0      0      0      0      0      0      0      0      0      0      2      3      7 
189      0      0      0      0      0      0      0      0      0      0      0      0      0      0      0      0      0      0      0      0      0      0      1      4 
190      0      0      0      0      0      0      0      0      0      0      0      0      0      0      0      0      0      0      0      0      1      2      6      9 
191      0      0      0      0      0      0      0      0      0      0      0      0      0      0      0      0      0      0      0      0      0      1      1      2 
192      0      0      0      0      0      0      0      0      0      0      0      0      0      0      0      0      0      0      1      1      1      3      5      7 
193      0      0      0      0      0      0      0      0      0      0      0      0      0      0      0      0      0      0      0      0      0      1      2      4 
194      0      0      0      0      0      0      0      0      0      0      0      0      0      0      0      0      0      0      0      2      2      6     10     21 
195      0      0      0      0      0      0      0      0      0      0      0      0      0      0      0      0      0      0      0      0      0      1      1      6 
196      0      0      0      0      0      0      0      0      0      0      0      0      0      0      0      0      0      0      1      1      1      3      6      6 
197      0      0      0      0      0      0      0      0      0      0      0      0      0      0      0      0      0      0      0      0      0      0      2      3 
198      0      0      0      0      0      0      0      0      0      0      0      0      0      0      0      0      0      0      0      0      1      4     10     14 
199      0      0      0      0      0      0      0      0      0      0      0      0      0      0      0      0      0      0      1      1      1      1      1      3 
