000      2      0      0      0      0      1      3      9     22     36     56     89    127    171    228    279    341    367    418    429    420    380    339    277 
001      2      0      0      0      0      1      2      6      9     13     30     41     53     81    112    135    167    192    219    236    219    222    188    157 
002      2      0      0      0      1      3      8     12     20     34     42     58     86    138    178    232    282    325    356    371    353    310    261    217 
003      2      0      0      0      0      0      0      5      9     15     23     47     74    101    137    165    194    211    217    213    195    173    149    117 
004      2      0      0      0      1      3      8     12     20     34     42     58     86    138    178    232    282    325    356    371    353    310    261    217 
005      2      0      0      0      0      0      0      2      2      3      4      7      7      7      9      7      7      7     10      9      9     10     10      7 
006      2      0      0      0      0      0      0      2      3      8     11     17     21     32     50     69     82     91    101    100     95     79     64     53 
007      2      0      0      0      0      0      1      3      7      8     12     17     25     41     54     66     86    106    124    113    108     98     81     63 
008      2      0      0      0      0      0      0      3      5     10     18     26     39     62     81     98    125    139    151    155    151    139    121     99 
009      2      0      0      1      1      1      1      7      9     19     36     58     94    128    180    209    249    290    308    318    302    280    239    201 
010      2      0      0      0      0      0      1      1      3      6     13     21     37     56     77     86    110    118    136    138    128    113     95     81 
011      2      0      0      0      0      1      3      8     12     20     35     68    102    147    182    218    255    279    274    282    272    257    214    176 
012      2      0      0      0      2      5      8     16     24     39     62    106    149    207    275    360    419    490    527    552    533    483    417    354 
013      2      0      0      0      0      0      0      3      5     13     23     40     61     87    108    125    148    171    170    177    170    154    132    108 
014      2      0      0      0      0      1      2      4      8     11     21     29     43     61     77     91    114    131    144    137    138    129    107     94 
015      2      0      0      0      0      0      0      3      7     12     20     32     45     66     97    131    160    172    175    174    162    141    114     89 
016      2      0      0      0      1      2      4      6      9     18     29     52     65    100    131    170    181    208    230    227    227    206    174    152 
017      2      0      0      0      0      1      2      2      5     10     15     23     32     48     62     79     95    114    124    128    125    118    114     99 
018      2      0      0      0      0      1      3      4     11     20     35     60     84    119    160    208    250    271    290    311    313    295    264    221 
019      2      0      0      0      0      1      1      2      5     13     24     41     61     91    115    151    169    190    198    204    191    178    150    129 
020      2      0      0      0      0      1      1      3      8     16     29     43     68     97    129    154    190    214    222    229    211    195    162    127 
021      2      0      0      0      0      1      4      9     17     27     47     85    136    197    260    339    405    444    486    490    466    414    349    293 
022      2      0      0      0      0      0      0      2      3      5     10     16     28     41     60     93    115    133    147    163    145    137    121     96 
023      2      0      0      0      0      0      0      5     10     14     25     46     64    100    132    159    191    210    240    239    231    211    195    157 
024      2      0      0      0      0      0      1      2      5     19     34     48     76    110    153    201    236    257    276    283    269    239    207    173 
025      2      0      0      0      0      0      1      1      2      4     10     16     27     41     52     61     68     84     85     76     75     74     70     58 
026      2      0      0      0      0      1      3      6     12     23     44     73    106    151    199    248    294    339    345    357    352    324    295    245 
027      2      0      0      0      0      1      2      9     22     31     51     65     96    130    186    227    267    295    317    319    300    272    239    192 
028      2      0      0      0      0      0      1      4      7     12     25     34     44     68     95    112    136    162    177    169    153    149    127    100 
029      2      0      0      1      2      2      3      5      9     22     44     73    106    170    232    293    350    382    395    411    389    342    293    233 
030      2      0      0      0      0      1      2      8     11     15     26     41     68     96    127    175    197    218    241    242    220    200    177    145 
031      2      0      0      1      1      1      3      5      9     11     28     49     69     91    134    170    195    222    255    258    271    237    212    172 
032      2      0      0      0      0      2      2      4      7     15     26     33     53     75    102    123    148    156    165    159    151    138    117    102 
033      2      0      0      0      0      0      1      2      8     16     24     46     67    100    123    156    186    206    220    230    209    191    172    146 
034      2      0      0      0      0      0      3      6      7     13     25     38     49     69     91    116    130    137    146    143    136    118    103     87 
035      2      0      0      0      1      1      2      4      5      7     10     19     38     58     65     93    105    119    125    120    123    109     97     72 
036      2      0      0      0      0      0      3      4     12     21     30     54     76    107    132    147    157    172    192    183    165    156    132    117 
037      2      0      0      0      2      2      2      3      5     13     23     36     51     63     84    102    123    136    146    152    157    148    132    115 
038      2      0      0      0      0      0      0      3      8     15     30     44     58     74     95    113    140    150    157    157    147    138    121     94 
039      2      0      0      0      0      1      2      2      2      6     14     20     30     45     70     86     97    110    120    124    118    101     84     75 
040      2      0      0      0      0      0      1      5      8     15     25     40     53     80    105    134    160    171    184    185    183    167    145    117 
041      2      0      0      0      0      0      0      2      7      9     16     25     37     57     74     96    104    108    119    127    123    119     99     83 
042      2      0      0      0      0      0      2      6     10     20     26     45     65    101    129    163    196    224    222    222    208    184    170    144 
043      2      0      0      0      0      0      4      6      8     11     22     29     44     65     84    105    128    132    129    130    131    120    105     82 
044      2      0      0      0      0      1      1      2      3      8     14     26     44     65     97    119    147    173    182    172    169    151    121    108 
045      2      0      0      0      0      0      2      2      2      3      8     18     26     41     56     72     96    111    125    131    117    107     87     73 
046      2      0      0      0      1      1      1      3      5      7     10     18     30     40     59     83    112    129    137    146    146    128    107     90 
047      2      0      0      0      0      1      2      3      7     13     22     38     58     75     91    121    146    148    159    160    147    128    112     93 
048      2      0      0      0      0      0      2      4      9     20     34     46     67     85    120    150    182    195    200    199    187    170    148    128 
049      2      0      0      0      0      0      0      0      4     16     27     40     57     83    113    139    176    199    211    212    201    178    153    125 
050      2      0      0      0      0      0      0      0      1      4      7     14     22     32     40     50     61     65     83     79     75     74     72     60 
051      2      0      0      0      0      0      1      4     12     17     32     50     72    104    142    177    215    235    264    272    260    244    218    177 
052      2      0      0      0      0      2      4      5      6     12     28     44     62     78    108    123    144    168    173    179    165    151    130    115 
053      2      0      0      0      0      0      2      7     10     14     22     35     55     81     99    121    149    165    173    185    168    155    131    115 
054      2      0      0      0      0      0      0      3      9     18     30     50     77    108    138    184    216    249    268    262    240    226    191    157 
055      2      0      0      0      0      0      0      0      5     12     23     43     60     86    112    132    163    180    185    192    180    165    132    114 
056      2      0      0      0      0      0      2      4      9     19     35     48     74    114    161    196    237    273    284    286    281    258    216    186 
057      2      0      0      0      0      0      2      4      9     17     29     40     56     75    108    127    146    166    179    174    164    148    130     99 
058      2      0      0      0      0      1      2      5      7     18     33     52     81    117    170    210    255    275    291    293    286    255    218    170 
059      2      0      0      0      0      0      2      5      7      9     16     27     47     66     92    116    135    148    152    148    139    129    110     93 
060      2      0      0      0      0      0      0      3      6     12     27     38     51     70     97    125    152    160    170    175    167    140    128    105 
061      2      0      0      0      1      2      5      8     11     15     23     40     65     93    124    185    219    243    261    264    256    223    195    162 
062      2      0      0      0      0      0      0      0      0      3     11     14     16     20     27     30     40     46     48     51     49     45     41     33 
063      2      0      0      0      0      0      1      2      5     11     14     20     31     40     56     73     90    103    114    114    113    103     92     76 
064      2      0      0      0      1      1      2      3      3      9     11     16     27     53     69     89    106    119    128    127    114    104     78     62 
065      2      0      0      0      0      0      1      3      5      7     13     24     31     51     75    101    119    139    144    152    141    129    113     88 
066      2      0      0      0      0      1      2      3      5      7     16     28     40     59     94    111    126    141    156    163    151    136    115     92 
067      2      0      0      0      2      3      4      8     15     28     41     58     89    123    155    204    236    256    266    266    257    224    188    148 
068      2      0      0      0      0      1      1      6      9     15     30     41     66     92    126    156    180    195    186    187    187    167    143    126 
069      2      0      0      0      0      0      1      4      8     19     30     48     69     94    117    144    175    194    202    202    191    175    142    116 
070      2      0      0      0      1      1      2      4      8     11     20     29     43     57     84     99    114    128    135    138    128    118     93     78 
071      2      0      0      0      0      0      1      1      2      9     13     20     30     39     57     67     83     95     99    100     97     96     83     73 
072      2      0      0      0      0      0      0      1      3      4      9     16     28     37     39     50     56     64     68     64     66     55     42     36 
073      2      0      0      0      0      1      1      4      6     14     19     28     35     39     59     69     77     84     98    102    108     97     85     68 
074      2      0      0      0      1      1      1      2      5      6     14     24     37     55     74    100    122    130    139    144    137    122    117     85 
075      2      0      0      0      0      0      1      5     12     19     37     59     80    111    140    170    199    231    242    250    243    226    201    166 
076      2      0      0      0      0      1      1      5      9     24     40     57     99    144    199    254    315    343    348    343    336    291    269    222 
077      2      0      0      0      1      1      4      6     10     14     17     21     35     47     62     78     99    105    109    109    109     97     79     73 
078      2      0      0      0      0      1      2      4      7     19     33     50     75     96    113    143    155    176    172    167    148    140    121     98 
079      2      0      0      0      0      0      4      6      9     16     24     37     54     86    124    155    177    204    216    212    209    190    170    140 
080      2      0      0      0      0      1      1      2      8     13     28     48     72    102    144    184    211    236    258    257    244    224    204    170 
081      2      0      0      0      0      1      1      2      3      7     16     31     54     73     95    121    142    160    159    162    152    136    113     95 
082      2      0      0      0      0      0      0      1      1      2      8     11     18     22     31     37     53     61     64     68     66     58     55     44 
083      2      0      0      0      0      0      0      1      3      5      9     12     17     25     34     42     55     66     64     68     61     60     52     42 
084      2      0      0      0      0      1      2      4      8     14     25     37     57     77    110    145    170    193    211    216    212    203    173    143 
085      2      0      0      0      1      1      2      5      8     15     21     28     52     88    115    146    165    192    196    206    199    183    157    134 
086      2      0      0      0      0      0      1      3      3      4      8     14     25     35     46     58     78     92     97     92     87     83     71     50 
087      2      0      0      0      0      1      2      4      7     11     14     19     31     40     52     72     89    102    105    117    116    108    100     81 
088      2      0      0      0      1      1      2      2      4      5      7     10     14     20     27     37     41     47     53     55     47     46     41     34 
089      2      0      0      0      0      0      0      1      3     11     16     31     46     71     89    111    129    138    143    142    129    116     98     86 
090      2      0      0      0      0      0      0      3      6     13     21     33     46     77     94    120    147    163    179    176    175    153    135    105 
091      2      0      0      0      0      0      1      1      2      3      5     11     23     32     42     72     81     94    101    101     99     84     73     65 
092      2      0      0      0      1      1      3      4     11     15     28     36     64    102    146    174    221    254    268    277    277    251    219    183 
093      2      0      0      0      0      1      3     10     12     17     30     48     70    114    155    187    224    237    242    243    241    201    166    141 
094      2      0      0      0      0      0      0      1      2      5      6     11     16     19     31     38     46     58     62     60     61     57     53     40 
095      2      0      0      0      0      2      3      7      8     20     40     55     89    125    170    203    259    295    314    321    324    297    261    210 
096      2      0      0      0      1      1      1      1      3      5      9     10     19     30     40     47     58     63     66     69     61     60     56     49 
097      2      0      0      0      0      0      0      3      9     16     29     47     81    116    159    203    247    267    288    292    279    240    221    175 
098      2      0      0      0      0      1      3      8     16     19     28     40     63     81    105    126    152    168    180    181    168    149    139    118 
099      2      0      0      0      0      0      3      4     13     21     33     54     77    101    134    168    177    199    199    193    184    172    142    121 
100      2      0      0      0      1      1      1      4      7     15     28     47     78    104    136    180    213    234    231    220    208    179    149    111 
101      2      0      0      0      1      2      5      6     10     16     26     31     45     67     97    118    137    155    162    158    148    140    115    109 
102      2      0      0      0      0      0      0      3      4      5      6     10     13     20     28     36     43     45     56     63     58     52     53     42 
103      2      0      0      1      1      1      1      1      2      6      7     17     26     36     52     72     86    108    118    113    108    104     88     74 
104      2      0      0      0      0      0      1      1      3      7     11     16     21     31     54     67     78     87     94     93     80     75     60     53 
105      2      0      0      0      0      1      1      1      2      6     14     33     49     69     88    114    138    153    161    158    147    133    120     93 
106      2      0      0      0      0      2      3      8     13     29     51     86    117    164    208    259    311    354    370    379    371    336    303    247 
107      2      0      0      0      0      1      6      8     10     19     35     53     82    120    153    191    238    274    307    315    302    259    223    178 
108      2      0      0      0      0      0      2      3      3      5     11     17     28     36     50     63     74     87     92    100     98     87     76     60 
109      2      0      0      0      1      1      2      5     11     16     26     44     61     80     94    124    143    165    175    174    174    154    127    100 
110      2      0      0      0      0      0      0      1      1      3      6      8      7     13     15     18     26     28     34     36     36     34     30     24 
111      2      0      0      0      0      1      1      4      9     14     25     39     65     87    111    148    186    207    242    253    243    236    197    159 
112      2      0      0      0      0      2      2      5      8     19     29     46     68     94    126    145    180    198    205    206    207    183    158    129 
113      2      0      0      0      0      1      1      1      7     11     14     24     46     66     94    110    126    138    147    146    136    123    100     81 
114      2      0      0      0      1      4      4      4      6     15     21     33     49     84    112    149    184    211    228    226    222    195    171    145 
115      2      0      0      0      0      0      0      0      1      6     12     20     34     47     61     69     82     99     98    101    102    104     75     66 
116      2      0      0      0      0      1      3      5      8     12     18     27     40     50     64     79     96    113    111    118    112    102     89     74 
117      2      0      0      1      1      3      5      8     11     18     24     52     77    104    137    175    203    229    236    241    217    198    172    155 
118      2      0      0      0      0      0      0      3     12     21     37     66    105    145    191    241    292    327    347    352    318    285    263    219 
119      2      0      0      0      0      1      1      1      3      4     13     21     36     56     73     93    109    116    119    113    104     88     78     65 
120      2      0      0      0      1      1      3      4      5     13     35     52     82    116    157    197    242    256    273    269    271    248    208    172 
121      2      0      0      0      0      0      0      4      4      5      8     12     17     26     31     45     53     58     58     60     55     49     42     37 
122      2      0      0      0      0      1      1      3      7     26     48     78    106    158    216    266    310    359    377    391    378    349    303    260 
123      2      0      0      0      0      1      2     10     19     26     35     43     55     64     73     93    122    130    139    149    138    127    106     93 
124      2      0      0      0      0      0      2      4      9     14     22     28     37     60     73     89    101    118    128    133    129    120    103     85 
125      2      0      0      0      1      1      3      4      5     11     16     25     36     54     73     91    105    112    118    118    106     98     86     70 
126      2      0      0      0      0      0      0      0      0      2      3      5     10     14     19     24     30     32     34     42     43     37     32     29 
127      2      0      0      0      0      2      4      4      7     13     18     22     31     44     63     78     91    107    113    117    119    109     96     84 
128      2      0      0      0      1      1      4      6     12     16     24     46     65     80    109    136    154    167    179    176    167    155    129    113 
129      2      0      0      0      0      0      0      0      2      3      6      8     13     19     32     38     40     51     53     50     50     53     45     35 
130      2      0      0      0      0      0      3      6     19     28     56     97    133    182    246    307    355    398    415    430    408    360    316    256 
131      2      0      0      0      0      0      2      3      6     15     35     47     76    101    139    157    184    210    214    207    200    193    163    134 
132      2      0      0      0      0      0      0      2      4     11     21     29     43     60     83     97    111    127    136    127    113    104     87     70 
133      2      0      0      0      1      2      3      5     12     20     25     32     49     69     96    123    150    167    171    169    159    148    135    108 
134      2      0      0      0      1      2      3      6      9     15     24     34     60     86    110    142    177    196    209    212    205    190    162    135 
135      2      0      0      0      1      1      1      3      9     20     27     48     82    121    162    205    246    280    291    307    301    280    236    194 
136      2      0      0      0      0      0      1      3      5     11     17     27     40     58     79     93    113    122    135    143    142    129    114     92 
137      2      0      0      0      0      0      2      4      9     10     14     21     32     35     49     62     77     84     94     94     90     76     72     60 
138      2      0      0      0      0      1      4      4      9     17     26     51     78    113    147    190    221    250    270    263    264    241    221    193 
139      2      0      0      0      0      1      2      3      5     10     20     36     57     87    107    130    153    167    179    175    160    155    136    112 
140      2      0      0      0      0      1      3      6     15     32     56     90    135    194    268    330    392    428    450    454    441    395    345    280 
141      2      0      0      0      1      2      8     12     23     43     82    128    196    290    393    483    570    632    676    671    637    584    504    410 
142      2      0      0      0      0      1      1      2      4      8     17     26     34     35     43     53     56     61     66     66     71     63     59     47 
143      2      0      0      0      0      0      1      5      7     12     29     48     67     96    124    150    182    208    215    218    209    189    169    158 
144      2      0      0      0      0      0      2      4      6     11     18     26     33     51     66     85     99    109    109    104     99     95     78     69 
145      2      0      0      0      0      1      3      5     10     20     32     49     74    111    151    178    218    253    279    284    283    256    231    189 
146      2      0      0      0      0      0      0      3      9     16     25     39     62     78    106    144    181    197    213    209    195    194    164    133 
147      2      0      0      0      2      3      4      6     14     26     39     58     94    130    171    215    253    281    295    306    285    273    249    197 
148      2      0      0      0      0      0      2      4      4     10     10     18     28     35     46     64     76     97    106    109    104     96     86     74 
149      2      0      0      1      1      2      3      7     11     18     33     60     87    129    163    200    235    277    281    272    267    233    204    173 
150      2      0      0      0      0      1      2      6      6     10     17     30     44     58     76    101    114    129    137    138    128    119    101     78 
151      2      0      0      0      0      0      0      0      2      3     10     15     26     40     58     71     85     98     95     92     85     81     71     60 
152      2      0      0      0      0      0      0      2      3     10     13     21     29     40     54     69     77     82     84     93     88     81     70     58 
153      2      0      0      0      0      0      0      0      4      5      8     14     17     23     36     48     56     64     67     66     64     57     51     46 
154      2      0      0      1      1      2      5     10     14     25     41     68    114    161    213    274    322    374    405    408    388    368    309    268 
155      2      0      0      0      0      2      3      5     10     15     35     63     97    143    191    253    302    326    348    354    333    319    269    218 
156      2      0      0      0      0      0      1      4      8     16     23     33     51     79    102    120    145    162    169    168    152    122    104     82 
157      2      0      0      0      0      0      1      3     10     15     32     43     72    100    128    151    175    190    201    206    196    179    152    124 
158      2      0      0      0      0      0      1      5      6     14     25     42     68    105    136    177    202    229    224    219    212    189    153    130 
159      2      0      0      0      0      2      5     14     33     51     89    126    183    244    329    398    496    544    569    593    573    515    432    362 
160      2      0      0      0      0      0      1      6     14     21     36     56     89    128    164    201    226    250    254    258    254    216    194    154 
161      2      0      0      0      2      2      7     10     20     35     51     74    106    166    219    274    329    375    392    404    390    363    320    258 
162      2      0      0      0      1      2      3      5      9     15     27     45     57     89    109    129    169    198    214    217    215    200    170    150 
163      2      0      0      0      1      3      3      7     11     13     21     34     52     77    103    128    150    184    191    199    197    183    166    139 
164      2      0      0      0      0      0      1      3      7      9     11     21     35     50     60     76     89     97    112    111    107    100     96     82 
165      2      0      0      0      0      1      1      3      9     16     33     54     84    112    140    165    178    194    211    212    208    199    164    142 
166      2      0      0      0      0      1      1      4      7     15     25     44     75    103    137    172    198    220    234    219    212    195    165    128 
167      2      0      0      0      0      0      4      6     12     18     27     46     59     87    118    140    174    200    213    212    208    190    162    124 
168      2      0      0      0      0      0      2      3      5      7      8     14     19     19     25     27     37     40     45     45     46     45     42     37 
169      2      0      0      0      0      0      0      0      1      5     15     22     33     40     52     67     76     81     80     78     71     67     59     54 
170      2      0      0      0      0      1      3      7      8     11     18     32     47     66     91    110    129    144    147    154    146    141    119     97 
171      2      0      0      0      0      0      2      4      7     11     19     29     42     64     78     85    103    117    120    115    110     96     89     65 
172      2      0      0      0      0      1      2      4      8     19     34     57     72    114    147    181    220    236    251    251    243    211    178    150 
173      2      0      0      0      0      1      3      5     15     26     57     93    135    194    270    331    407    434    467    458    419    387    329    273 
174      2      0      0      0      0      1      3      3      9     14     21     41     56     82    107    126    141    162    174    170    160    135    122     95 
175      2      0      0      0      0      0      0      0      0      2      4      9     11     17     26     34     38     45     45     45     38     37     30     25 
176      2      0      0      0      0      0      0      1      4      8     15     25     42     53     65     85     98     97     99    107    101     86     75     69 
177      2      0      0      0      0      1      1      4      4     10     16     23     35     44     65     75     96    115    121    127    131    126    115     99 
178      2      0      0      0      0      0      1      2      5     12     25     42     57     73     99    136    151    169    178    175    162    160    136    110 
179      2      0      0      0      0      0      1      8     13     23     41     62     90    131    169    214    249    281    300    307    295    263    213    185 
180      2      0      0      0      0      0      0      2      3      6     11     18     26     36     50     66     79     92     93     92     89     84     66     57 
181      2      0      0      1      1      1      1      3      7     11     15     28     37     47     59     74     95    100    111    105    105     97     85     67 
182      2      0      0      0      1      4      8     11     15     21     33     52     73    120    158    206    254    307    332    313    309    306    265    221 
183      2      0      0      0      0      1      1      5     10     13     18     29     53     77    103    129    155    200    216    213    198    183    163    125 
184      2      0      0      0      1      2      3      4      5      8     15     24     50     78    106    132    161    181    183    186    167    153    137    110 
185      2      0      0      0      0      4      5      6     14     16     21     32     48     66     90    117    133    137    149    154    150    133    114     94 
186      2      0      0      0      0      0      1      5     10     18     26     35     54     81    104    128    157    183    198    197    200    180    163    139 
187      2      0      0      0      0      0      1      1      3      4     13     19     28     38     44     54     69     80     87     90     84     77     60     42 
188      2      0      0      0      0      0      3      8     14     24     34     58     76     92    119    140    160    168    178    191    176    156    143    124 
189      2      0      0      0      1      1      1      1      3      6     12     21     36     50     63     78     96    102    110    115    115    104     97     84 
190      2      0      0      0      2      2      4      5      8     15     22     36     53     72    104    132    150    171    193    204    193    178    167    143 
191      2      0      0      0      1      1      2      9     18     27     38     57     93    117    168    215    256    282    292    285    277    249    211    171 
192      2      0      0      0      0      1      2      4      9     10     20     32     55     72     93    129    155    170    181    191    185    171    146    121 
193      2      0      0      0      1      1      1      2      3      5     11     17     30     40     61     64     82     94    104    106    101     88     75     56 
194      2      0      0      0      0      0      1      3      6      8     15     25     37     50     58     71     84    107    114    116    108    105     93     85 
195      2      0      0      0      0      0      0      3      7     10     19     25     36     57     73     88    105    125    131    126    125    125    104     93 
196      2      0      0      0      0      1      4      8     12     17     29     44     64     89    131    159    183    215    238    234    214    201    170    135 
197      2      0      0      0      0      2      6     10     12     28     39     62     95    131    161    217    255    276    288    304    290    270    225    188 
198      2      0      0      0      0      1      2      3      4      7     12     16     19     39     48     64     79     83     86     90     89     85     75     65 
199      2      0      0      0      1      2      6      7     10     12     21     31     42     85    106    136    157    169    171    178    166    147    149    120 
