000      0      4      8     21     39     69    115    192    257    335    426    471    517    519    481    427    344    278    190    123     81     50     34     26 
001      0      5      5     10     16     29     57     97    131    179    213    252    283    275    254    224    185    144    101     65     48     28     13      7 
002      0      5     10     16     31     52     79    118    177    240    338    398    440    422    402    351    288    213    151    101     62     45     26     14 
003      0      4      6     11     21     38     62     88    123    173    211    232    240    237    209    188    147    115     90     64     48     28     22     13 
004      0      5     10     16     31     52     79    118    177    240    338    398    440    422    402    351    288    213    151    101     62     45     26     14 
005      0      2      0      0      2      4      7      6      7      8     13     12     13     16     13     14     13     10      7      4      3      2      1      0 
006      0      4      2      5      8     16     31     42     57     71     90    107    122    125    113     96     79     61     44     35     25     18     11      8 
007      0      3      3      7     12     23     35     51     71     96    116    130    140    135    121    112     85     60     37     29     20      8      6      7 
008      0      4      4      7     11     26     40     63     86    117    144    173    186    187    175    159    124    103     78     54     38     25     18     10 
009      0      4      7     15     26     47     83    128    201    262    313    375    381    387    349    314    260    202    148     92     62     35     26     18 
010      0      4      3      4      9     19     30     49     73    106    136    153    157    152    138    125     98     77     53     36     24     19     12      8 
011      0      4      7     20     34     56     82    125    185    251    309    340    348    330    321    290    222    175    137     94     66     37     23     11 
012      0      6     11     29     50     89    150    228    327    440    538    621    665    654    598    512    426    316    224    140     90     63     35     20 
013      0      2      2      7     17     32     49     73    103    136    181    206    218    216    202    181    143    105     83     57     43     31     20     13 
014      0      4      4      6     13     22     37     55     81    105    128    147    159    157    149    134    107     80     54     45     27     16     11      6 
015      0      3      5      9     15     27     50     73    105    142    179    202    215    207    180    142     99     72     51     36     23     14      7      2 
016      0      5      5     11     22     40     64     97    140    177    225    268    302    283    265    227    198    159    112     85     51     31     19     12 
017      0      3      3      9     14     21     31     53     76     99    121    143    160    167    160    142    124     97     77     59     43     30     17     13 
018      0      6      8     18     29     45     80    131    186    251    320    357    386    383    356    297    260    211    157    108     72     45     33     20 
019      0      4      4      9     17     35     55     83    133    178    211    233    260    251    234    200    163    130     97     67     47     27     14     10 
020      0      3      5      9     17     35     59     93    131    169    226    255    267    258    240    213    164    121     92     55     40     24     13     11 
021      0      6     14     22     40     72    122    196    284    382    487    564    605    586    553    470    376    296    204    145     96     59     39     24 
022      0      3      2      4      8     17     31     46     68    105    139    176    184    185    180    146    121     95     69     42     31     23     17     13 
023      0      2      3      7     15     35     62     96    136    193    236    272    291    286    269    243    197    152    107     79     52     30     15      8 
024      0      3      4     10     22     42     74    118    163    214    274    325    363    350    323    271    221    175    130     90     67     51     36     25 
025      0      3      2      5      7     12     22     37     51     72     87    101    106     97     91     79     68     50     39     33     25     16      8      5 
026      0      4     10     17     34     53     87    133    204    287    350    400    434    432    416    356    288    221    160    110     68     44     26     15 
027      0      5      8     14     29     52     86    124    177    241    304    366    387    390    354    313    245    189    132     98     64     43     25     16 
028      0      3      3      8     15     24     42     66     98    132    164    194    221    211    198    169    137    102     68     49     38     25     16     11 
029      0      5      9     14     30     52     96    161    240    331    403    466    501    474    435    379    301    232    180    122     76     46     26     19 
030      0      3      6     14     22     37     62     92    134    180    230    272    283    273    262    210    174    134     94     61     39     25     16     13 
031      0      4      5      8     18     33     59    100    154    212    263    308    324    330    298    261    222    178    124     89     47     31     22     15 
032      0      4      2      7     15     31     46     67     98    136    171    213    225    211    185    162    127    100     72     49     36     22     17      7 
033      0      4      4     10     17     33     46     75    118    154    203    231    255    245    238    209    170    138    100     65     43     30     19     13 
034      0      5      6     12     18     27     42     65     99    135    168    172    182    176    155    136    108     84     65     42     30     22     12      9 
035      0      3      2      4      7     14     28     48     71     97    128    143    139    129    129    101     83     59     38     29     18     13      8      5 
036      0      5      8     12     20     39     61     94    131    175    218    233    246    230    201    183    154    121     82     60     40     23     18      9 
037      0      4      5      9     14     27     47     63     92    117    149    177    187    187    186    159    136    109     82     58     37     29     17     12 
038      0      4      5     10     15     27     47     71     99    128    157    182    195    190    177    146    111     87     66     49     38     26     17      7 
039      0      3      1      6      9     18     34     50     74    101    122    147    151    150    129    110     90     71     49     27     14     10      9      5 
040      0      3      3      8     20     31     52     76    119    159    189    224    247    251    228    194    156    130     98     70     45     26     16     14 
041      0      2      2      5     11     19     39     56     80    104    132    156    175    162    150    124    110     93     65     43     31     20     12      7 
042      0      4      7     10     22     36     55     85    135    169    225    261    283    263    247    216    173    127     96     69     57     43     19     12 
043      0      3      3      8     16     31     44     63     90    124    138    158    164    153    133    120     94     81     63     47     27     16      5      3 
044      0      4      6     10     15     22     36     57     88    120    157    195    222    223    199    171    134     93     62     45     24     16     10      3 
045      0      2      1      3      7     15     28     38     58     81    110    125    137    145    132    116     91     66     41     28     22     15     13      7 
046      0      4      3      5      9     20     32     49     77    105    134    161    174    170    158    134    102     76     56     29     16      8      7      5 
047      0      4      5     10     16     25     41     68    100    142    165    189    193    190    179    141    106     88     67     50     36     26     14      7 
048      0      3      6     12     23     42     64     86    120    150    190    218    244    261    236    202    153    120     94     67     44     29     18     12 
049      0      4      3      6     13     33     51     83    120    163    205    240    256    257    232    203    159    123     91     60     40     31     25     19 
050      0      2      0      5      7     13     21     27     42     57     75     92    101    100     90     78     68     55     33     26     17     11      6      4 
051      0      3      6     13     23     42     65    105    153    220    272    304    325    323    299    258    212    175    115     83     59     40     26     17 
052      0      3      3      6     15     25     45     73    112    143    172    197    204    215    187    161    126     94     68     38     23     12      9      6 
053      0      4      4     12     19     32     47     69     99    146    180    210    215    211    200    174    138    108     87     59     42     28     19      9 
054      0      3      3     12     24     42     67    107    152    214    257    291    311    319    302    248    203    147    106     75     49     31     21     17 
055      0      2      2      5     15     25     51     87    121    154    183    209    217    209    189    172    133    104     81     53     35     26     20      8 
056      0      3      3      8     20     38     68    111    165    234    290    342    360    360    318    282    235    180    134    102     67     48     32     17 
057      0      4      4      9     18     31     47     76    109    144    168    194    207    199    175    151    123     90     62     43     30     18     11      9 
058      0      4      5      9     18     36     67    116    170    223    294    341    368    378    341    300    234    181    128     82     54     33     22     14 
059      0      4      4      8     18     25     38     62     97    142    175    198    195    181    161    132    109     82     62     44     38     22     15     10 
060      0      2      4      8     18     33     51     70     96    129    163    192    209    205    191    165    130    104     74     51     35     25     12     11 
061      0      4      5     10     18     34     63    105    148    199    253    308    316    327    306    252    203    164    122     91     54     40     22     14 
062      0      2      1      2      4      5     12     23     33     39     44     49     58     65     61     56     44     38     29     20     12      6      3      2 
063      0      2      3      7     13     18     26     42     66     88    106    119    132    137    125    108     91     68     50     32     22     14      7      5 
064      0      3      2      7     10     17     32     50     76     97    126    145    159    146    132    108     82     64     41     26     16     12      9      6 
065      0      3      2      4      9     17     35     48     73    112    135    157    185    179    163    135    114     82     60     35     26     17     12      8 
066      0      2      3      9     20     28     47     70     98    126    156    178    193    192    168    149    122    102     79     50     36     20     15     11 
067      0      5      8     15     31     55     80    124    164    218    252    286    313    310    286    236    188    156    115     86     49     33     23     15 
068      0      6      9     18     26     39     56     84    126    166    197    241    246    235    214    187    152    116     92     69     39     24     13     10 
069      0      4      4      8     20     37     62     87    130    170    194    226    232    235    216    183    137    107     79     48     28     15     11      9 
070      0      4      4      7     13     23     36     58     78    105    126    155    171    163    150    134    105     75     59     39     29     23     17      9 
071      0      3      2      5      9     16     30     44     64     81    105    119    130    134    123    111     87     69     52     39     30     19     11      5 
072      0      4      3      4      6     11     16     27     41     54     69     75     74     71     68     56     43     29     20     14      6      5      5      4 
073      0      2      3      5     10     18     28     40     66     86    100    114    117    131    115    105     87     68     46     34     17     12      7      4 
074      0      4      3      5      7     19     33     53     73    110    135    161    175    175    170    142    112     92     68     43     26     17     10      9 
075      0      5      8     16     28     51     77    115    158    209    249    272    301    300    286    246    203    156    123     86     54     32     17     14 
076      0      4      8     16     34     59    109    158    233    294    361    419    436    436    399    348    270    216    167    122     80     51     30     19 
077      0      3      3      5     13     22     33     48     64     92    111    137    143    144    128    112     85     67     56     40     29     21     14      9 
078      0      5      5     10     19     33     63     94    117    142    160    189    207    201    190    161    136     97     66     47     35     15      9      8 
079      0      4      4      7     17     27     40     71    106    155    193    240    266    267    237    203    174    132     95     66     43     24     12      8 
080      0      4      7     13     20     34     60     95    138    194    240    275    290    294    276    237    195    158    114     76     57     43     26     15 
081      0      2      1      5     13     24     41     67    103    130    167    203    210    205    184    159    132    101     76     53     39     25     14      9 
082      0      2      1      3      5      9     12     23     40     50     56     69     76     76     70     62     43     33     25     15     10      8      5      2 
083      0      2      2      4      7     18     29     30     43     55     65     76     83     84     80     68     53     40     33     19     13      7      5      4 
084      0      4      6      9     18     34     52     83    115    164    200    239    258    270    249    210    175    136     93     53     34     24     13      8 
085      0      3      5      7     12     29     54     83    127    166    209    242    258    250    240    207    171    135     99     66     48     32     19     10 
086      0      2      1      3      5     10     15     25     47     69     89     98    102    106    104     90     62     42     28     23     13      6      4      2 
087      0      4      4      8     12     16     26     46     68     99    120    139    143    154    143    119     96     76     59     37     27     17      7      4 
088      0      2      1      2      3      8     13     20     31     46     56     71     74     66     57     45     39     32     21     16     11      7      5      1 
089      0      3      1      4      9     21     33     57     81    111    144    153    164    157    148    128    103     81     61     39     31     22     14      9 
090      0      3      3      5     13     25     46     67    102    143    172    196    210    198    186    160    129     98     63     45     30     17     11      7 
091      0      2      0      2      4     12     20     29     52     76     96    112    118    121    114     83     74     53     42     29     18     10      6      1 
092      0      3      4     12     27     39     67    113    158    211    279    349    360    360    337    287    232    188    149    111     64     43     30     20 
093      0      3      7     15     25     40     62     95    149    206    251    276    296    280    259    218    175    139    106     74     49     29     16     13 
094      0      2      0      0      1      5     11     16     28     35     45     56     61     66     66     61     51     37     28     22     14      8      6      4 
095      0      4      5     13     18     33     70    114    177    244    305    365    379    390    356    317    246    188    139     96     64     37     26     17 
096      0      3      2      3      4      8     17     29     36     50     66     75     82     75     71     65     48     39     30     22     17      9      4      3 
097      0      3      6     13     24     49     79    119    167    232    277    329    345    347    321    277    217    170    121     85     62     42     18     13 
098      0      3      3      6     14     28     52     85    110    147    184    211    224    224    213    181    144    116     81     57     40     25     15     10 
099      0      4      5     11     23     35     60     96    128    175    224    247    266    262    229    194    163    125     95     70     48     25     17      7 
100      0      3      7     12     18     38     66    100    149    201    252    280    272    266    239    196    146    105     75     55     37     25     18      9 
101      0      5      7     12     18     25     40     62     93    128    158    179    203    204    179    155    136    107     78     60     44     30     20     13 
102      0      3      1      3      8     10     15     18     28     44     52     58     62     60     58     52     44     37     24     13      9      8      5      4 
103      0      3      3      4      7     11     18     29     55     70    110    119    134    138    131    109     90     63     41     29     19     12     10      6 
104      0      2      1      2      4     11     23     36     54     69     85    102    110    109     90     79     66     52     35     25     18     10      6      2 
105      0      4      3      6     12     21     36     68     98    132    164    176    195    199    185    164    135     97     69     53     42     27     19     14 
106      0      5      8     17     32     67    115    167    244    328    390    446    473    467    438    395    315    240    175    119     74     52     27     20 
107      0      4      7     11     24     39     57    105    167    247    300    337    350    342    323    285    219    167    104     66     44     32     21     13 
108      0      3      2      6      9     17     25     33     50     75     94    113    119    121    117    102     85     63     54     31     23     17     10      5 
109      0      5      4      9     17     31     51     69    106    149    173    191    205    206    199    160    127     90     64     45     27     17     10     11 
110      0      3      1      3      6      7      8     14     24     32     33     33     39     37     39     36     27     22     14      9      4      3      2      2 
111      0      6      8     14     27     40     66     93    135    186    225    273    297    303    289    249    196    151     98     63     38     23     18      8 
112      0      2      4     10     17     29     55     84    119    156    207    249    268    264    248    218    168    127     97     65     37     21     17     11 
113      0      4      5      6     13     23     38     66     91    123    156    182    186    186    162    143    114     85     57     39     24     12      9      5 
114      0      3      4     10     15     26     49     84    125    162    214    255    279    271    259    226    185    145    105     81     56     42     25     17 
115      0      2      3      4      7     17     30     43     64     87    111    132    136    137    123    114    101     71     59     44     29     16     12      8 
116      0      3      3      7     13     22     36     45     77    104    133    150    148    162    145    125     95     69     55     38     24     14      9      5 
117      0      5      6     11     22     39     67    105    151    191    242    271    286    281    259    231    195    145    111     77     49     32     19     14 
118      0      3      6     13     28     52     89    145    204    283    362    416    445    430    402    336    277    211    151    103     68     46     27     12 
119      0      3      3      5     12     19     33     55     80    105    128    146    155    144    130    108     83     66     49     41     29     18     12      7 
120      0      3      6     11     24     51     75    114    166    225    266    309    331    340    310    263    204    170    117     80     51     37     23     11 
121      0      3      1      3      7      9     15     22     35     43     57     62     66     63     66     54     48     39     29     19     13      9      4      2 
122      0      4      9     15     35     57    100    159    220    288    356    421    466    472    441    388    328    247    194    131     86     51     28     20 
123      0      3      8     14     24     32     50     63     78    109    137    165    172    180    174    155    112     84     55     37     28     18     15      9 
124      0      3      5      8     15     25     40     62     87    110    124    157    173    160    155    134    113     83     61     39     27     16     11      8 
125      0      3      5      7     11     20     26     49     73    101    121    142    148    151    134    117     93     76     53     35     27     19      9      3 
126      0      2      1      2      3      5      7     11     17     21     31     35     34     36     37     34     29     25     19     11      6      1      0      0 
127      0      3      3      7     11     19     30     53     70     94    117    137    156    150    138    120    100     76     60     43     27     18     11      7 
128      0      2      5     13     22     35     51     78    108    143    179    205    223    226    203    180    157    126     87     65     46     27     17      9 
129      0      2      1      3      6      7     12     18     21     36     46     57     65     62     52     46     46     33     24     18     12      8      4      2 
130      0      4      6     17     38     68    119    186    255    351    415    474    514    515    472    401    323    241    180    117     78     52     38     21 
131      0      5      4     11     19     37     58     88    126    176    210    253    252    257    239    218    182    134    104     75     53     33     23     20 
132      0      2      2      6     13     20     35     48     80    102    130    154    156    152    137    120    100     73     48     34     26     12      8      4 
133      0      4      8     13     19     25     43     74    100    133    175    214    226    223    204    170    132     97     71     51     36     26     15      6 
134      0      3      4     10     21     33     62     93    125    169    219    263    275    263    238    201    161    126     94     66     42     29     21     13 
135      0      6      6     13     23     46     75    113    175    227    296    347    365    368    335    294    231    176    127     83     48     30     19     11 
136      0      2      2      6     12     20     28     48     73    105    133    158    166    170    161    143    113     89     67     46     26     18     12      8 
137      0      3      3      4     11     20     32     46     61     79     96    108    114    119    112     97     72     56     38     28     20     13      8      6 
138      0      4      4     11     22     40     68    115    168    221    289    316    347    347    328    282    237    190    133     97     64     38     20     10 
139      0      3      2      6     14     28     53     89    125    157    198    223    236    224    205    182    148    112     79     56     40     20     12      7 
140      0      8     11     18     36     65    114    185    275    360    442    512    554    535    485    417    327    260    192    135     86     59     36     24 
141      0      8     15     32     60    107    181    297    433    562    688    801    844    812    738    644    529    410    297    210    148     89     58     34 
142      0      3      2      5      9     14     23     32     42     61     70     81     87     91     86     72     63     48     33     22     11      9      6      3 
143      0      5      7     14     27     42     73    100    147    181    222    256    268    259    239    212    172    125     91     57     36     25     16      6 
144      0      3      2      5     11     18     29     48     66     90    110    125    134    122    119     96     76     66     52     42     29     18     10      6 
145      0      3      5     13     24     41     66    112    151    212    258    327    358    362    336    308    259    195    139     96     65     43     30     22 
146      0      5      6     12     20     32     55     88    118    164    210    239    260    266    247    210    160    121     90     69     47     28     19     17 
147      0      7     11     16     33     47     79    122    175    236    310    351    368    364    337    296    240    184    135     93     62     39     26     13 
148      0      2      2      5      8     13     19     35     55     67     89    112    120    122    120    106     87     61     46     32     21     16      9      6 
149      0      6      9     19     31     46     85    126    180    238    273    301    321    326    308    268    215    156    121     88     61     41     30     19 
150      0      4      4      8     13     23     38     52     76    106    147    165    172    165    148    115     95     73     50     35     25     15     10      8 
151      0      3      1      2      5     12     21     37     62     89    106    125    129    128    114     99     79     62     52     38     30     18      8      4 
152      0      2      0      3      8     16     32     39     55     74     97    105    119    116    109     92     79     63     47     28     21     11      7      5 
153      0      2      1      3      6     13     20     28     36     48     63     76     89     84     75     64     51     38     30     21     15     11      8      4 
154      0      6      9     18     32     58    103    158    238    317    396    464    480    496    470    409    340    265    187    136     98     58     41     28 
155      0      3      7     15     27     50     89    149    208    290    356    409    445    427    391    339    272    230    163     98     62     36     20     14 
156      0      3      4      9     17     23     43     65     97    126    169    196    207    198    177    152    114     83     60     42     29     23     18     13 
157      0      3      4     10     18     36     58     91    119    169    211    241    246    247    229    198    165    134     93     60     40     23     14      8 
158      0      5      7     10     19     32     57     95    139    185    227    262    280    263    241    201    160    112     88     62     39     25     17     13 
159      0      6     16     33     66    103    163    250    344    455    575    681    723    727    677    586    447    355    258    160    105     66     36     25 
160      0      4      7     12     21     45     71    110    157    211    269    312    320    309    286    241    204    161    118     75     49     34     21     12 
161      0      6     13     24     37     60     98    152    218    299    404    468    510    497    451    391    324    236    182    127     90     65     38     27 
162      0      4      5     11     19     33     51     92    132    181    217    270    283    269    261    242    200    148    110     79     59     41     34     21 
163      0      5      4      8     19     26     43     63    100    147    195    222    244    235    217    204    175    132    101     71     46     33     16     12 
164      0      2      4      7     12     20     30     44     61     82    112    128    139    138    125    107     92     80     52     37     29     21     16     11 
165      0      3      4      7     16     34     60     94    136    175    210    233    248    243    233    209    179    137     99     68     41     20     14      8 
166      0      3      6     16     21     31     52     77    115    164    212    235    254    255    232    190    158    113     72     54     35     18     10      6 
167      0      4      3      9     17     37     54     89    132    175    223    249    277    263    240    214    164    120     89     61     41     29     21     12 
168      0      2      1      5      9     16     20     26     36     40     52     52     55     62     59     54     40     34     26     17      8      5      4      3 
169      0      3      2      5      8     13     23     34     56     71     88     94    102     98     91     76     61     45     37     29     23     11      5      4 
170      0      3      4      7     17     24     40     64     91    125    155    180    193    192    171    148    121     92     73     51     33     18     12      8 
171      0      4      3      9     15     24     35     54     75    102    129    147    148    141    128    121     94     68     47     32     18     12      5      4 
172      0      5      7     12     25     41     73    116    171    215    253    287    310    291    259    222    171    142    109     74     48     35     26     19 
173      0      6      7     17     40     85    143    221    293    388    482    548    584    554    512    452    358    288    205    147    111     76     48     28 
174      0      3      2      7     16     26     46     73     99    137    174    192    206    198    174    154    126     93     65     39     23     17     12      8 
175      0      2      1      2      5      7     14     19     31     37     47     54     59     61     52     44     35     24     15      9      8      5      3      2 
176      0      2      1      3      9     17     30     44     68     91    114    120    117    121    113     92     76     66     52     34     23     21     14      6 
177      0      4      3      8     11     17     32     47     73    107    134    160    180    188    172    164    134    101     82     61     37     23     17     10 
178      0      5      7      9     20     28     46     65     97    137    172    194    214    213    194    169    141    114     88     72     42     24     17     12 
179      0      5      5     14     28     53     80    122    177    233    285    330    358    343    324    280    221    169    120     78     43     25     17      9 
180      0      2      2      5      9     12     21     37     51     75     95    107    108    118    106     88     68     51     45     31     20     13      6      6 
181      0      5      7      9     14     24     38     53     76     91    111    120    130    127    119    109     80     62     41     34     25     16      7      5 
182      0      5      8     15     28     46     76    113    182    268    334    379    401    391    380    328    264    191    143    113     74     41     23     14 
183      0      4      4      8     17     28     46     76    114    150    195    234    239    241    232    205    170    111     75     54     38     21     13     11 
184      0      3      4      7     13     17     42     71    112    154    193    215    220    215    197    170    134    107     84     57     42     33     20     13 
185      0      3      6     11     20     26     44     72     97    133    168    194    195    181    163    133    105     92     65     41     26     19     13      9 
186      0      4      6     10     20     35     53     78    113    149    182    220    244    252    241    216    181    139    101     75     54     34     26     18 
187      0      2      2      3     10     18     25     39     55     74     87     99     98     99     93     84     66     47     26     17     11      6      5      4 
188      0      4      5     12     24     38     61     81    111    149    185    205    217    217    209    198    163    131     98     65     47     33     22     14 
189      0      3      2      4      7     14     27     47     71     90    114    128    143    144    135    119     98     81     63     45     30     20     12      7 
190      0      4      4      9     13     25     48     77    107    151    187    224    243    250    237    207    181    143    105     72     51     33     23      9 
191      0      6     10     15     24     38     66    102    165    237    298    351    370    368    316    264    205    151    108     82     52     35     25     18 
192      0      4      6     14     20     34     54     80    113    157    185    223    244    242    227    195    163    128     95     60     42     29     17     10 
193      0      3      2      3      6     13     26     39     63     91    110    125    127    136    116    113     88     62     40     22     13     12     11      8 
194      0      2      2      3     11     19     31     45     60     84    112    127    142    146    144    131    107     75     54     36     27     13      7      3 
195      0      3      3      6     12     21     35     51     78    101    123    153    166    155    148    131    101     77     54     41     29     18     12      8 
196      0      5      5     13     21     32     53     88    132    173    219    265    281    283    248    219    183    139     92     63     40     26     19     11 
197      0      4      9     16     29     49     78    121    164    213    289    341    363    370    357    303    241    188    146     96     62     39     30     19 
198      0      2      1      4     10     16     26     43     59     77     91    109    121    111    106     95     74     63     48     33     25     13      7      3 
199      0      5      8     13     18     30     44     69    110    156    192    230    251    229    204    171    145    115     87     60     39     23      9      7 
