000      0      0      2      2      2      2      2      3      5      5      6     10     11     16     19     22     23     28     33     34     34     34     33     30 
001      0      0      2      2      2      2      2      2      4      7     10     14     15     19     23     27     34     35     36     37     35     35     34     29 
002      0      0      1      1      1      1      2      2      3      5      6      9     12     19     24     30     35     43     46     48     49     51     51     46 
003      0      0      2      2      2      2      3      3      3      7     10     14     19     29     38     53     71     80     96     99    102    105    101    100 
004      0      0      2      2      2      2      2      3      5     10     12     18     26     33     46     54     62     71     76     85     83     82     82     75 
005      0      0      2      2      2      2      2      2      2      2      3      3      3      4     10     15     19     23     25     27     29     30     29     28 
006      0      0      2      2      2      2      2      2      2      2      5      6     12     19     27     35     42     46     51     55     58     61     62     55 
007      0      0      2      2      2      2      2      2      3      3      4      3      4      4      5      7     11     17     19     18     19     20     21     21 
008      0      0      2      2      3      3      3      3      3      4      4      7     11     17     23     28     32     34     38     40     45     49     49     43 
009      0      0      2      2      2      2      2      2      3      4      6      9     15     16     21     23     27     31     33     30     34     36     33     29 
010      0      0      2      2      2      2      2      2      3      5      6     13     16     25     31     38     45     56     64     67     67     68     65     65 
011      0      0      2      2      2      2      2      2      2      4      7      8     15     17     18     21     28     34     40     42     43     43     36     34 
012      0      0      2      2      2      2      3      3      4      4      9     13     17     24     36     48     56     63     68     73     76     78     82     83 
013      0      0      2      2      2      2      2      2      3      4      8     11     15     25     30     36     46     53     61     70     74     74     71     67 
014      0      0      2      2      2      2      2      3      7      8     13     16     26     34     47     71     90    107    117    128    135    135    131    132 
015      0      0      2      2      2      2      2      2      2      3      3      6      7     10     10     11     13     14     14     16     19     20     20     16 
016      0      0      2      2      2      2      2      3      5      7      8     16     21     36     48     56     70     74     84     92     96     98     93     82 
017      0      0      2      2      2      2      2      2      3      4      4      6      7      9     15     19     20     22     24     26     28     30     27     24 
018      0      0      2      2      2      3      3      5      8     10     14     16     18     22     30     35     41     48     60     65     67     70     69     68 
019      0      0      2      2      2      3      3      3      3      4      4      6     12     17     21     32     34     40     46     56     60     61     56     56 
020      0      0      2      2      2      2      2      3      4      6      9     12     20     25     32     37     50     55     58     62     67     65     58     54 
021      0      0      2      2      2      2      4      4      6      9     17     21     29     43     56     73     91    107    120    126    134    135    133    126 
022      0      0      2      2      2      3      3      4      7      9     11     12     15     18     29     37     45     51     58     66     68     67     62     64 
023      0      0      2      2      2      2      3      3      4      6      9     11     15     22     30     41     49     63     70     76     77     76     71     71 
024      0      0      2      2      2      2      2      2      5      6      6     15     22     28     34     46     54     62     71     78     78     76     76     70 
025      0      0      2      2      2      2      3      3      3      4      7     11     15     21     25     26     30     31     39     46     48     51     47     42 
026      0      0      2      2      2      2      4      4      5      7     10     13     19     28     32     43     48     55     65     68     75     75     68     67 
027      0      0      2      2      2      3      4      4      4      4      6      6      5     13     18     23     28     30     32     35     37     38     37     37 
028      0      0      2      2      2      2      2      2      2      2      2      3      4      5     11     14     16     23     26     29     31     31     33     31 
029      0      0      2      3      3      3      3      3      4      5      8      7     12     18     22     27     30     35     43     46     45     46     45     41 
030      0      0      2      2      3      3      3      5      6     10     12     16     19     26     37     44     50     57     73     77     81     82     79     74 
031      0      0      2      2      2      2      2      3      4      7     12     19     29     47     66     86    108    128    147    151    156    154    150    147 
032      0      0      2      2      2      2      2      3      3      4      8     10     13     22     32     34     40     46     54     56     60     63     62     61 
033      0      0      2      2      2      2      2      2      3      5      8     13     17     28     34     51     65     70     73     78     79     74     71     69 
034      0      0      2      2      2      2      2      2      3      6      8     11     13     21     23     31     37     41     46     47     48     48     43     42 
035      0      0      2      2      2      2      2      2      2      2      2      2      1      4      6      8      9     13     15     15     15     15     14     14 
036      0      0      2      2      2      2      2      2      2      2      4      3      4      4      3      4      6      7      7      7      6      6      6      6 
037      0      0      2      2      2      2      2      2      2      3      4      5      7     10     12     16     24     32     34     36     35     33     34     32 
038      0      0      2      2      3      3      3      4      6      8     10     12     16     21     25     37     40     45     55     58     63     60     57     55 
039      0      0      2      2      2      2      2      2      3      4      6      6      7     11     17     23     26     26     28     31     33     36     36     36 
040      0      0      2      2      2      2      2      2      2      2      2      2      6      8     15     19     21     23     27     32     33     33     33     33 
041      0      0      2      2      2      2      2      3      4      4      5      8      9     13     19     22     29     35     41     45     51     55     52     52 
042      0      0      2      2      2      2      2      2      2      2      3      3      2      9     13     16     20     27     33     36     39     39     40     37 
043      0      0      1      1      1      1      1      1      2      3      3      3      3      4      8     13     16     17     19     22     23     22     22     23 
044      0      0      2      2      2      2      2      2      2      2      2      4      7      9     10     10     12     14     15     17     18     19     16     14 
045      0      0      2      2      2      2      2      2      3      6      8     12     15     20     27     29     40     44     44     48     47     47     43     42 
046      0      0      2      2      3      3      3      4      5      7     13     19     28     35     45     59     71     81     91     95     98     98     98     92 
047      0      0      2      2      2      2      2      2      3      5      5      6      8     14     19     20     23     28     32     34     33     30     30     29 
048      0      0      2      2      2      2      2      2      2      4      8     13     21     32     39     60     74     82     95    104    110    113    106    100 
049      0      0      2      2      2      2      2      3      5      7      9     12     14     21     27     42     50     55     56     59     63     63     64     61 
050      0      0      2      2      2      2      3      3      3      7      8     10     19     27     36     45     51     64     80     87     93     90     85     83 
051      0      0      2      2      2      2      3      3      4      5      7      9     10     14     18     24     32     40     44     45     48     49     48     47 
052      0      0      2      2      2      2      2      4      6     10     12     16     20     21     26     39     48     55     59     62     62     63     59     58 
053      0      0      2      2      2      2      4      5      6     10     15     22     31     43     58     71     83     88    101    111    112    113    107    103 
054      0      0      2      2      2      3      3      5      5      6      7     10     15     23     25     37     45     49     56     58     60     54     55     52 
055      0      0      2      2      2      2      2      3      6      9      9     16     33     41     59     72     90    101    114    123    131    140    136    122 
056      0      0      2      2      2      3      3      3      3      3      3      4      3      5      8     13     14     16     22     22     22     22     23     21 
057      0      0      2      2      2      3      4      8     13     16     18     26     34     47     62     81    101    109    124    135    138    142    140    137 
058      0      0      2      2      2      2      2      2      2      3      3      3      4      7      9     11     14     19     25     27     27     28     28     27 
059      0      0      2      2      2      2      2      2      3      4     10     13     18     22     35     48     56     65     68     76     80     80     74     68 
060      0      0      2      2      2      2      2      2      3      3      7      9     13     15     22     30     35     44     45     48     53     49     47     41 
061      0      0      2      2      2      2      2      3      4     10     11     15     20     28     39     45     51     62     68     74     76     79     77     75 
062      0      0      2      2      2      2      2      2      3      5      8     10     15     18     22     26     32     35     35     40     44     46     41     37 
063      0      0      2      2      2      2      2      2      2      3      3      4      5      9     14     21     23     25     26     29     30     29     28     27 
064      0      0      2      2      2      2      2      2      2      3      5     10     15     23     32     42     51     62     76     80     83     84     81     78 
065      0      0      2      2      3      3      3      3      3      4      6     16     22     26     35     39     50     65     71     77     77     73     70     66 
066      0      0      2      2      2      2      2      2      2      3      5     10     11     12     16     17     22     27     28     29     30     27     27     21 
067      0      0      2      2      2      2      2      3      3      3      3      2      5      5      7      6      7      8      9     10     11      9      9      8 
068      0      0      2      2      2      2      2      2      2      2      4     12     18     26     34     39     45     52     59     64     73     73     72     67 
069      0      0      2      2      2      2      2      2      2      4      5      8     15     19     26     31     34     42     46     48     47     49     45     40 
070      0      0      2      2      2      2      4      4      7      7      8      9     12     13     15     24     34     40     45     47     45     47     47     45 
071      0      0      2      2      2      2      2      2      2      3      5      6      7      9     15     18     19     24     31     33     37     37     36     36 
072      0      0      2      2      2      2      2      2      3      5      7      9     13     16     24     30     32     36     44     46     47     45     41     35 
073      0      0      2      2      2      2      3      3      3      4      7     12     15     17     29     40     49     63     70     71     75     78     75     70 
074      0      0      2      3      3      3      3      3      4      5      9     13     12     17     20     25     29     31     33     37     34     32     30     29 
075      0      0      1      1      1      2      2      2      3      4      4      5      5     10     13     18     23     26     30     33     35     35     32     31 
076      0      0      2      2      2      3      3      3      3      4      9     14     24     34     48     55     66     76     81     86     90     83     82     74 
077      0      0      2      2      2      2      2      2      2      2      2      2      5      8     10     13     19     22     23     24     27     27     25     25 
078      0      0      2      2      2      2      2      3      4      9     16     21     30     37     55     69     86    121    132    142    144    143    145    132 
079      0      0      2      2      2      2      2      2      4     10     13     17     26     37     46     65     78     87    105    114    117    124    121    109 
080      0      0      2      2      2      2      2      2      2      2      5      7     10     19     24     33     42     50     56     59     63     64     64     62 
081      0      0      2      2      2      2      3      4      5      7     10     15     18     26     30     38     50     50     58     62     64     65     63     54 
082      0      0      2      2      2      2      2      6      7      9     14     16     19     27     35     40     48     55     60     61     61     61     57     55 
083      0      0      2      2      2      2      2      5      9     13     18     33     43     63     82     88    118    142    167    180    187    187    192    179 
084      0      0      2      2      2      2      2      5      6      8     11     13     18     24     33     42     46     60     64     68     67     69     66     63 
085      0      0      2      2      2      2      2      2      3      5      8     11     14     16     26     33     42     45     46     48     52     52     54     49 
086      0      0      2      2      2      2      2      3      7      8     13     17     26     29     42     53     64     73     80     83     84     83     76     73 
087      0      0      2      2      2      2      2      2      3      7      8     14     18     26     37     48     60     74     81     94     95     97     96     93 
088      0      0      2      2      2      4      4      4      4      5      6      8     12     20     23     40     46     52     58     59     65     63     64     65 
089      0      0      2      2      2      2      3      3      4      4      7     14     21     24     33     46     66     80     89     97     99    100     96     95 
090      0      0      2      2      2      2      2      2      3      3      7     10     15     23     25     36     44     53     61     62     65     68     66     62 
091      0      0      2      2      2      2      2      2      4      5      9     14     18     23     31     44     57     65     68     75     80     83     82     80 
092      0      0      2      2      2      2      2      2      4      5      8     11     17     21     30     43     56     67     73     83     89     88     86     82 
093      0      0      2      2      2      2      2      2      4      4      4      4      7      8     11     17     20     26     31     33     34     34     37     34 
094      0      0      2      2      2      2      2      3      4      5      6     10     15     25     33     40     53     61     67     69     74     76     73     66 
095      0      0      2      2      2      2      2      4      4      6      8      7     13     20     21     27     29     35     41     45     46     46     42     42 
096      0      0      2      2      2      2      4      4      5      5      5      7     15     26     32     39     52     58     64     68     70     67     69     63 
097      0      0      2      2      2      2      2      2      5      6     10     14     18     24     30     39     47     60     69     73     76     74     71     66 
098      0      0      2      2      2      2      2      2      3      5      6     10     15     20     22     26     32     37     40     46     49     54     48     45 
099      0      0      2      2      2      2      2      3      7     14     20     26     39     57     70     84    101    121    138    147    147    150    142    128 
100      0      0      2      2      2      2      2      4      4      4      7      9     19     26     37     39     51     59     64     76     77     76     74     68 
101      0      0      2      2      2      2      2      2      2      2      2      5      6      9     12     12     15     20     20     20     19     19     19     19 
102      0      0      2      2      2      2      2      2      3      3      4      5      6      7      8     10     13     16     18     21     22     20     19     19 
103      0      0      2      2      2      3      3      4      5      6      9     12     19     30     42     57     70     79     88     96     97     99     97     91 
104      0      0      2      2      2      2      3      5      5      5      6      8     10     13     17     18     19     21     25     26     29     29     29     27 
105      0      0      2      2      2      2      2      2      4      4      6      8     16     24     29     36     46     56     66     72     74     76     75     70 
106      0      0      2      2      2      2      2      2      3      8     13     17     26     40     53     60     72     86     99    104    105    102     94     91 
107      0      0      2      2      2      2      3      3      4      7     15     25     37     44     62     78     90    100    105    110    114    110    107     96 
108      0      0      2      2      2      2      3      3      4      4      8     11     12     19     30     37     43     46     54     57     58     57     57     51 
109      0      0      2      2      2      2      2      2      2      2      3      4      5      7      7      9     12     12     16     17     20     20     20     19 
110      0      0      2      2      2      2      2      2      2      2      3      3      1      1      2      2      3      7      7      6      8      9     10     10 
111      0      0      2      2      2      2      2      2      2      2      3      7     10     16     20     21     24     30     34     36     37     39     36     31 
112      0      0      2      2      2      2      2      3      6      8     14     21     37     51     65     76     91    109    118    124    130    126    123    120 
113      0      0      2      2      2      2      2      2      2      3      4      6      9     15     23     30     40     44     48     52     53     55     55     49 
114      0      0      2      2      2      2      2      2      2      3      4      4      7      8      9      9     13     19     19     23     25     23     24     23 
115      0      0      2      2      3      3      3      3      3      3      5      5      5      9     12     16     23     23     26     31     31     31     33     30 
116      0      0      2      2      3      3      3      5      6      7     11     13     17     19     29     40     41     50     58     67     70     70     67     68 
117      0      0      2      2      2      2      2      2      2      2      3      4      7     10     12     12     14     18     21     23     26     25     26     25 
118      0      0      2      2      2      2      2      3      3      5      9     11     20     25     32     38     42     46     53     57     58     57     52     48 
119      0      0      2      2      2      2      2      3      4      4      6     10     15     20     28     38     48     56     62     63     65     67     62     61 
120      0      0      2      2      2      2      2      3      6      7     11     17     27     36     44     63     74     78     94     98    102    101    101     95 
121      0      0      2      2      2      2      3      3      5      5      6      5     11     11     14     20     23     25     27     30     29     30     29     25 
122      0      0      2      2      2      2      2      2      2      2      3      4      5      6     13     16     19     21     24     29     31     31     30     26 
123      0      0      2      2      2      2      2      2      2      2      2      6      5      8     11     15     17     20     24     25     27     24     23     23 
124      0      0      2      2      2      2      3      4      4      4     12     15     20     27     34     46     54     58     63     66     72     72     70     66 
125      0      0      2      2      2      2      2      3      4      5      8      9     12     14     14     15     18     20     20     19     19     18     16     14 
126      0      0      2      2      2      2      2      3      5      5      8      9      9     11     13     14     20     23     26     27     30     29     29     30 
127      0      0      2      2      2      2      2      3      3      4      4      4      3      6     13     16     20     25     25     26     27     27     28     26 
128      0      0      2      2      2      2      2      2      2      2      3      3      2      3      5      9     11     16     17     21     21     21     22     21 
129      0      0      2      2      2      2      2      2      3      5      6     10     14     21     28     35     39     43     54     58     59     56     54     48 
130      0      0      2      2      2      2      4      5      7     10     20     31     46     61     88    109    126    142    167    183    180    181    171    158 
131      0      0      2      2      2      2      2      3      4      7      8      9     12     13     14     14     15     17     15     16     17     16     15     11 
132      0      0      2      2      2      2      2      3      3      3      5      6      9     13     16     22     31     39     47     51     55     54     52     50 
133      0      0      2      2      2      2      2      2      2      2      2      4      5      6      9     12     16     20     21     25     29     31     32     32 
134      0      0      2      2      2      2      2      3      3      5      8      8     19     30     38     52     66     77     83     85     92     89     91     84 
135      0      0      2      2      2      3      4      4      6      8     12     16     20     33     40     45     54     59     65     72     74     73     72     67 
136      0      0      2      2      3      3      3      3      4      5      6     10     12     18     28     36     41     46     49     58     60     63     59     54 
137      0      0      2      2      2      2      2      2      3      4      4      6     10     18     22     34     45     54     62     68     76     78     71     68 
138      0      0      2      2      2      2      3      3      4      4      8     11     20     24     28     39     44     49     55     55     57     59     57     54 
139      0      0      2      2      2      2      2      5      5      5      6     10     15     22     34     39     48     56     59     67     72     73     75     67 
140      0      0      2      2      2      2      2      2      4      8     15     23     32     47     52     59     72     80     87     90     88     86     81     70 
141      0      0      2      2      2      2      2      2      2      4      5      6      8     14     19     26     33     38     44     48     47     47     46     42 
142      0      0      2      2      2      2      3      4      6      8     12     14     16     23     25     32     43     48     53     53     57     56     53     52 
143      0      0      2      2      2      2      2      3      3      5      6      9     10     12     18     27     31     42     47     49     54     56     53     53 
144      0      0      2      2      2      2      3      4      6      7      9     13     18     23     34     41     51     62     70     77     79     79     82     79 
145      0      0      2      2      2      2      2      2      2      3      4      6      6      9     13     19     20     21     26     28     31     31     32     29 
146      0      0      2      2      2      3      3      4      8     11     15     15     24     31     43     58     72     90     99    104    108    104    107    102 
147      0      0      2      2      2      2      2      2      2      2      2      2      2      2      2      3      4      5      5      5      6      6      5      5 
148      0      0      2      2      2      2      2      2      3      3      3      6     11     15     18     23     25     28     33     35     38     39     40     38 
149      0      0      2      2      2      3      4      4      5      6      8      7     10     17     24     30     35     38     51     52     57     57     54     56 
150      0      0      2      2      2      2      2      2      3      3      6      8     11     13     16     20     27     30     38     39     39     37     34     34 
151      0      0      2      2      2      2      2      2      2      2      3      3      4      6     11     11     11     12     12     12     12     12     10      8 
152      0      0      2      2      2      2      2      3      3      3      3      2      4      7      9     10     11     11     13     14     14     17     17     15 
153      0      0      2      2      3      3      4      6      7     10     12     23     44     66     85    114    143    155    172    185    195    189    179    157 
154      0      0      2      2      2      2      2      3      3      4      5      6      8     10     15     22     29     33     38     40     44     42     41     39 
155      0      0      2      2      2      2      2      3      3      3      3      2      4      6     10     12     17     21     23     23     23     23     23     22 
156      0      0      2      2      2      2      3      4      4      6      9     12     11     15     25     30     34     37     39     42     43     40     42     36 
157      0      0      2      2      2      2      2      3      6     13     20     26     39     51     68     84     92    102    114    120    121    117    118    105 
158      0      0      2      2      2      3      3      4      6      7      9     13     14     14     21     25     30     31     35     38     37     37     35     35 
159      0      0      2      2      2      2      3      3      3      4      8     12     16     20     26     30     35     42     49     52     55     56     54     53 
160      0      0      2      2      2      2      2      2      2      4      7      8      9     14     21     26     29     36     44     45     44     45     45     41 
161      0      0      2      2      2      2      2      3      5      5     10     13     14     24     32     37     46     54     61     61     63     62     59     52 
162      0      0      2      2      2      2      3      4      4      4      7     13     21     26     36     43     53     61     65     70     71     72     71     65 
163      0      0      2      2      3      4      4      5      6      7     12     23     29     33     43     55     67     75     85     87     91     91     90     84 
164      0      0      2      2      2      2      2      2      2      3      3      3      6      7     13     15     18     21     23     24     26     28     28     26 
165      0      0      2      2      2      2      2      2      3      5     11     20     26     36     47     60     76     86     94    101    108    105    102     97 
166      0      0      2      2      2      2      2      5     10     13     16     20     29     40     55     63     79     96    110    112    112    110    109    102 
167      0      0      2      2      2      2      2      3      4      6      9     11     12     20     26     28     35     37     39     47     48     50     48     47 
168      0      0      2      2      2      2      2      2      2      3      4      6      6      9     13     18     24     26     34     34     36     38     37     36 
169      0      0      2      2      2      2      3      3      5     10     13     17     30     38     52     65     73     80     84     93     98     92     90     84 
170      0      0      1      1      1      1      1      1      2      2      4      5      7     12     17     29     33     37     38     41     41     39     36     35 
171      0      0      1      1      2      3      4      5     11     15     21     30     41     62     80     99    131    151    164    172    178    180    179    173 
172      0      0      2      2      2      2      2      3      4      7     11     16     21     30     37     50     65     75     86     87     89     89     93     93 
173      0      0      2      2      2      2      2      3      4      4      5      7     10     13     17     22     26     32     38     43     45     44     46     44 
174      0      0      2      2      2      2      2      2      4      5      7      9     10     15     19     23     28     33     38     39     39     40     42     41 
175      0      0      2      2      2      2      3      3      4      4      6      8      8      9     12     16     19     18     19     25     25     24     24     23 
176      0      0      2      2      2      2      2      2      2      3      5      6     11     16     21     25     32     34     36     37     37     35     32     29 
177      0      0      2      2      2      2      2      3      3      4      4      6     13     14     15     14     18     23     27     26     29     29     28     27 
178      0      0      1      1      1      1      1      2      2      2      2      2      1      3      4      8     11     12     12     14     13     15     16     16 
179      0      0      2      2      2      2      3      3      5     10     14     17     23     28     38     50     62     74     84     91     97     95     92     90 
180      0      0      2      2      2      2      3      3      3      3      3      5      7     11     16     23     25     28     30     31     31     31     29     26 
181      0      0      2      2      2      2      2      2      2      4      5      8      9     12     16     19     22     25     25     25     24     25     24     22 
182      0      0      2      2      2      2      3      3      2      4      5      6      9     10     14     19     25     31     33     33     33     32     30     27 
183      0      0      2      2      2      2      2      4      5      6     13     16     24     31     43     58     66     79     91     94     95     91     91     88 
184      0      0      2      2      2      2      2      2      3      7      9     14     16     21     28     42     55     63     68     72     76     77     72     68 
185      0      0      2      2      2      2      3      3      3      3      7      8     12     15     18     28     29     32     39     45     44     45     43     41 
186      0      0      2      2      2      2      2      3      4      5      8     14     17     24     30     41     53     60     66     68     69     67     69     64 
187      0      0      2      2      2      3      3      4      5      6     11     16     25     38     48     54     56     69     79     82     85     80     77     65 
188      0      0      2      2      2      2      2      3      3      6      7     22     28     41     53     66     85     91    103    112    114    109    109     96 
189      0      0      2      2      2      2      2      3      3      4      6      6      7      8     12     16     20     25     27     32     31     30     30     29 
190      0      0      2      2      2      2      2      2      2      2      3      4      6      8     18     29     36     41     46     50     55     55     53     50 
191      0      0      2      2      2      2      2      2      2      2      3      7      9     11     12     17     19     25     27     31     33     31     31     29 
192      0      0      2      2      2      2      3      3      3      5     10     12     14     15     19     19     21     22     23     25     23     23     19     20 
193      0      0      2      2      2      2      2      2      2      3      4      8     14     16     24     24     27     29     31     38     45     43     42     39 
194      0      0      2      2      2      2      2      2      5      9     11     17     26     34     44     64     83    102    116    123    126    126    123    123 
195      0      0      2      2      2      3      3      5      5      9     11     12     19     26     28     31     42     48     51     52     54     57     57     52 
196      0      0      2      2      2      2      2      3      3      4      7      8     14     20     25     30     43     46     55     56     57     57     61     55 
197      0      0      2      2      2      2      2      2      2      2      4      6      9     13     20     22     27     33     35     39     43     43     43     35 
198      0      0      2      2      2      2      4      4      5      8     10     18     21     23     31     40     46     52     66     72     71     71     69     67 
199      0      0      2      2      2      2      2      2      4      4      6      6      7     10     11     12     13     15     15     14     14     15     13     12 
