000      0      0      0      0      0      0      0      0      0      0      0      0      1      1      2      4      9     19     23     37     52     71     89    107 
001      0      0      0      0      0      0      0      0      0      0      0      1      1      1      1      3      5     10     17     31     52     66     82    106 
002      0      0      0      0      0      0      0      0      0      0      1      4      5      5      8     13     24     33     43     66     89    112    139    160 
003      0      0      0      0      0      0      0      0      0      0      2      2      4      9     15     24     36     58     98    140    185    244    316    380 
004      0      0      0      0      0      0      0      0      0      0      0      0      2      3      8     16     32     50     70    100    160    204    250    302 
005      0      0      0      0      0      0      0      0      0      0      1      2      4      5      6     13     17     23     30     45     59     75     97    120 
006      0      0      0      0      0      0      0      0      0      0      0      2      3      6      9     16     19     30     42     71     96    131    163    199 
007      0      0      0      0      0      0      0      0      0      0      0      2      3      3      4      4      6     11     14     19     24     31     36     44 
008      0      0      0      0      0      0      0      0      0      0      0      0      2      2      6     10     15     25     38     52     70     90    111    136 
009      0      0      0      0      0      0      0      0      0      0      0      2      2      2      4      6     11     21     30     43     56     70     92    112 
010      0      0      0      0      0      0      0      0      0      0      1      3      4      8     11     15     19     30     57     85    121    159    200    239 
011      0      0      0      0      0      0      0      0      0      0      0      0      0      3      5      9     14     19     25     36     47     74    101    121 
012      0      0      0      0      0      0      0      0      0      0      0      1      3      5     11     16     26     36     57     82    114    172    206    243 
013      0      0      0      0      0      0      0      0      0      0      0      0      2      4      8     18     26     44     61     92    118    157    197    247 
014      0      0      0      0      0      0      0      0      0      0      0      2      5      9     20     26     40     61     91    131    188    253    335    399 
015      0      0      0      0      0      0      0      0      0      0      0      0      1      2      4      4     10     13     20     31     41     48     61     79 
016      0      0      0      0      0      0      0      0      0      0      1      1      2      6      8     16     25     41     66     89    114    156    198    246 
017      0      0      0      0      0      0      0      0      0      0      0      1      1      2      4      7     11     12     18     25     37     50     67     85 
018      0      0      0      0      0      0      0      0      0      0      1      3      5      6     12     19     26     46     66     96    137    163    201    234 
019      0      0      0      0      0      0      0      0      0      0      0      2      3      4      6      9     17     27     38     51     67     85     99    117 
020      0      0      0      0      0      0      0      0      0      0      0      1      3      8     11     18     25     42     52     74    105    130    166    203 
021      0      0      0      0      0      0      0      0      0      0      0      1      2      3     13     28     35     61     95    135    191    271    339    419 
022      0      0      0      0      0      0      0      0      0      0      0      0      1      6      9     15     20     27     39     61     88    122    157    193 
023      0      0      0      0      0      0      0      0      1      1      1      1      1      4      7      9     23     38     53     69     99    130    163    203 
024      0      0      0      0      0      0      0      0      0      0      0      1      2      2      7     14     18     34     53     78    104    139    172    219 
025      0      0      0      0      0      0      0      0      0      0      0      0      1      1      3      6     11     25     36     54     70     85    118    139 
026      0      0      0      0      0      0      0      0      0      0      0      0      0      2      7     15     19     31     44     68    109    149    194    238 
027      0      0      0      0      0      0      0      0      0      0      0      2      4      4      6      9     14     19     26     41     61     75     96    111 
028      0      0      0      0      0      0      0      0      0      0      0      1      4      4      5      6      9     15     21     34     45     61     80     92 
029      0      0      0      0      0      0      0      0      0      0      1      2      3      4      8     16     21     27     34     51     70     95    119    139 
030      0      0      0      0      0      0      0      0      0      1      1      2      7      9     16     21     23     41     67     88    127    151    196    243 
031      0      0      0      0      0      0      0      0      0      0      1      2      3      8     24     37     61     79    110    174    236    314    408    502 
032      0      0      0      0      0      0      0      0      0      0      0      0      1      7     11     15     22     37     55     77    105    137    157    191 
033      0      0      0      0      0      0      0      0      0      0      0      1      4      4      8     12     21     41     65     92    124    169    207    246 
034      0      0      0      0      0      0      0      0      0      0      0      1      1      2      5     11     17     24     38     52     67    100    134    161 
035      0      0      0      0      0      0      0      0      0      0      0      0      2      3      4      6      7      8     15     25     33     41     51     59 
036      0      0      0      0      0      0      0      0      0      0      0      2      2      3      4      5      6      8      8     11     18     24     31     38 
037      0      0      0      0      0      0      0      0      0      0      0      0      1      2      5      7     12     18     28     40     56     79     96    114 
038      0      0      0      0      0      0      0      0      0      0      1      2      3      6     12     12     19     35     48     80    109    148    195    238 
039      0      0      0      0      0      0      0      0      0      0      0      0      0      4      5     10     12     16     21     35     45     60     71     84 
040      0      0      0      0      0      0      0      0      0      0      0      2      3      4      5      7      8     14     19     34     47     62     80    103 
041      0      0      0      0      0      0      0      0      0      0      0      0      3      6      9     14     23     32     44     58     82    105    127    149 
042      0      0      0      0      0      0      0      0      0      0      0      1      2      3      5      6     10     15     21     32     37     59     75     98 
043      0      0      0      0      0      0      0      0      0      0      0      1      1      2      3      8     15     19     22     30     42     56     65     80 
044      0      0      0      0      0      0      0      0      0      0      0      0      0      2      2      5     13     16     21     28     35     47     64     80 
045      0      0      0      0      0      0      0      0      0      0      0      1      1      2      5      8     13     16     24     37     63     88    108    134 
046      0      0      0      0      0      0      0      0      0      0      0      0      3      8     13     22     37     55     86    113    159    213    266    318 
047      0      0      0      0      0      0      0      0      0      0      0      1      1      2      5     11     14     19     23     49     64     84    107    123 
048      0      0      0      0      0      0      0      0      0      0      0      1      1      5     12     23     36     54     79    117    172    226    295    364 
049      0      0      0      0      0      0      0      0      0      0      0      1      1      2      5      8     19     29     45     63     94    126    153    180 
050      0      0      0      0      0      0      0      0      0      0      0      1      4      9     16     24     36     46     69    113    158    207    261    326 
051      0      0      0      0      0      0      0      0      0      0      0      1      2      4      7     14     18     22     34     47     73     90    117    152 
052      0      0      0      0      0      0      0      0      0      0      0      0      0      3      9     14     25     43     64     91    129    158    188    233 
053      0      0      0      0      0      0      0      0      0      0      0      1      3      6     13     19     31     62     81    128    167    211    259    319 
054      0      0      0      0      0      0      0      0      0      0      0      0      0      2      8     12     15     23     34     53     68     97    113    132 
055      0      0      0      0      0      0      0      0      0      0      2      2      5     10     18     27     44     74    115    164    213    285    368    443 
056      0      0      0      0      0      0      0      0      0      0      0      0      1      3      4      6      7     10     17     24     34     48     53     67 
057      0      0      0      0      0      0      0      0      0      1      1      3      6     14     21     37     57     87    127    170    240    311    399    479 
058      0      0      0      0      0      0      0      0      0      0      0      0      0      2      3      4      6      9     21     31     41     53     69     77 
059      0      0      0      0      0      0      0      0      0      0      0      4      6      8     10     15     25     37     53     76    111    153    202    243 
060      0      0      0      0      0      0      0      0      0      0      0      1      2      3      5     12     21     33     41     57     78    101    127    154 
061      0      0      0      0      0      0      0      0      0      0      0      2      5      7      9     18     22     42     65    100    142    179    213    255 
062      0      0      0      0      0      0      0      0      0      0      0      0      0      2      8     11     15     23     37     55     82     97    120    145 
063      0      0      0      0      0      0      0      0      0      0      0      1      1      1      2      5      7     17     21     33     48     59     70     84 
064      0      0      0      0      0      0      0      0      0      0      0      1      3      7     10     17     33     45     71    106    143    180    218    257 
065      0      0      0      0      0      0      0      0      1      1      2      2      7     10     12     14     23     34     54     84    113    142    172    223 
066      0      0      0      0      0      0      0      0      0      0      0      0      0      2      3      5      7      9     19     33     39     61     80     98 
067      0      0      0      0      0      0      0      0      0      0      0      1      1      1      2      4      7      8     12     18     22     27     36     48 
068      0      0      0      0      0      0      0      0      0      0      0      2      5      5      6     11     21     35     56     81     97    129    161    207 
069      0      0      0      0      0      0      0      0      0      0      0      1      1      5      7     10     13     20     22     35     65     88    115    136 
070      0      0      0      0      0      0      0      0      0      0      0      2      3      4      7     12     20     32     47     61     92    114    133    167 
071      0      0      0      0      0      0      0      0      0      0      0      1      2      3      4     12     14     21     29     33     46     53     67     76 
072      0      0      0      0      0      0      0      0      0      0      0      3      5      7      9     11     20     26     39     58     78     94    129    153 
073      0      0      0      0      0      0      0      0      0      0      0      1      1      3      4      9     17     29     44     74     99    136    172    205 
074      0      0      0      0      0      0      0      0      0      0      0      0      1      3      6      7     12     20     30     52     63     84    101    127 
075      0      0      0      0      0      0      0      0      0      0      0      0      0      1      2      5     11     21     30     40     61     76     92    111 
076      0      0      0      0      0      0      0      0      0      0      0      0      2      4      8     14     22     36     59     83    114    151    194    232 
077      0      0      0      0      0      0      0      0      0      0      0      1      2      4      6      8     10     15     22     26     33     43     56     71 
078      0      0      0      0      0      0      0      0      0      0      0      0      1      7      8     15     26     49     85    129    188    255    323    399 
079      0      0      0      0      0      0      0      0      0      0      0      0      2      4     11     18     32     60     94    145    200    260    323    412 
080      0      0      0      0      0      0      0      0      0      0      0      4      4      6     11     19     27     44     66     98    119    158    203    248 
081      0      0      0      0      0      0      0      0      0      0      0      0      1      1      4      8     16     31     43     63     99    130    162    202 
082      0      0      0      0      0      0      0      0      0      0      0      2      5      5     10     13     22     32     42     63     85    109    136    159 
083      0      0      0      0      0      0      0      0      0      0      0      2      4      7     16     30     54     97    146    206    287    366    445    542 
084      0      0      0      0      0      0      0      0      0      0      1      2      3      5     11     14     25     35     48     68     97    136    166    195 
085      0      0      0      0      0      0      0      0      0      0      0      0      0      0      2      8     14     26     36     55     79    111    140    169 
086      0      0      0      0      0      0      0      0      0      0      2      4      6     10     13     16     29     45     72    110    134    189    236    286 
087      0      0      0      0      0      0      0      0      0      0      0      0      1      6     10     19     34     59     96    128    186    242    312    355 
088      0      0      0      0      0      0      0      0      0      0      1      1      2      5      6      8     18     34     49     67     86    113    148    167 
089      0      0      0      0      0      0      0      0      0      0      0      0      3      8     14     20     39     61    100    138    206    258    316    372 
090      0      0      0      0      0      0      0      0      0      0      0      1      1      2     10     10     21     34     46     74     96    118    148    174 
091      0      0      0      0      0      0      0      0      0      0      0      1      3      4     11     17     28     45     64     86    117    150    188    242 
092      0      0      0      0      0      0      0      0      0      0      1      2      2      3      6     12     18     37     58     87    127    183    232    277 
093      0      0      0      0      0      0      0      0      0      0      0      1      1      3      6      8     12     21     35     41     57     69     87    105 
094      0      0      0      0      0      0      0      0      0      0      0      1      4      6      8     16     23     39     61     81     99    138    175    212 
095      0      0      0      0      0      0      0      0      0      0      0      2      2      2      4      5     14     19     35     61     87    114    144    172 
096      0      0      0      0      0      0      0      0      0      0      1      2      3      3      8     10     17     25     40     65     86    112    142    175 
097      0      0      0      0      0      0      0      0      0      0      0      1      4      7     12     19     30     37     60     95    139    188    241    285 
098      0      0      0      0      0      0      0      0      0      0      0      1      3      6     11     14     22     36     46     61     85    118    156    187 
099      0      0      0      0      0      0      0      0      0      0      1      2      4      5     12     24     41     65     96    146    204    260    327    408 
100      0      0      0      0      0      0      0      0      0      0      0      1      3      6     10     15     23     32     52     79    112    138    179    208 
101      0      0      0      0      0      0      0      0      0      0      0      0      0      0      1      4      8     12     21     25     33     37     46     59 
102      0      0      0      0      0      0      0      0      0      0      0      1      2      4      6      7      8      9     12     18     23     33     44     50 
103      0      0      0      0      0      0      0      0      0      0      1      1      2      4     12     14     26     38     57     89    127    167    218    267 
104      0      0      0      0      0      0      0      0      0      0      1      2      2      3      4      6     13     20     27     41     57     65     92    107 
105      0      0      0      0      0      0      0      0      0      0      0      1      2      3      8     14     22     32     54     82    117    158    192    227 
106      0      0      0      0      0      0      0      0      0      1      2      3      5     11     14     27     37     60     86    121    168    229    286    341 
107      0      0      0      0      0      0      0      0      0      0      0      1      3      8     10     21     38     52     83    113    163    221    276    353 
108      0      0      0      0      0      0      0      0      0      0      1      1      4      5      9     15     22     34     47     65     91    119    146    187 
109      0      0      0      0      0      0      0      0      0      0      0      0      0      0      5      8     11     20     28     38     47     65     84     97 
110      0      0      0      0      0      0      0      0      0      0      0      0      2      3      3      3      4      4      7      9     12     18     22     26 
111      0      0      0      0      0      0      0      0      0      0      0      1      1      2      6     10     18     24     31     39     48     59     78     93 
112      0      0      0      0      0      0      0      0      0      0      0      0      2      3     14     22     33     61     94    136    198    256    333    418 
113      0      0      0      0      0      0      0      0      0      0      0      1      3      3      4     12     20     29     37     56     78    107    147    171 
114      0      0      0      0      0      0      0      0      0      0      0      0      1      3      5      5      7     11     16     26     34     48     58     77 
115      0      0      0      0      0      0      0      0      0      0      0      0      2      3      5      7     12     22     32     44     55     71     81    100 
116      0      0      0      0      0      0      0      0      0      0      0      2      4      6     10     15     27     39     53     85    130    169    207    249 
117      0      0      0      0      0      0      0      0      0      0      0      1      2      3      6      9     15     21     25     32     45     62     72     91 
118      0      0      0      0      0      0      0      0      0      0      0      0      2      3      6     12     21     32     45     63     90    115    144    170 
119      0      0      0      0      0      0      0      0      0      0      0      1      2      4      8     13     17     25     42     60     97    121    158    201 
120      0      0      0      0      0      0      0      0      0      0      2      3      4     12     14     24     38     55     92    130    183    246    293    350 
121      0      0      0      0      0      0      0      0      0      0      0      1      2      4      4      4      8     19     31     41     50     61     78     89 
122      0      0      0      0      0      0      0      0      0      0      0      0      1      4      5      7     11     11     17     21     34     45     52     65 
123      0      0      0      0      0      0      0      0      0      0      0      0      1      1      4      6     11     15     18     28     39     50     66     76 
124      0      0      0      0      0      0      0      0      0      0      0      1      2      4      8     16     26     35     63    100    128    165    206    239 
125      0      0      0      0      0      0      0      0      0      0      0      1      2      2      5      7     12     21     28     43     60     75     90    108 
126      0      0      0      0      0      0      0      0      0      0      0      1      2      4      7     10     15     21     27     37     44     63     78     95 
127      0      0      0      0      0      0      0      0      0      0      0      1      3      3      5      6     12     21     28     36     52     61     79     91 
128      0      0      0      0      0      0      0      0      0      0      0      1      2      3      4      5      9     18     25     38     55     72     86     96 
129      0      0      0      0      0      0      0      0      0      0      1      1      1      1      4      8     15     24     41     63     94    127    153    195 
130      0      0      0      0      0      0      0      0      0      0      0      2      4      8     23     39     57     94    141    197    273    343    437    514 
131      0      0      0      0      0      0      0      0      0      0      0      0      0      0      1      3      4      7     14     20     28     40     49     59 
132      0      0      0      0      0      0      0      0      0      0      0      0      1      2      5      7     15     29     45     62     85    112    139    164 
133      0      0      0      0      0      0      0      0      0      0      0      1      1      3      6     10     14     22     28     38     48     66     84     98 
134      0      0      0      0      0      0      0      0      0      0      0      2      2      3      9     21     31     46     67     96    127    179    221    282 
135      0      0      0      0      0      0      0      0      0      0      0      0      4      4     10     16     26     31     56     89    128    167    212    265 
136      0      0      0      0      0      0      0      0      0      0      0      0      3      7     12     14     24     44     61     79    107    132    177    212 
137      0      0      0      0      0      0      0      0      0      0      0      1      3      6     13     21     29     42     55     80    112    144    178    213 
138      0      0      0      0      0      0      0      0      0      0      0      1      2      5      9     14     26     31     48     78    101    130    171    194 
139      0      0      0      0      0      0      0      0      0      0      1      4      4      7      9     18     26     44     75    100    129    178    235    284 
140      0      0      0      0      0      0      0      0      0      0      1      1      2      3      7     16     30     45     67     91    145    191    241    283 
141      0      0      0      0      0      0      0      0      0      0      0      2      2      2      3      3      8     15     32     46     64     86    102    132 
142      0      0      0      0      0      0      0      0      0      0      0      0      0      2      7     10     12     26     37     53     79    114    146    186 
143      0      0      0      0      0      0      0      0      0      0      0      0      2      5      7     13     29     47     67     86    123    171    203    228 
144      0      0      0      0      0      0      0      0      0      1      1      2      2      6     10     17     26     40     80    114    155    203    240    296 
145      0      0      0      0      0      0      0      0      0      1      1      1      2      3      4      9     13     18     23     37     56     71     92    115 
146      0      0      0      0      0      0      0      0      0      0      0      2      2      9     13     18     32     53     87    115    159    217    283    349 
147      0      0      0      0      0      0      0      0      0      0      0      0      1      2      2      2      3      3      5      6      7      7     11     12 
148      0      0      0      0      0      0      0      0      0      0      0      0      1      2      6      6     10     15     24     34     43     66     80     94 
149      0      0      0      0      0      0      0      0      0      0      0      2      2      2      4      7     11     24     44     64     79    106    125    149 
150      0      0      0      0      0      0      0      0      0      0      0      1      1      3      8     14     15     21     29     39     63     87    117    143 
151      0      0      0      0      0      0      0      0      0      0      0      1      2      2      2      2      3      4      8      9     14     15     20     23 
152      0      0      0      0      0      0      0      0      0      0      0      1      1      1      2      4      8     12     15     19     21     27     31     37 
153      0      0      0      0      0      0      0      0      0      0      0      2      3     11     28     42     69     97    125    186    267    366    469    581 
154      0      0      0      0      0      0      0      0      0      0      0      0      3      5      8     13     20     30     39     58     82    100    123    143 
155      0      0      0      0      0      0      0      0      0      0      0      1      1      2      5      5      7     12     18     25     38     44     53     68 
156      0      0      0      0      0      0      0      0      0      0      0      1      2      6      7      9     10     14     25     40     54     78    105    129 
157      0      0      0      0      0      0      0      0      0      0      0      2      5     10     15     24     41     61     97    138    200    273    336    421 
158      0      0      0      0      0      0      0      0      0      0      0      0      1      2      2      7      9     13     20     34     59     78    103    125 
159      0      0      0      0      0      0      0      0      0      0      0      1      1      2      5     12     23     35     45     72     98    124    154    184 
160      0      0      0      0      0      0      0      0      0      0      0      0      0      1      1      4      9     19     30     42     62     75     97    131 
161      0      0      0      0      0      0      0      0      0      0      1      1      2      3      6     11     19     35     47     70     99    131    158    197 
162      0      0      0      0      0      0      0      0      0      0      0      0      2      4     11     18     22     32     46     73    100    124    154    189 
163      0      0      0      0      0      0      0      0      0      0      0      0      1      4     10     18     25     41     57     80    125    175    219    262 
164      0      0      0      0      0      0      0      0      0      0      0      0      2      5      5      7      9     10     19     25     36     50     64     69 
165      0      0      0      0      0      0      0      0      0      0      0      0      2      3      6     14     29     50     78    122    165    201    257    313 
166      0      0      0      0      0      0      0      0      0      0      1      2      3      6      9     17     23     34     54     90    138    191    234    294 
167      0      0      0      0      0      0      0      0      0      0      0      1      2      6      8     12     19     28     47     67     95    124    153    175 
168      0      0      0      0      0      0      0      0      0      0      0      0      2      3      4      7      8     17     29     36     49     61     72     85 
169      0      0      0      0      0      0      0      0      0      0      0      0      2      2      4     11     23     36     57     96    141    187    222    264 
170      0      0      0      0      0      0      0      0      0      0      0      0      4      5      5      9     12     22     33     43     65     83    116    146 
171      0      0      0      0      0      0      0      0      0      0      0      0      4     10     20     33     55     96    143    191    266    357    464    561 
172      0      0      0      0      0      0      0      0      0      1      2      3      4      8     12     16     30     46     66     95    127    177    211    258 
173      0      0      0      0      0      0      0      0      0      0      0      0      1      2      2      6      8     18     28     48     75     98    119    144 
174      0      0      0      0      0      0      0      0      0      0      0      0      0      0      0      2      6      9     19     34     55     76     97    122 
175      0      0      0      0      0      0      0      0      0      0      0      1      1      2      4     10     13     20     31     42     58     74     88    103 
176      0      0      0      0      0      0      0      0      0      0      0      0      0      2      5      6     10     18     22     35     46     64     83     99 
177      0      0      0      0      0      0      0      0      0      0      0      1      2      2      4      9     12     18     24     34     57     73     88    107 
178      0      0      0      0      0      0      0      0      0      0      0      0      1      2      2      3      5      5      6     12     14     20     25     30 
179      0      0      0      0      0      0      0      0      0      0      0      1      1      2      6     12     17     46     67    102    134    190    239    293 
180      0      0      0      0      0      0      0      0      0      1      1      1      3      3      7      9     16     21     38     51     60     71     91    108 
181      0      0      0      0      0      0      0      0      0      0      0      0      1      1      3      5      6     10     19     30     41     55     72     86 
182      0      0      0      0      0      0      0      0      0      0      0      2      2      3      5      7      9     20     31     47     64     87    111    133 
183      0      0      0      0      0      0      0      0      0      0      0      2      3      8     10     16     25     37     53     89    127    186    240    284 
184      0      0      0      0      0      0      0      0      0      0      0      0      4      7     15     24     33     49     73     96    132    176    226    270 
185      0      0      0      0      0      0      0      0      0      0      0      2      2      4      5      9     14     22     31     47     62     91    118    148 
186      0      0      0      0      0      0      0      0      0      0      0      0      1      4      9     20     29     43     66     87    117    149    181    209 
187      0      0      0      0      0      0      0      0      0      0      0      1      2      4      7     14     26     38     50     65     84    140    183    231 
188      0      0      0      0      0      0      0      0      0      0      0      0      1      4     10     17     32     55     81    112    164    223    288    346 
189      0      0      0      0      0      0      0      0      0      0      0      1      3      6      8     13     18     23     37     42     59     71     90    102 
190      0      0      0      0      0      0      0      0      0      0      0      1      3      4      9     12     17     25     39     54     68     96    130    158 
191      0      0      0      0      0      0      0      0      0      0      0      1      1      2      2      3      6     12     18     24     33     44     62     76 
192      0      0      0      0      0      0      0      0      0      0      1      1      2      4      9     12     16     21     30     41     55     70     92    112 
193      0      0      0      0      0      0      0      0      0      0      0      0      0      2      4     11     17     27     42     53     70     94    122    148 
194      0      0      0      0      0      0      0      0      0      0      0      2      3      9     25     30     49     77    117    175    246    327    400    468 
195      0      0      0      0      0      0      0      0      0      0      0      1      1      3      7     11     17     24     36     60     79    115    141    167 
196      0      0      0      0      0      0      0      0      0      0      0      1      2      3      5     11     16     29     49     69     85    108    136    176 
197      0      0      0      0      0      0      0      0      0      0      0      0      0      2      5     10     19     24     37     46     61     79     88    116 
198      0      0      0      0      0      0      0      0      0      0      0      1      1      6     15     23     34     50     62     92    119    144    180    218 
199      0      0      0      0      0      0      0      0      0      0      1      1      2      3      5      7      9     17     23     27     35     39     51     62 
