000      0      6     14     40     97    226    528   1161   2397   4919   9555  17503  30381  50339  79228 118863 168819 228070 292297 355807 411845 452701 474321 474009 451760 411913 360172 302548 244055 189562 141872 102130  71111  48434  32445  21751  14806  10568   8043   6622   5695   5125   4688   4252   3883   3547   3190   2804   2417   2129   1802   1492   1213    931    718    554    430    325    248 
001      0      7     22     65    170    385    937   2064   4348   8691  16529  30049  52254  86422 135682 203334 289123 390721 500829 609358 705721 776765 813779 813381 775374 706909 617773 518797 418243 324538 242268 174534 121611  82617  55267  37318  25728  18378  13831  11351   9822   8777   8067   7425   6768   6092   5398   4779   4117   3562   3023   2484   2022   1655   1303   1006    756    563    430 
002      0      9     22     66    175    446   1007   2215   4697   9471  18362  33510  58567  97292 153516 229916 327270 441518 566313 689010 796962 875828 918061 916416 873506 796833 695939 583529 470854 365535 273552 197546 138004  93966  63172  42005  28746  20378  15620  12739  10847   9692   8903   8148   7525   6893   6205   5450   4763   4062   3456   2853   2356   1904   1545   1214    926    715    530 
003      0      3      5     22     56    139    316    697   1461   2923   5567  10083  17647  29417  46467  69363  99037 133725 171444 208478 241455 265630 278211 277623 265122 241286 210780 176865 143188 110972  83171  60156  41966  28595  19169  12889   8892   6262   4731   3898   3414   3047   2785   2508   2294   2110   1869   1659   1436   1252   1072    890    745    602    470    373    279    219    167 
004      0      7     15     45    110    275    648   1419   2976   6066  11617  21203  36783  60836  95851 143423 203386 274706 352121 428686 495669 545289 571410 570203 543965 496884 434044 364407 293802 227904 170668 123223  86192  58581  39342  26498  18067  12946   9936   8096   6891   6152   5561   5137   4716   4268   3860   3404   2963   2534   2100   1720   1434   1129    909    720    562    436    353 
005      0      7     17     44    105    254    585   1275   2684   5407  10484  18966  32944  54599  86159 129218 183873 248084 317440 386707 446943 491359 514583 514022 490283 447199 391430 328002 264592 205995 154270 111305  77712  52730  35310  23589  16215  11639   8866   7283   6235   5632   5131   4590   4145   3815   3381   3012   2654   2307   1982   1669   1324   1088    851    682    531    404    303 
006      0      9     30     95    255    591   1380   3004   6195  12407  23770  43807  76571 127566 200966 301084 428484 579016 742251 903901 1045198 1150137 1205052 1202959 1146928 1046200 914715 767013 618745 480324 358924 258981 180542 123032  82408  55265  37831  26875  20636  16838  14521  12939  11729  10720   9799   8877   7955   7098   6182   5309   4501   3690   3005   2410   1924   1508   1154    903    704 
007      0      6     18     55    129    293    660   1457   3079   6255  11901  21840  37977  62880  99052 149272 212543 287256 368853 449589 519937 571939 599187 598272 570643 520450 454666 381736 307533 238889 178423 128612  89453  60600  40477  27146  18576  13194  10026   8173   7078   6282   5710   5277   4820   4357   3958   3565   3099   2608   2149   1723   1372   1129    894    685    539    424    338 
008      0      4      7     22     61    145    318    730   1530   3092   5881  10730  18668  31054  48724  73167 104155 140488 180550 219927 254607 280444 293795 293423 279479 255170 223142 187525 151141 117530  87865  63590  44358  30304  20299  13555   9324   6553   4999   4142   3557   3247   2947   2700   2429   2235   1988   1788   1546   1323   1089    895    706    553    451    369    295    215    158 
009      0      4     10     27     75    182    442   1004   2183   4392   8414  15377  26707  44316  69716 104321 148667 200477 256825 312590 361205 397424 415695 415183 395683 360547 315859 264974 213848 165968 124342  89987  62609  42540  28661  19099  13121   9400   7078   5849   5046   4511   4122   3817   3475   3178   2785   2449   2122   1747   1472   1216   1002    802    620    484    365    292    236 
010      0      5     21     63    167    365    844   1847   3830   7751  15056  27558  48011  79419 124690 186723 265657 359084 460352 560276 648286 713539 747537 746261 711325 649362 567186 476215 384056 298518 223669 161683 112882  76644  51466  34769  23647  16827  12725  10350   9008   8103   7333   6768   6235   5690   5095   4519   3852   3316   2752   2270   1825   1468   1130    895    683    515    413 
011      0      7     13     38     92    199    453    977   2070   4172   7981  14597  25459  42322  66657  99815 142118 192108 246487 300298 347085 382064 399892 398821 380240 346782 303170 254057 204720 158585 118562  85376  59473  40637  27402  18320  12547   9099   6944   5612   4855   4404   3984   3616   3320   3016   2708   2410   2046   1744   1500   1237   1000    824    648    514    395    297    226 
012      0      9     28     73    191    467   1122   2545   5291  10589  20177  36845  64117 106437 167268 250515 356533 481239 617855 752223 870202 957634 1003333 1002248 956501 871981 761476 638668 515115 399936 298593 215809 150533 102724  69232  46519  31865  22647  17283  14060  11977  10790   9829   9071   8316   7566   6782   6004   5201   4439   3750   3074   2451   1971   1544   1205    912    688    513 
013      0     12     27     80    213    514   1199   2608   5560  11126  21228  38664  67252 111368 175611 262494 372532 503834 646916 788232 912245 1003214 1050064 1048938 1000707 911941 797955 669998 539935 418965 313493 226509 157920 107656  72080  48184  32829  23382  17789  14499  12562  11210  10339   9485   8713   7865   7005   6194   5271   4524   3821   3148   2556   2070   1649   1279    993    756    584 
014      0      5      8     26     69    170    410    862   1767   3538   6729  12289  21461  35543  55671  83095 118276 159761 204572 249436 288537 317244 332790 332275 317126 289299 252751 212183 171311 133277  99735  71648  50071  34070  22986  15437  10575   7581   5722   4617   3979   3535   3232   2989   2773   2511   2272   1957   1687   1462   1216   1015    829    669    531    402    317    229    167 
015      0      3      8     27     76    179    405    914   1894   3846   7284  13374  23293  38814  61161  91656 130749 176435 226124 275182 318659 350290 366886 366471 349494 318855 279050 234042 188862 146611 109530  79071  55348  37634  25188  16850  11625   8340   6318   5084   4427   3971   3620   3333   3038   2723   2463   2129   1887   1618   1387   1145    957    738    592    465    371    271    210 
016      0      6     14     47    115    273    625   1354   2881   5757  11003  20140  34971  57987  91632 137007 194838 263074 336616 409849 474077 521261 545785 544710 519277 473568 413721 347108 280281 217240 162468 117122  81658  55623  37296  24977  17028  12121   9253   7514   6533   5829   5356   4934   4504   4098   3650   3241   2819   2383   2023   1678   1364   1084    889    719    591    452    353 
017      0      6     16     43    120    268    627   1390   2914   5817  11229  20568  35770  59379  93544 140169 199742 269577 345168 420441 486696 536180 561894 560968 535164 488906 427061 357741 288785 224383 167646 121041  84409  57596  38591  25884  17643  12511   9581   7780   6737   6039   5511   5121   4599   4186   3744   3331   2957   2535   2161   1789   1470   1168    916    692    534    412    319 
018      0      5     19     70    182    471   1066   2307   4759   9692  18393  33641  58741  97656 153957 230631 327826 442562 567368 690494 798194 878446 919427 918311 875318 798564 697576 584768 471579 366223 274269 198593 138930  94531  63102  42261  29039  20798  15755  12791  11005   9819   8974   8263   7567   6870   6245   5536   4774   4124   3499   2897   2368   1884   1453   1093    875    671    506 
019      0      2      6     17     40    105    247    561   1201   2370   4571   8304  14602  24182  38116  56839  80995 109491 140361 170511 197181 216939 226898 226483 216089 197349 172637 144911 116909  90749  67935  49153  34371  23423  15690  10568   7225   5112   3891   3119   2714   2460   2195   1968   1792   1601   1448   1274   1126    954    831    682    566    468    389    306    251    193    142 
020      0      5     10     30     79    184    434    967   2056   4173   7973  14619  25670  42446  67143 100253 142781 192548 246910 300420 347063 381671 399485 399229 379932 347027 303480 254712 205656 159347 119162  85841  59744  40837  27440  18295  12485   8920   6842   5553   4786   4317   3901   3586   3349   2962   2671   2339   2045   1756   1507   1248   1037    854    698    529    418    343    241 
021      0      7     14     46    136    318    726   1651   3483   7000  13489  24773  43262  71504 112643 168392 238999 323015 414231 504587 584115 642493 672529 671874 640441 583991 510567 428177 345693 268498 200568 144788 101033  69044  46273  31003  21362  15216  11558   9450   8125   7256   6684   6100   5571   5100   4603   4077   3514   2983   2540   2089   1735   1399   1089    867    655    500    370 
022      0      6     18     45    109    267    593   1281   2777   5547  10661  19450  33753  55955  88223 131795 187552 253554 324729 395407 458252 503902 527602 526405 501747 457606 399776 335334 270339 209455 156449 113030  78660  53501  35876  24053  16467  11856   9011   7340   6340   5677   5133   4711   4351   3906   3487   3063   2647   2260   1899   1604   1306   1041    848    652    515    387    288 
023      0      7     20     56    148    364    862   1953   4122   8282  15897  29088  50583  83699 131403 196790 280064 378524 484884 591229 684096 752832 787713 786511 750025 683896 597956 501745 404908 314330 235397 170275 118746  80901  54044  36177  24752  17596  13486  11000   9466   8500   7738   7043   6400   5770   5204   4605   3997   3419   2861   2396   1971   1608   1282    983    764    594    448 
024      0      8     20     52    130    287    644   1422   2983   5983  11454  20989  36544  60426  94866 142054 201885 272876 349998 425933 491971 541951 567653 566325 540025 492308 430082 360546 291363 226434 169557 122549  85229  57974  39040  26179  18082  12964   9876   8102   6960   6185   5601   5123   4698   4258   3800   3314   2896   2470   2060   1688   1397   1121    898    706    567    444    338 
025      0      8     18     55    147    370    903   2054   4269   8507  16439  29980  52183  86616 136253 203877 290056 391898 502132 611307 706463 776048 812677 811376 773164 704962 616383 516750 416610 323818 241765 174490 122138  82849  55559  37047  25389  18138  14019  11381   9767   8889   8158   7440   6820   6107   5456   4780   4164   3570   2998   2477   2023   1619   1292   1014    806    624    478 
026      0      9     30     85    245    592   1407   3155   6630  13457  25847  47177  82378 136643 215137 322447 458115 618964 793733 966764 1118096 1230610 1289098 1286723 1226758 1120328 979059 820692 662714 514116 384106 277408 193504 131872  88190  59181  40615  29036  22059  17767  15345  13674  12500  11546  10596   9658   8642   7594   6567   5556   4688   3904   3143   2522   1980   1545   1186    892    677 
027      0      6     14     41    108    248    583   1251   2640   5307  10142  18561  32325  53667  84683 126429 179913 242719 311523 379831 439235 483266 506250 505358 481448 439133 383503 321597 259425 200987 150424 108749  75805  51560  34664  23298  16067  11455   8725   7145   6169   5524   5031   4601   4202   3791   3365   2971   2602   2216   1901   1581   1282   1023    792    626    484    371    287 
028      0      4     12     36    103    252    570   1267   2695   5448  10465  19225  33383  55238  86903 130393 185639 250699 321366 391023 451961 497029 520291 519475 495873 452818 395399 331513 267222 207786 155326 112322  78620  53501  35730  23991  16537  11775   8906   7218   6278   5595   5097   4701   4313   3944   3557   3131   2678   2327   1934   1552   1262   1017    844    658    522    396    298 
029      0      6     17     48    121    314    736   1676   3585   7277  13972  25606  44450  73674 115655 172968 246393 333177 427385 520409 602208 662135 693204 692317 660525 602490 527020 441642 356525 276659 206961 149375 104262  70978  47566  31817  21698  15458  11747   9522   8251   7377   6725   6229   5826   5324   4756   4181   3623   3105   2556   2030   1655   1324   1040    825    639    499    371 
030      0      9     22     64    150    388    895   1987   4211   8530  16194  29470  51248  85043 133959 200615 285303 385318 494193 601908 696132 766437 802087 801246 763864 696720 609011 511251 411853 319487 239096 172638 120734  82185  55166  37043  25049  17918  13605  11104   9545   8531   7694   7039   6405   5802   5254   4665   4055   3391   2882   2315   1864   1477   1171    926    748    583    452 
031      0      7     28     82    194    491   1137   2491   5285  10599  20410  37550  65190 107662 169959 254489 361705 488232 626707 763331 883257 971340 1017261 1015913 968834 883190 771257 646226 520972 404301 302349 218185 152115 103411  69627  46633  31792  22780  17355  14089  12026  10779   9837   9054   8309   7549   6825   5984   5164   4393   3628   3035   2498   2060   1626   1276    991    736    564 
032      0      8     19     57    149    340    754   1626   3312   6721  12946  23550  41263  68518 108041 161840 230302 310440 398235 485512 561262 617418 646477 645379 615200 561141 490578 411624 331381 256952 192504 139106  96987  65790  43962  29423  20167  14428  11086   9043   7810   7008   6327   5858   5402   4922   4382   3779   3254   2770   2336   1964   1600   1310   1046    804    626    490    378 
033      0      5     11     31     79    190    440    967   2025   4084   7901  14438  25342  42076  66321  99298 141201 190716 244657 297509 344466 379327 397427 397016 378790 345167 301745 253530 204597 158447 118739  85486  59585  40561  27189  18210  12531   9044   6982   5653   4855   4316   3946   3611   3378   3055   2703   2391   2037   1722   1396   1136    964    766    612    462    367    272    194 
034      0      7     24     71    170    421   1010   2209   4778   9598  18292  33532  58248  96527 152190 228315 324977 438679 562605 684699 791697 871707 912785 911963 870491 793329 693365 581345 468364 363677 271743 196273 137319  93405  62597  42034  28660  20540  15732  12852  11161  10037   9085   8333   7599   6866   6121   5397   4744   4039   3401   2806   2255   1803   1406   1099    864    667    500 
035      0      7     15     43    113    305    671   1479   3096   6163  11731  21543  37638  62232  98101 147087 209871 283242 363831 442364 511019 561552 588148 586980 559321 510585 446431 374428 302443 235021 176171 126935  88199  59662  40065  26764  18273  13128   9968   8203   7126   6405   5783   5251   4741   4235   3781   3319   2854   2449   2105   1757   1434   1166    946    739    603    443    331 
036      0      4     10     30     77    186    437    971   2105   4257   8165  14983  26110  43248  68190 102040 145303 195954 251351 305574 353513 389091 407706 406916 387686 353575 309092 259390 209318 162501 121440  87917  61231  41711  27916  18658  12677   9122   6952   5692   4925   4425   4003   3674   3397   3048   2695   2352   2012   1730   1438   1195    958    748    585    462    363    280    214 
037      0      7     14     39     97    257    633   1385   2964   6020  11421  20849  36136  60010  94559 141524 201935 272868 349635 425738 492048 541443 567008 565546 539287 491997 429497 360406 290780 225684 168790 121461  84689  57666  38464  25627  17617  12656   9702   7890   6857   6245   5714   5251   4813   4295   3844   3381   2921   2481   2141   1755   1431   1172    940    745    599    458    346 
038      0      5     19     49    129    315    711   1578   3329   6663  12729  23312  40589  67032 105860 158654 225620 305022 390958 475494 549870 605535 634493 634312 605105 552011 481673 403798 324991 252178 188596 136137  94962  64539  43374  28874  19725  14117  10867   8885   7625   6737   6220   5748   5280   4742   4253   3735   3238   2776   2351   1910   1553   1260    982    810    641    491    387 
039      0      6     12     38     96    212    491   1119   2347   4664   8959  16343  28573  47327  74965 111991 158991 214259 274535 334297 386218 424710 444565 444344 423671 386490 338226 283434 228880 177506 133003  96400  67126  45614  30616  20475  13867   9936   7508   6120   5279   4731   4383   4002   3634   3286   2914   2574   2248   1972   1655   1391   1148    932    734    573    460    337    255 
040      0      7     19     58    144    333    788   1740   3697   7412  14223  26141  45787  75905 119971 178973 254066 342639 439720 535199 619045 680784 713171 712359 679543 619787 542071 454893 367437 285499 213514 154276 107689  73386  49220  32972  22433  16012  12217   9854   8489   7619   6899   6302   5807   5284   4759   4178   3607   3060   2621   2217   1824   1440   1143    885    684    516    387 
041      0      7     14     52    118    296    697   1591   3318   6654  12824  23497  40806  67684 106787 160375 227951 307710 393966 479228 554479 610028 638282 637601 607902 554690 484441 406808 328566 254798 190285 136980  95884  65301  43625  29271  20097  14441  11098   9115   7764   6943   6427   5930   5372   4891   4385   3893   3353   2848   2377   1978   1593   1257    991    766    593    440    328 
042      0      5     11     32     90    239    539   1200   2572   5080   9709  17879  31011  51271  80482 120523 171515 231952 297768 362605 419312 461150 482591 482252 459722 419511 366984 307827 248032 192887 144567 104170  72867  49440  33095  22180  15119  10793   8134   6680   5828   5195   4797   4366   3990   3608   3287   2891   2517   2141   1795   1489   1228   1007    808    632    487    379    285 
043      0      2      5     19     53    129    292    674   1466   2906   5457  10038  17521  28875  45557  68238  97213 131534 168290 204856 237022 260599 272852 272401 259777 236757 206955 173210 139507 108511  81308  58929  40988  27894  18765  12558   8570   6194   4675   3795   3263   2941   2696   2464   2227   2013   1798   1601   1395   1207   1041    845    683    529    418    341    261    198    159 
044      0     10     30     82    213    513   1114   2415   5042  10048  19244  35229  61283 101713 160496 240086 342180 461362 590756 719112 832220 915865 959173 958382 914348 833508 728341 611432 493080 382828 286184 206230 143887  97734  65267  43589  29830  21437  16331  13237  11414  10264   9373   8680   7917   7226   6466   5704   5001   4274   3609   2968   2396   1911   1476   1154    897    675    504 
045      0      7     27     67    180    419    988   2121   4388   8770  16710  30693  53055  87797 138387 207045 294711 398035 510587 621783 719952 793162 831625 829345 790740 721250 631247 529195 426459 330933 247314 178625 124682  85156  56845  37893  25799  18440  14119  11529   9914   8844   8159   7495   6815   6149   5515   4904   4274   3649   3130   2626   2140   1742   1358   1059    835    636    470 
046      0      2      6     20     52    138    322    710   1472   2997   5627  10321  18065  30017  47198  70762 100910 136653 175141 213132 246673 271232 283800 283277 270491 247013 215738 180774 145961 113101  84479  60979  42561  28923  19510  13091   8835   6237   4734   3892   3340   2997   2757   2510   2337   2126   1867   1662   1434   1234   1034    871    709    575    447    333    266    212    169 
047      0      5      9     25     56    136    321    722   1558   3105   5912  10752  18628  30844  48517  72627 103822 139988 179473 218741 252940 278419 291433 291036 277605 252717 220652 185023 149391 116106  86919  62448  43465  29522  19915  13355   9086   6554   4973   4030   3504   3145   2874   2598   2356   2188   1948   1700   1511   1296   1107    936    751    605    455    350    262    205    152 
048      0      2      3      9     23     58    148    343    710   1416   2745   4980   8650  14133  22189  33237  47285  64061  82100  99882 115182 126668 132552 132749 126769 115671 100929  84601  68155  53023  39770  28707  20100  13755   9335   6195   4266   3061   2350   1844   1575   1428   1299   1199   1107   1001    907    768    651    566    474    386    319    250    203    152    115     85     69 
049      0      4     11     35     88    226    550   1195   2501   5048   9598  17550  30552  50839  79898 119791 170300 229744 294641 359254 416153 457689 479311 478860 456155 416221 363905 305493 246278 190931 143174 103270  72250  49053  32872  22156  15042  10700   8177   6676   5825   5256   4784   4371   4042   3678   3250   2877   2467   2056   1706   1417   1169    961    771    619    507    404    298 
050      0      3      8     31     87    205    497   1071   2301   4517   8770  15912  27929  46157  72827 109489 155992 210725 270427 329490 380662 418342 437844 437167 416871 380429 332555 279372 225266 175107 130769  94449  65788  44854  29865  20056  13682   9797   7389   6081   5286   4793   4381   3997   3670   3316   2931   2581   2249   1911   1653   1356   1100    890    720    576    455    338    264 
051      0      8     22     68    183    422    998   2166   4554   9125  17428  31862  55568  92282 145242 217350 309083 417698 535792 651860 754663 829615 869083 867992 827504 754782 659411 553292 445955 346106 259015 186763 130132  88380  59316  39714  27423  19617  14928  12227  10569   9489   8669   7976   7233   6515   5840   5170   4469   3832   3253   2639   2168   1738   1347   1067    837    641    461 
052      0      7     22     70    174    384    862   1894   3934   7880  15065  27471  47724  79239 124957 187183 266216 359813 461415 561984 649593 714327 748789 746744 711774 649484 568045 476792 384369 298537 222860 160490 111624  76022  50904  34081  23332  16750  12860  10436   9033   8023   7340   6724   6030   5500   4916   4322   3750   3145   2665   2207   1791   1382   1095    868    655    501    391 
053      0      6     15     51    134    313    710   1577   3340   6738  13026  23745  41092  68067 107520 161122 229253 309697 396075 481823 557646 612970 641840 641353 611687 557690 487649 409234 329954 256324 192206 139078  97040  65874  44068  29475  20361  14495  11041   9048   7812   7025   6464   5900   5360   4799   4275   3705   3181   2761   2327   1939   1568   1249    969    738    588    446    341 
054      0      7     14     36    106    255    577   1282   2724   5442  10449  19087  33291  55262  86853 130179 185389 250512 321308 391608 453148 498478 522185 521256 496749 453700 396225 332142 267636 207700 155338 111819  78037  53229  35550  23936  16364  11659   8909   7228   6188   5542   5075   4687   4331   3914   3478   3079   2657   2222   1802   1485   1174    952    751    586    465    362    277 
055      0      6     21     56    135    331    721   1572   3267   6631  12589  23063  40245  66543 104901 157226 223630 302322 388115 473030 547490 601846 629758 629103 600205 548134 478990 401787 324500 251613 188391 136021  94584  64324  43022  28849  19616  14105  10799   8808   7577   6779   6187   5694   5236   4699   4216   3733   3205   2734   2265   1878   1537   1205    931    708    533    393    295 
056      0      5      8     28     71    178    392    892   1879   3805   7325  13325  23423  38829  61042  91386 129937 175376 225268 274780 318096 349948 367192 366496 348945 318211 278154 232986 187913 145924 109473  79084  55446  37890  25433  17001  11621   8328   6353   5149   4426   3975   3576   3284   2997   2755   2471   2197   1935   1637   1379   1147    932    765    602    471    375    282    205 
057      0      5     13     36    109    260    619   1334   2800   5652  10892  19985  34949  57737  91190 136660 194186 262549 336820 410178 474996 522122 546990 545717 520803 475573 415899 349289 281938 218298 163255 117848  82170  56193  37613  25136  17237  12262   9259   7554   6555   5868   5361   4952   4507   4095   3683   3243   2817   2414   2054   1708   1399   1101    893    689    553    434    359 
058      0      6     16     52    135    331    727   1609   3439   6866  13204  24038  41882  69301 108942 163064 231339 311649 399156 486250 562348 618666 647972 646795 616016 561964 491250 412412 332845 258955 193769 139695  97527  66505  44426  29901  20412  14565  11080   8999   7699   6936   6379   5865   5405   4926   4438   3949   3411   2884   2384   1937   1575   1259    982    757    577    443    328 
059      0      9     20     66    173    423    971   2098   4377   8786  16998  30947  54031  89356 141101 211098 300185 405630 519351 632327 731648 804595 842079 841225 801043 730377 637971 535288 431842 335353 250945 181244 126463  86103  57753  38735  26646  18997  14422  11765  10245   9214   8478   7750   7039   6358   5648   4978   4231   3665   3104   2552   2088   1668   1283   1008    796    637    477 
060      0      5     12     29     77    212    457   1006   2136   4314   8227  15019  26074  43428  68362 102055 145342 196120 251349 305941 354186 389866 407737 407044 387906 353694 309333 259664 209494 162541 121554  87861  61345  41703  28008  18844  12846   9098   7028   5693   4926   4404   4037   3672   3383   3061   2723   2429   2106   1814   1501   1227    987    794    620    478    365    280    209 
061      0      5     11     34     91    216    493   1155   2404   4829   9279  16942  29459  48950  77088 115454 163940 221433 284478 346488 400778 440669 461263 460984 439371 400566 349675 293373 236038 183375 137229  99021  69040  47071  31470  21073  14426  10404   7973   6507   5572   4969   4542   4181   3801   3450   3059   2648   2265   1906   1616   1320   1081    879    717    553    432    356    261 
062      0      6     16     51    120    286    651   1483   3113   6300  12206  22402  39096  64696 101500 151964 216461 292528 375345 457435 528940 582701 610020 609739 582367 530697 463662 388991 313711 243122 181874 131617  91986  62365  41660  27868  19024  13602  10454   8592   7371   6627   6049   5549   5040   4559   4064   3630   3169   2687   2229   1854   1550   1274   1038    828    628    494    374 
063      0      5     13     41    116    288    648   1414   3037   6137  11769  21507  37375  62075  97591 145793 207128 279617 358812 436934 505784 556228 582193 581472 554549 505469 441553 370601 298894 232163 173854 125787  87634  59625  40054  26752  18271  13186  10040   8202   7070   6373   5844   5306   4860   4418   3956   3503   3045   2592   2170   1776   1423   1132    895    713    535    409    315 
064      0      7     24     67    161    385    868   1958   4062   8214  15699  28833  50210  83296 130993 196284 279741 377187 484461 589672 682199 749760 785411 783983 748463 683243 596736 500334 403443 312722 234171 169305 117860  80469  54240  36314  24878  17658  13512  10912   9405   8385   7655   6975   6409   5867   5253   4671   4085   3491   2871   2365   1935   1502   1198    951    715    531    410 
065      0      7     14     32     80    184    444    968   2090   4224   8085  14917  25898  42809  67671 101210 144214 195174 249690 304154 352201 388295 406710 406305 387742 353448 308399 258483 208286 161490 120847  87199  60831  41438  27865  18771  12827   9176   6929   5630   4774   4254   3923   3593   3338   2999   2621   2358   2057   1735   1455   1191    975    786    639    493    377    295    239 
066      0      3      5     11     38    111    267    588   1220   2490   4769   8633  15118  25036  39424  59204  83998 113162 145210 176804 204486 225168 235939 235705 224657 204926 179100 150145 121248  93898  70041  50326  34965  23841  16025  10727   7287   5215   4041   3325   2880   2555   2330   2178   1993   1771   1582   1419   1246   1078    914    770    627    524    413    319    249    189    137 
067      0      8     22     79    214    530   1179   2604   5344  10864  20959  38297  66699 110419 173746 260188 369559 498752 639717 778924 901155 991146 1038025 1036244 989262 902307 789176 662310 534493 414230 309193 223119 155631 105790  70916  47632  32516  23112  17594  14379  12495  11161  10269   9372   8584   7759   6931   6164   5316   4517   3818   3164   2588   2056   1641   1245    956    749    559 
068      0     12     34    107    255    660   1475   3269   6906  13855  26862  49141  85588 141809 222784 333613 474561 641125 821196 1000441 1157388 1274072 1335240 1334404 1272999 1160436 1014158 849859 685015 531673 397475 286516 199461 135777  91370  61307  42060  29863  22735  18677  16113  14416  13106  11965  10824   9781   8688   7691   6632   5606   4759   3971   3237   2604   2046   1604   1240    942    719 
069      0      6     14     38     95    241    555   1161   2397   4810   9244  16992  29883  49301  77701 116508 165851 224284 287505 350095 404395 445021 466348 465828 444223 404913 353547 296352 238622 185007 138242 100021  69706  47488  31665  21244  14574  10546   8068   6599   5707   5078   4627   4207   3795   3445   3094   2717   2362   1978   1662   1382   1134    952    753    592    447    325    228 
070      0      7     18     54    153    375    866   1847   3813   7722  14650  26467  45822  76018 119904 179243 255460 345125 443013 539424 623890 685803 717381 716621 683252 623331 544923 457528 369071 286766 214733 155047 108228  73707  49332  32988  22418  15935  12145   9788   8366   7498   6809   6345   5817   5321   4800   4243   3749   3211   2754   2282   1852   1459   1156    883    667    499    371 
071      0      4     10     40    110    251    551   1179   2482   4977   9526  17438  30388  50127  78888 117978 167863 226751 291145 354304 410135 450492 471941 471550 448993 409992 358502 300418 241993 187625 140574 101473  71046  48376  32317  21718  14736  10625   8132   6594   5654   5102   4627   4257   3910   3520   3158   2799   2397   2059   1725   1422   1121    887    716    540    424    320    236 
072      0      4     10     35    105    250    568   1239   2621   5240  10076  18258  31518  52336  82315 123741 176303 238757 306312 372429 429806 472230 494700 493384 470225 428615 374800 314605 253835 197137 147449 106568  74261  50549  33930  22816  15568  11084   8616   7006   6074   5378   4881   4394   4045   3644   3255   2839   2474   2140   1768   1460   1203    973    806    633    474    356    269 
073      0      5     10     24     72    186    420    894   1856   3698   7104  13079  22565  37398  59112  88491 126146 170229 218286 265631 307804 338662 354472 353721 337350 308053 269242 225921 182329 141431 105717  76383  53192  36117  24206  16149  11141   7978   6149   4986   4278   3843   3523   3178   2876   2616   2282   2012   1734   1508   1277   1048    866    700    555    414    318    242    193 
074      0      4     10     35     81    222    539   1202   2551   5054   9647  17785  30782  51033  80605 120609 171299 231844 297606 362541 419300 460678 482342 481569 458897 418189 365373 306507 246704 191637 143217 103512  72497  49201  32829  22043  15110  10846   8322   6867   5942   5329   4784   4367   3976   3666   3206   2812   2490   2127   1800   1503   1218    983    793    626    491    378    296 
075      0      5     12     34     99    251    602   1309   2807   5657  10914  19979  34666  57438  90582 135267 192727 260056 333548 406055 470317 517046 541208 540434 515302 469893 410674 344068 277463 214929 160711 116030  81109  55310  37162  25080  17127  12138   9252   7515   6538   5785   5302   4938   4558   4076   3650   3197   2771   2377   2000   1653   1335   1059    844    664    529    402    317 
076      0      3      6     19     63    146    351    782   1670   3318   6448  11728  20395  33920  53025  79394 113077 152731 195539 238336 275874 303963 318401 318042 303699 277113 242303 203532 163746 127120  95072  68833  48122  32721  22049  14761  10042   7234   5530   4581   3916   3487   3176   2869   2614   2355   2086   1829   1575   1350   1149    924    750    617    511    391    296    234    170 
077      0      3      9     27     73    185    425    950   1997   4122   7881  14449  25170  41778  66094  99526 141311 191083 244736 298042 345127 379530 397798 397075 378390 345557 302378 253780 204653 158835 118645  85870  59584  40551  27168  18244  12457   8918   6805   5469   4737   4248   3934   3639   3318   2951   2626   2321   1985   1726   1447   1216    986    785    638    491    396    308    231 
078      0      4      6     17     46     94    230    540   1175   2388   4511   8322  14393  23785  37438  55959  79456 107404 137221 167615 193821 213009 223145 222792 212497 193718 169012 141774 114185  88560  66310  47811  33474  22730  15159  10123   6922   4942   3798   3091   2680   2383   2148   1982   1835   1680   1521   1379   1187   1018    815    693    565    458    347    265    204    163    125 
079      0      5     10     40    103    265    581   1298   2722   5527  10665  19594  34198  56607  89438 133994 190903 258038 331169 403299 466906 513433 538137 537436 513241 468432 410022 344005 276870 215269 160735 115596  80770  55063  36769  24447  16719  11990   9111   7468   6423   5745   5240   4782   4416   3976   3586   3128   2740   2336   1999   1661   1342   1088    849    670    504    401    309 
080      0      3      5     15     42     91    213    441    932   1907   3664   6655  11515  19157  30061  45276  64466  86889 111556 135964 157507 173106 181773 181599 173452 158261 138083 115755  93187  72485  54200  39044  27467  18801  12457   8304   5610   4028   3051   2467   2113   1895   1719   1582   1446   1291   1138    977    844    718    630    519    431    346    286    232    183    147    104 
081      0      5     13     32     78    192    435    968   2052   4142   7954  14443  24922  41243  65268  97726 139186 187845 240832 293318 339165 373353 390689 390395 372103 339480 297325 249346 201258 156305 117088  84585  58896  40033  26975  17947  12314   8728   6607   5395   4600   4133   3766   3483   3221   2895   2598   2292   2015   1678   1395   1132    936    741    575    464    375    295    243 
082      0      4      5     19     50    121    266    564   1249   2542   4819   8822  15413  25638  40456  60779  86821 117584 150488 182784 211833 232330 243683 243571 232060 212085 185486 155549 125315  97478  72831  52642  36859  25067  16742  11301   7624   5495   4228   3453   2967   2615   2415   2210   1992   1820   1588   1433   1217   1042    869    713    572    445    356    292    230    181    139 
083      0      6     11     38    113    286    663   1502   3140   6213  11828  21723  37863  62875  98813 148070 210870 284890 365931 445290 514599 566646 593900 593057 565117 515696 450808 377520 303982 235649 176164 127465  89138  60776  40586  27312  18651  13286  10176   8247   7049   6342   5825   5350   4889   4391   3970   3550   3015   2551   2125   1782   1414   1150    923    717    556    460    345 
084      0      7     18     56    153    364    849   1863   3905   7800  14989  27265  47615  78613 123835 185380 264076 357082 458467 559218 647091 711280 743846 742521 708766 645981 564430 473158 381577 295787 220937 159317 110940  75456  50489  33823  23069  16530  12600  10216   8756   7778   7056   6557   6011   5396   4897   4305   3771   3232   2749   2283   1868   1513   1205    942    731    568    437 
085      0      4     10     25     68    158    353    737   1532   3065   5886  10672  18447  30719  48418  72782 103471 139857 179455 218569 252747 278377 291863 291393 278040 253710 221815 185767 149674 116014  86689  62117  43461  29594  19771  13191   9011   6528   4991   4146   3530   3109   2842   2602   2365   2170   1920   1691   1480   1256   1069    894    737    575    446    361    285    210    166 
086      0      5     12     37     91    213    527   1134   2360   4731   9055  16542  29010  48131  75904 113708 161445 218169 280067 341767 395336 434612 455317 454571 433675 395785 345201 289586 233824 181447 135478  97705  67886  46177  30894  20600  14140  10111   7759   6366   5494   4904   4419   4029   3705   3369   2996   2711   2410   2062   1765   1453   1203    968    762    587    446    332    255 
087      0      7     15     47    126    324    752   1662   3493   7006  13386  24284  42453  70445 110963 166432 237121 320437 410884 500115 578705 636932 667017 666836 635932 579846 507367 425159 342874 265839 198885 143114  99706  67756  45417  30384  20710  14910  11469   9445   8104   7266   6616   6076   5565   5042   4490   3947   3432   2967   2507   2095   1705   1394   1109    890    678    511    395 
088      0      5      8     25     66    164    373    861   1829   3639   6989  12806  22275  36908  58000  87035 123456 167137 214188 261049 301744 331936 347084 347420 330657 301671 263411 221085 178299 138378 103567  74634  52149  35540  23801  15982  10907   7810   6000   4897   4174   3757   3406   3033   2794   2502   2267   1981   1689   1452   1219   1023    837    683    551    424    321    244    175 
089      0      5     12     31     72    176    407    925   1967   3907   7571  13745  24067  39881  62919  94324 134489 181519 232712 283011 327870 361274 378385 378006 360897 329455 287546 240826 194472 150871 113192  81650  56879  38647  25925  17339  11927   8536   6498   5291   4643   4132   3797   3541   3235   2931   2616   2249   1973   1679   1430   1148    945    768    611    478    352    273    201 
090      0      9     24     69    165    403    962   2149   4492   9083  17458  31803  55355  91755 144932 216834 308781 417574 535066 650788 752448 827178 866439 866336 826644 754472 659334 552238 445863 346646 259530 187019 130330  88746  59589  39819  27299  19413  14825  12139  10501   9305   8501   7871   7185   6561   5856   5208   4530   3903   3245   2665   2194   1755   1383   1113    869    656    495 
091      0      5      5     23     66    165    411    923   1886   3726   7182  12989  22771  37951  59668  89415 127237 171993 220342 268825 311242 342865 358843 358407 341904 311810 272339 228384 184473 143180 106866  76994  53530  36429  24506  16394  11311   8127   6177   5035   4381   3990   3605   3323   3030   2806   2467   2118   1868   1604   1371   1155    955    763    577    445    354    271    205 
092      0      8     19     51    140    353    834   1832   3833   7728  14786  27004  47073  77388 122020 182693 259965 351041 449643 547581 633534 696417 729390 727471 693550 633235 553785 464925 375281 291347 218313 157526 109556  74629  50081  33592  23016  16447  12461  10224   8735   7852   7199   6563   5963   5447   4915   4323   3765   3215   2705   2223   1771   1427   1122    850    667    527    393 
093      0      4     12     36     94    229    553   1220   2614   5247  10178  18634  32373  53636  84719 126728 180153 243371 312092 379529 439120 482609 505813 505868 482696 440609 385271 323350 260332 202254 151076 109040  75898  51683  34662  23148  15814  11342   8608   7088   6168   5454   5006   4580   4204   3789   3437   3032   2601   2247   1844   1533   1244   1026    797    624    465    365    274 
094      0      6     12     38     91    213    505   1149   2400   4757   9111  16804  29273  48536  76883 115236 164020 221643 283900 345573 399949 439381 460156 459201 438372 400140 349798 293641 236897 183715 137516  99151  69085  47066  31376  20987  14375  10205   7786   6345   5495   4930   4448   4130   3762   3407   3006   2679   2326   2004   1695   1441   1196    959    752    573    446    336    254 
095      0     11     29     83    218    532   1237   2709   5620  11400  22020  40128  69966 115674 182300 273182 388869 525100 673474 820378 948320 1043415 1093438 1092274 1040873 948687 828714 694775 560262 434850 325701 235149 163952 111759  74996  50371  34439  24541  18643  15121  13045  11620  10623   9782   8845   8034   7234   6455   5613   4837   4086   3411   2764   2268   1818   1398   1095    829    614 
096      0      3      8     25     68    165    383    848   1772   3521   6852  12371  21614  35995  56800  85311 121244 163309 209518 254674 295010 324313 339020 338552 322337 293757 257238 216002 174100 135393 101427  73116  51086  34714  23272  15607  10713   7534   5667   4535   3981   3607   3330   3023   2781   2545   2269   2023   1774   1518   1286   1059    869    684    541    405    324    266    201 
097      0      6     22     57    138    335    746   1626   3353   6723  12878  23449  40550  67752 106538 159394 226751 306258 392013 477427 552132 606523 634805 634582 605032 552163 483030 405514 326511 253626 189991 137517  95829  65314  43748  29339  19987  14310  10836   8865   7659   6904   6376   5870   5359   4849   4317   3793   3289   2855   2365   1927   1552   1244    953    749    592    476    366 
098      0      4      8     27     59    132    321    739   1546   3139   5935  10792  18738  30997  48960  73321 104297 140783 180896 220788 255479 281240 294443 294175 280375 255527 223215 186921 150360 116634  87424  63142  44091  29981  20102  13393   9253   6575   5008   4064   3470   3102   2824   2575   2329   2089   1906   1669   1424   1215   1016    847    695    558    450    349    266    210    163 
099      0      4     14     33     82    185    444    981   2036   4065   7802  14387  25246  41735  65432  98206 139536 188640 242032 294636 340839 375281 393460 392838 374293 341901 298888 250892 201791 156513 116777  84274  58953  40219  26969  18155  12588   9077   6894   5702   4946   4392   3904   3585   3304   2973   2608   2275   1991   1721   1446   1220   1008    805    636    493    395    296    214 
100      0      8     25     79    202    502   1197   2655   5557  11078  21339  39104  68111 112914 177595 265967 378616 510805 654588 796451 921075 1013500 1060685 1058537 1009390 921352 804713 675340 544894 422938 316477 228438 159290 108421  72641  48611  33155  23649  17984  14776  12700  11425  10338   9506   8705   7867   7081   6264   5389   4587   3863   3232   2651   2115   1692   1314   1011    796    586 
101      0      7     22     60    166    387    912   2041   4303   8663  16627  30429  53048  87893 138652 207882 295435 398797 511230 622019 718792 790333 827275 825737 786400 717545 627652 526452 424733 330033 247497 178345 124498  84712  56576  37816  25925  18662  14197  11656  10114   9077   8336   7566   6827   6195   5529   4920   4235   3603   3019   2514   2008   1611   1266   1014    753    577    441 
102      0      4     10     28     65    175    412    924   1996   3979   7659  14074  24474  40247  63241  94758 134743 182257 233766 284540 329761 362308 380100 379842 362176 330417 289164 242352 195289 151782 113612  82017  57339  39005  26100  17378  11844   8483   6454   5241   4464   3972   3637   3361   3068   2809   2504   2247   1964   1659   1388   1130    924    751    592    463    360    270    208 
103      0      4     15     46    128    325    754   1690   3593   7192  13888  25437  44249  73433 115274 173009 245718 331322 424331 517147 598573 658996 690299 688745 656653 599643 523958 439426 354272 274902 205319 148180 103209  70012  46910  31279  21330  15255  11723   9620   8289   7364   6662   6061   5509   5039   4509   4015   3465   2992   2528   2098   1667   1353   1032    826    629    494    374 
104      0      8     21     68    206    521   1188   2612   5517  11138  21302  38788  67382 111449 175607 263322 374362 505191 647354 787850 911345 1002127 1050290 1048367 999737 911978 797504 669698 539813 419621 314372 226670 158042 107735  72198  48346  33131  23639  18039  14593  12545  11240  10317   9398   8574   7793   6962   6110   5343   4577   3854   3191   2596   2046   1609   1257    975    762    593 
105      0     10     29     74    189    475   1107   2409   5029  10084  19394  35440  61848 102640 161815 242153 344910 466063 597472 727867 843212 927382 970935 969970 925070 843177 737531 618993 498801 386997 289473 208721 145481  99300  66636  44707  30692  21928  16567  13528  11704  10500   9633   8666   7821   7102   6340   5602   4884   4247   3549   2919   2385   1895   1484   1145    897    699    531 
106      0      4      9     25     79    185    448    980   2102   4171   7960  14532  25420  41871  65987  98563 140474 189459 243613 296877 343798 377976 395542 394719 376453 343183 299786 251107 202945 157232 117419  84703  59002  40114  27078  18175  12499   8979   6867   5576   4770   4236   3822   3486   3167   2870   2581   2300   2001   1752   1465   1206    986    788    608    486    371    290    212 
107      0      6     11     28     67    168    386    859   1832   3688   7013  12810  22259  36947  58079  86801 123852 166957 214157 260409 301120 331300 347187 347079 330460 301435 263225 221158 178149 138258 103717  74943  52308  35636  23821  15995  11003   7884   5923   4774   4151   3696   3374   3078   2840   2557   2269   1988   1784   1565   1328   1075    875    730    624    506    406    323    250 
108      0      5     11     41    101    262    618   1332   2822   5729  10927  20138  34975  57976  91368 137078 194410 262658 336722 409729 474366 522984 547779 546470 521385 476047 415812 348493 281282 217990 163083 117639  81849  55675  37332  25056  17184  12298   9460   7600   6519   5816   5333   4923   4480   4090   3626   3137   2711   2324   1958   1616   1344   1063    852    669    521    403    300 
109      0      5     12     30     79    195    426    926   1995   4069   7857  14428  25301  41905  66278  99459 141381 190750 244360 297451 343917 378186 396103 395463 376686 343835 300557 251621 203009 157640 118060  85331  59594  40663  27321  18240  12473   8965   6904   5592   4859   4269   3852   3472   3131   2906   2588   2275   1990   1704   1437   1229    990    799    639    497    392    309    249 
110      0      8     15     40    104    255    621   1417   2937   5861  11167  20427  35804  59268  93626 140212 199153 269406 345410 421041 487161 535810 560803 559077 533612 486611 425563 356802 287575 223520 167551 121101  84533  57511  38698  26147  17979  12873   9901   8018   6902   6174   5618   5138   4716   4281   3840   3404   2983   2585   2177   1828   1510   1206    933    719    567    397    313 
111      0      6     15     49    138    339    741   1660   3401   6888  13238  24259  42202  69776 110220 165042 234625 317321 406553 494826 572958 629602 659573 659258 628774 573636 501842 419987 339035 263059 196710 141983  99117  67419  45422  30450  20754  14937  11387   9367   8113   7268   6636   6085   5501   4928   4347   3856   3332   2869   2453   2040   1693   1353   1078    839    631    481    367 
112      0      4      7     24     63    156    369    802   1666   3427   6616  11993  20680  34146  53761  80701 114998 154914 198784 242124 280158 308288 323196 323007 307705 281079 245280 205587 165977 128849  96260  69584  48573  32848  21943  14660   9987   7188   5476   4481   3844   3504   3202   2965   2756   2523   2245   1990   1703   1437   1202    984    789    640    485    403    309    242    177 
113      0      7     17     42    115    278    667   1428   3012   6163  11735  21491  37306  61782  97018 145405 206643 279062 357630 435086 503821 554297 579875 579051 552699 504312 441125 370817 299367 232434 173907 125502  87356  59511  39961  26773  18333  13026   9841   7974   6820   6191   5653   5165   4722   4314   3871   3400   2957   2554   2176   1807   1461   1158    930    720    540    433    346 
114      0      5     11     26     76    178    406    884   1893   3793   7279  13327  23140  38538  60605  90712 128709 173996 223428 272050 314093 346417 362587 362206 345600 315305 275467 230622 185770 144260 108004  77966  54312  36902  24941  16763  11441   8062   6092   4953   4305   3784   3450   3130   2889   2607   2366   2083   1802   1558   1308   1082    875    693    518    398    318    222    173 
115      0      6     14     34     93    232    539   1166   2501   5015   9698  17762  30864  51190  80603 120611 171618 232174 297443 362151 419087 460658 483308 481900 459368 418844 366331 307465 247992 192512 143925 104118  72459  49391  33126  22028  15006  10735   8244   6627   5624   5108   4699   4273   3911   3580   3167   2775   2420   2110   1765   1457   1171    964    758    600    458    366    261 
116      0      6     16     47    118    291    652   1440   3009   6122  11762  21553  37499  62092  97766 146676 208702 282166 361786 440486 509310 560558 586694 586355 559694 510132 446017 373903 301433 233887 174714 126151  88085  59938  40163  26923  18401  13091  10081   8153   7076   6265   5727   5235   4764   4317   3892   3450   2971   2531   2160   1814   1544   1242    989    803    601    450    324 
117      0      4     14     40    112    256    600   1332   2768   5585  10721  19765  34540  57182  89749 133998 190841 257770 330356 401793 464755 510707 535055 534609 509372 464492 406049 340198 274611 213039 159443 115068  80084  54801  36674  24414  16675  11938   9046   7279   6277   5619   5189   4798   4415   4023   3570   3097   2693   2296   1913   1590   1287   1018    840    681    549    440    344 
118      0      5     10     26     67    154    362    829   1769   3515   6714  12216  21252  35072  55310  83094 118265 160242 205361 250361 289554 318498 333500 333193 317145 289194 252565 211961 171102 132811  99240  71537  49782  33991  22855  15236  10408   7471   5653   4680   4075   3579   3299   3045   2766   2527   2226   1971   1722   1475   1239   1023    840    683    524    432    331    247    182 
119      0      7     17     52    146    371    886   1924   3977   8008  15267  27813  48243  79874 126075 188500 268071 361733 464067 564653 652980 718616 752988 752233 717423 653695 570569 478528 385795 299293 223729 161568 112907  76715  51512  34718  23790  17059  12998  10538   9022   7999   7198   6589   5997   5396   4774   4203   3670   3142   2654   2227   1824   1451   1171    922    725    552    450 
120      0      7     14     44    127    301    685   1453   3114   6168  11782  21567  37873  62631  98855 147936 209918 283449 363968 443484 513044 564428 591519 590782 563915 514455 449760 377122 304120 235825 176211 126856  88270  60215  40251  26960  18418  13226  10150   8235   7117   6340   5804   5284   4844   4399   3909   3368   2939   2503   2072   1698   1414   1108    849    661    494    395    302 
121      0      4     18     50    131    287    668   1506   3180   6416  12464  22792  39676  65431 103121 154643 220098 297684 381892 464794 538156 591382 618617 617588 588604 536476 468959 393831 317649 246079 184195 132888  92555  62980  42390  28350  19371  13916  10576   8654   7416   6583   5966   5539   5052   4506   4061   3627   3178   2690   2261   1856   1552   1270   1006    777    595    416    327 
122      0      6     23     58    153    379    917   1984   4188   8426  16086  29549  51420  85377 134588 201675 287280 388039 497981 606480 702451 772980 809123 807347 769798 702304 613541 514470 414372 321464 240471 173741 121398  82632  55492  37117  25446  18283  13842  11268   9702   8658   7909   7380   6696   6155   5505   4859   4232   3551   2955   2434   1974   1607   1304   1019    780    594    472 
123      0      6     16     47    132    307    712   1621   3369   6896  13338  24320  42248  70131 110392 165606 234983 317782 407421 496509 573935 631709 661994 661296 630521 575224 502589 421471 339954 263761 197176 142186  99044  67549  45414  30450  20739  14818  11330   9198   7889   7045   6460   5991   5470   4926   4423   3890   3386   2945   2456   2035   1660   1343   1050    826    672    509    385 
124      0     10     25     59    137    343    795   1725   3626   7293  14065  25721  44747  74114 116706 174767 248773 335422 430340 523734 605647 667202 699153 698636 665960 607857 531060 445315 359303 278955 208862 150801 105125  71603  47894  32010  21960  15656  11855   9759   8483   7607   6958   6383   5807   5208   4585   4063   3575   3060   2560   2113   1728   1368   1083    854    636    498    390 
125      0      7     19     51    129    316    708   1539   3253   6510  12401  22471  39095  64681 102134 152933 217746 293727 376239 458642 530637 584447 612104 611351 582996 531879 464945 390090 314462 243982 182470 131713  91861  62558  42014  28348  19337  13831  10535   8619   7450   6615   5965   5491   5020   4580   4096   3577   3063   2626   2208   1812   1472   1197    907    731    552    432    325 
126      0      7     24     63    175    416    983   2164   4573   9252  17785  32425  56469  93379 147252 220347 313221 423813 543619 661563 765384 842550 882667 880635 839195 764117 667814 560084 451636 350338 262409 189913 132556  90333  60532  40531  27701  19681  14970  12213  10549   9333   8506   7762   7125   6355   5699   5004   4349   3745   3163   2611   2128   1655   1307   1021    791    612    485 
127      0      6     15     46    123    311    711   1603   3503   7121  13585  24744  42830  71178 112229 167661 238473 322504 413150 503195 582348 640772 670831 669516 638619 582621 509513 427205 344961 267469 200079 144215 100776  68721  46174  30847  21046  15065  11524   9365   8097   7223   6551   5940   5402   4981   4466   3980   3460   2953   2468   2030   1645   1303   1026    795    629    483    375 
128      0      4      7     22     42    100    225    525   1117   2283   4357   8046  14030  23359  36874  55498  79127 106912 137090 166608 193057 212279 222292 222387 212055 192853 168547 141225 113958  88275  65825  47699  33320  22831  15259  10344   7056   5066   3820   3148   2657   2379   2167   1947   1774   1608   1439   1283   1090    947    797    660    553    457    356    274    228    165    125 
129      0      7     21     54    137    339    777   1670   3602   7205  13802  25310  43963  72770 114701 172077 244400 329799 423373 515689 596255 655689 686565 685464 654204 596534 521544 437399 352669 274171 205253 147781 103113  70227  46928  31561  21503  15379  11635   9586   8276   7388   6742   6197   5689   5153   4626   4040   3458   2977   2502   2080   1754   1440   1138    883    672    489    381 
130      0      6     11     40    106    241    558   1232   2637   5318  10236  18667  32638  53817  85000 127778 182028 245755 315459 384558 445073 489354 512886 511305 487678 445303 389304 326670 263933 204962 153802 111210  77517  52815  35587  23877  16329  11845   8928   7310   6228   5625   5032   4631   4217   3790   3396   3066   2653   2337   1978   1589   1316   1071    820    648    486    372    293 
131      0     10     26     79    187    449   1062   2303   4838   9666  18566  33967  59378  98440 155447 232481 330807 446574 572293 696810 805164 885485 927207 926422 883759 806576 705199 591577 477073 369836 276371 199699 139087  94696  63584  42548  28992  20711  15802  12978  11017   9913   9061   8312   7608   6946   6284   5610   4860   4195   3460   2870   2352   1890   1478   1114    858    641    508 
132      0      4      9     30     75    189    439    974   2122   4277   8265  15179  26445  43690  68620 102693 146002 197294 252317 307138 355064 390849 409591 409610 390525 356495 311613 261206 210777 163526 122785  88547  61738  42160  28035  18637  12823   9115   6905   5624   4827   4313   4011   3710   3363   3083   2725   2399   2097   1810   1558   1272   1064    846    633    479    383    303    236 
133      0      3      7     28     78    174    397    892   1865   3724   7082  12891  22320  37014  58398  87711 124973 168819 216353 263087 304200 334901 350567 350150 334191 304589 265989 223008 179730 139835 104798  75556  52680  35865  24137  16078  11105   7872   5956   4829   4230   3799   3436   3165   2881   2600   2362   2118   1833   1552   1268   1031    836    677    532    426    328    252    189 
134      0      8     18     56    151    358    832   1871   3973   8014  15317  27973  48864  80975 127529 190651 271137 365732 468380 570248 659829 724886 758828 757466 722188 659179 576020 483072 389367 302243 226101 162906 113701  77394  52071  34707  23763  16936  12876  10527   9068   8106   7419   6829   6313   5784   5143   4498   3933   3331   2780   2319   1927   1541   1255    953    731    543    406 
135      0      7     24     67    179    445    982   2143   4553   9341  17954  32856  57456  95028 149333 223403 317698 429295 549491 669211 773695 849942 890821 889293 847892 773632 676533 567516 457682 355453 266633 192442 134133  91284  61260  40945  28017  20100  15357  12528  10911   9701   8853   8041   7276   6561   5901   5153   4490   3878   3285   2685   2208   1767   1416   1117    888    685    514 
136      0      9     23     59    165    382    899   1927   4069   8152  15784  28976  50382  83536 131844 197182 280231 378947 486242 592010 684340 753439 788530 787741 751667 685560 599732 503800 406102 315551 236137 170490 119075  81002  54374  36438  25126  17991  13604  11027   9450   8369   7703   7028   6481   5910   5339   4683   4080   3498   2935   2427   1973   1557   1259    966    740    581    460 
137      0      3      7     31     61    144    323    724   1537   3105   6036  11044  19343  32021  50452  75434 107239 144677 185121 225403 260629 286796 300558 300090 286201 260788 227901 191558 154456 119866  89935  64645  45021  30578  20452  13786   9517   6932   5234   4194   3588   3268   2976   2737   2531   2295   2050   1842   1598   1359   1145    935    752    588    460    363    280    219    159 
138      0      4     11     29     76    181    412    899   1864   3800   7229  13156  22836  37826  59438  89070 126718 171167 219465 267342 308821 340102 356176 355753 339807 310470 271099 227501 183228 142162 106025  76408  53330  36230  24245  16302  11126   7980   6106   4999   4325   3865   3516   3251   2938   2655   2414   2106   1795   1578   1321   1075    891    722    550    437    342    254    185 
139      0      5     12     34     95    226    501   1085   2258   4596   8773  16051  27915  46195  72773 108945 155084 209274 268648 327093 378335 416585 436129 436201 415924 379559 331931 278454 224566 173783 130203  93964  65464  44466  29883  20015  13724   9754   7474   6066   5185   4648   4225   3878   3581   3290   2968   2577   2264   1923   1664   1374   1125    900    724    581    435    335    261 
140      0      5     13     36     96    234    558   1246   2624   5201   9985  18273  31941  53049  83331 124587 177153 239668 307530 374046 433085 476517 500138 499588 476677 435077 380150 318726 256958 199741 149443 107805  75275  51084  34186  22804  15516  11010   8461   6933   6040   5357   4877   4494   4102   3761   3343   2925   2555   2148   1813   1497   1246    983    768    608    492    396    290 
141      0      4     13     44    124    309    686   1536   3325   6687  12828  23393  40792  67595 106807 159870 227517 307625 393901 479359 554546 610630 639551 638566 608825 556137 486288 407720 329367 255445 190893 137616  96049  65582  44135  29497  20216  14389  10889   8883   7720   6964   6346   5756   5225   4780   4281   3782   3287   2833   2416   1983   1610   1313   1054    800    634    500    388 
142      0      7     18     57    148    354    783   1709   3578   7135  13649  24889  43207  71575 113239 169901 242009 327305 419374 510532 590257 650400 680410 678950 647656 591086 516197 432947 349308 270919 202765 146570 102280  69405  46669  31202  21297  15209  11595   9499   8163   7349   6637   6132   5542   5056   4527   4019   3457   2935   2445   2037   1697   1331   1063    810    636    474    354 
143      0      4      8     31     79    199    462   1057   2305   4653   8875  16369  28708  47564  74998 112157 159327 215243 276209 336813 389389 428626 448607 447864 427434 390342 341098 286511 231047 178934 133584  96534  67361  45827  30635  20574  13995   9982   7681   6336   5433   4892   4448   4104   3718   3386   3014   2657   2308   1982   1662   1403   1148    922    747    589    466    350    264 
144      0      4      8     23     57    124    288    655   1366   2785   5402   9851  17253  28530  44912  67224  95621 128984 165346 201324 232933 256244 268738 269143 256681 233932 203944 170796 137756 106783  79672  57505  40178  27321  18428  12295   8448   6015   4579   3742   3180   2812   2555   2340   2127   1947   1771   1614   1415   1219   1029    868    717    597    437    344    268    191    141 
145      0     11     25     65    169    398    910   2016   4302   8741  16845  30851  53692  88715 139886 209289 297331 401687 515648 628312 726641 799602 837648 836302 797413 726715 635020 532604 428797 332798 248882 179468 124939  84761  56860  38104  26224  18778  14445  11726  10137   9098   8312   7645   6944   6300   5609   4965   4260   3644   3017   2559   2074   1654   1339   1061    826    640    493 
146      0      9     22     70    176    418    960   2125   4505   9049  17301  31704  55304  91308 143932 215536 306786 414921 532391 647566 749137 823837 862292 860782 821174 749004 654499 548974 442980 343802 257250 185595 129601  88050  59120  39588  27134  19541  14858  12132  10421   9354   8544   7844   7181   6621   5886   5138   4476   3852   3223   2666   2168   1744   1384   1071    827    656    499 
147      0      5     11     31     76    189    414    914   1955   3945   7660  14035  24251  40228  63455  94918 135322 182869 234598 285674 329950 362721 380082 379673 362003 330319 288622 242306 194965 151521 113221  81736  57064  38961  26154  17496  11955   8570   6560   5406   4590   4075   3743   3402   3158   2840   2554   2209   1889   1588   1300   1082    896    717    562    439    351    266    199 
148      0      7     11     34    102    242    565   1262   2676   5352  10205  18533  32231  53514  84231 126248 180180 243257 311656 378927 438937 482789 505668 504822 481208 439253 383704 321899 259502 201557 150704 109003  76351  52085  34929  23230  15940  11265   8566   7030   6043   5407   4937   4543   4116   3694   3339   2926   2510   2164   1823   1495   1207    992    775    628    478    362    273 
149      0      7     14     40    100    264    631   1329   2789   5662  10844  19696  34282  56813  89156 133524 189766 256412 328804 400439 463383 509782 533627 533030 508854 463895 405209 340228 274451 212915 159276 115021  80195  54486  36619  24664  16725  12022   9274   7515   6479   5797   5316   4873   4502   4111   3646   3257   2827   2449   2036   1677   1322   1051    842    637    480    363    274 
150      0     10     27     75    183    441   1027   2268   4811   9670  18693  34014  59058  97873 154185 231522 329416 445567 572292 696935 806684 888056 930156 928379 884829 807153 705987 592295 477041 370493 277253 200175 139385  95099  63853  42641  29150  20776  15851  12893  11144   9875   9021   8322   7643   6869   6161   5440   4737   4052   3436   2900   2368   1887   1479   1183    897    677    555 
151      0      6     12     49    122    301    705   1532   3238   6555  12676  23099  40154  66376 104458 156662 222278 300861 385384 469297 543047 597234 625816 624239 595708 542947 474718 398104 321531 249763 187207 134902  93853  64077  43037  28878  19848  14190  10808   8853   7669   6906   6255   5711   5206   4731   4247   3738   3239   2763   2319   1960   1647   1331   1058    824    631    499    398 
152      0      4      8     20     48    127    293    699   1514   3067   5862  10807  18862  31222  49399  73918 105246 141857 182389 222032 256788 282191 295276 295247 281678 257269 224826 188406 151753 117592  87854  63365  43904  29979  20109  13453   9313   6698   5049   4062   3541   3162   2896   2639   2413   2217   1975   1727   1465   1254   1061    886    725    574    465    363    308    233    188 
153      0      3      7     20     53    129    307    694   1460   2953   5717  10430  18132  29789  46825  69978  99316 134183 171949 209483 242264 266595 279064 279215 265997 242771 212325 178258 144122 111685  83459  60169  41836  28664  19187  12871   8889   6344   4837   3887   3346   3041   2770   2571   2307   2082   1863   1625   1371   1159    956    799    635    537    427    321    243    189    147 
154      0      5      9     28     83    192    466   1008   2189   4410   8439  15610  27166  44785  70693 106203 150792 203583 261389 318710 368353 404981 424820 424051 404727 369095 323249 271202 218694 170171 127578  92380  64413  43923  29590  19703  13409   9576   7255   5832   5024   4470   4150   3772   3456   3069   2787   2466   2177   1830   1529   1262   1013    819    670    535    398    323    237 
155      0      5     14     45    109    235    517   1139   2454   4922   9421  17011  29625  49258  77317 115762 164571 222435 285261 347768 402620 442569 463723 462502 441028 402288 351065 294981 237853 184194 137806  99132  69071  47091  31548  21131  14550  10380   7947   6468   5643   5090   4622   4218   3833   3450   3069   2663   2298   1936   1615   1323   1079    879    693    553    453    350    287 
156      0      4      8     23     64    140    319    732   1624   3272   6261  11529  19860  32807  51852  77532 109913 148507 190303 232245 268760 295802 309867 309345 294659 268635 235072 197172 159035 123330  92263  66400  46279  31496  20969  14022   9636   6900   5293   4283   3635   3302   2995   2762   2518   2292   2045   1811   1592   1347   1148    974    793    662    497    387    305    239    178 
157      0      7     21     65    152    385    926   2035   4281   8610  16601  30270  52822  87465 137741 206156 293155 396079 507690 618382 715101 787053 824770 823261 785132 716178 626321 525595 423145 328240 245477 176923 123488  83798  56173  37708  25799  18707  14379  11735  10028   8954   8176   7431   6736   6111   5532   4895   4244   3632   3009   2449   1963   1562   1230    956    759    585    448 
158      0      9     25     70    167    422    973   2110   4487   9003  17223  31542  54992  90870 142813 213552 303694 410560 525927 641015 741140 815425 853666 852895 812808 741544 648065 543161 437948 340385 254552 183946 128813  87785  58874  39388  27036  19232  14718  11990  10256   9137   8319   7665   6962   6287   5607   4987   4323   3697   3088   2565   2062   1648   1353   1060    814    627    479 
159      0      8     27     70    175    404    977   2191   4625   9289  17677  32096  55936  92728 146093 218559 311596 420777 539385 657265 759941 835647 874723 873790 833917 760417 664112 557176 448944 348588 260323 187894 131173  89255  59725  39858  27520  19629  14827  12056  10444   9361   8567   7845   7146   6411   5744   5142   4524   3891   3250   2709   2180   1750   1428   1119    872    647    476 
160      0      4     13     34     81    185    443    929   1963   3969   7513  13754  24120  40001  63165  94871 134864 182148 233304 283888 328947 362278 379311 378208 360853 329239 287869 241285 194735 151073 112871  81517  56756  38765  25981  17554  12033   8532   6514   5273   4513   4010   3695   3389   3096   2855   2579   2279   1994   1697   1415   1201    954    767    620    466    368    285    223 
161      0      6     11     24     59    135    305    661   1413   2873   5554  10119  17699  29347  46331  69106  97752 131725 169170 205414 237863 262151 274242 274359 261378 238639 208813 175156 141455 110034  82242  59263  41428  28042  18949  12662   8718   6228   4662   3815   3263   2938   2646   2394   2185   2003   1786   1565   1369   1193   1017    844    672    539    441    351    262    185    144 
162      0      6     13     34     99    219    498   1129   2428   4894   9408  17237  29941  49488  78092 116854 166573 225023 288161 350964 405896 446711 467308 466391 444981 405946 354598 297264 240071 186233 139134 100374  70039  47738  32022  21525  14561  10410   7900   6351   5566   4993   4537   4089   3736   3394   3030   2668   2355   2045   1703   1428   1186    948    760    588    429    318    231 
163      0      5      9     29     72    169    395    881   1891   3801   7226  13156  22961  38252  60294  91048 129524 174940 224523 273633 315956 347066 363007 362299 345116 314652 275168 230523 185801 143592 107419  77496  54099  36873  24670  16477  11376   8039   6133   4999   4374   3907   3593   3321   3045   2728   2441   2097   1804   1550   1303   1091    901    717    554    447    344    263    220 
164      0      6     17     50    131    325    760   1722   3592   7227  13937  25464  44453  73525 116032 173728 246937 333429 428154 521487 603785 664174 695630 693649 661854 603981 527737 443029 357043 277346 207751 150258 104736  71027  47610  31865  21765  15750  12072   9860   8467   7606   6955   6414   5875   5327   4765   4181   3576   3095   2581   2111   1734   1425   1088    830    638    496    393 
165      0      9     31     79    203    497   1096   2453   5158  10303  19683  36031  62444 103361 162930 244706 348456 470601 604083 735544 850435 936729 980686 979658 933957 851862 744259 623630 502988 390349 292154 210914 147427 100928  67784  45348  30866  21980  16662  13648  11821  10559   9732   8886   8097   7302   6586   5849   4994   4274   3650   3029   2427   1965   1547   1163    915    708    552 
166      0      9     23     65    185    442   1040   2274   4722   9408  18085  32943  57270  94874 149139 223309 317885 429617 550621 671141 776305 854154 894178 893290 852619 776767 678842 569887 459992 357301 267351 192735 134552  91615  61600  41524  28457  20178  15302  12459  10768   9586   8740   7996   7311   6539   5900   5222   4521   3858   3249   2675   2186   1762   1386   1088    847    647    503 
167      0      6     12     31     73    169    403    907   1891   3825   7306  13315  23252  38493  60374  90230 128785 173874 222924 271229 314016 345680 361933 361547 344546 314494 275196 231032 186311 145068 108296  78323  54594  37095  24757  16598  11321   8159   6175   5015   4436   4001   3674   3390   3079   2782   2491   2179   1915   1631   1377   1141    934    744    562    432    341    252    196 
168      0      5     11     34     92    220    471   1032   2205   4483   8590  15681  27444  45581  71746 107705 152881 206369 264151 321363 371951 408677 428319 427374 407855 372141 325470 273078 220238 171050 127882  92547  64764  44190  29551  19693  13524   9637   7434   6161   5244   4654   4189   3842   3509   3136   2840   2512   2179   1882   1585   1341   1091    847    676    502    415    317    254 
169      0      9     33    108    267    667   1552   3458   7150  14220  27325  50018  87294 144413 227810 340709 484558 655102 840353 1024106 1185023 1302793 1364410 1362352 1299471 1184902 1034920 868359 699862 543890 406618 293238 204470 139186  92989  62448  42456  30587  23317  19170  16494  14731  13434  12391  11425  10282   9182   8078   6992   5966   4978   4154   3398   2714   2133   1670   1300    989    747 
170      0     10     23     69    181    425    968   2138   4518   9173  17633  32185  55898  92183 145201 217706 309369 418034 536228 652956 755821 831173 870825 868371 827480 754490 659415 552443 445611 345991 258553 186960 130302  88544  59247  39690  27188  19421  14823  12141  10441   9318   8484   7843   7138   6424   5717   5004   4346   3657   3134   2550   2090   1675   1321   1075    839    633    485 
171      0      3      4      9     28     74    200    423    898   1807   3439   6244  10808  17794  27929  41711  59268  79875 102286 124846 144610 158912 166504 166383 159068 144984 126607 105845  85367  66017  49184  35540  24855  16997  11456   7719   5311   3819   2934   2364   2038   1851   1650   1483   1330   1188   1078    944    815    695    599    490    397    324    265    208    150    120     98 
172      0      5     10     23     58    124    284    645   1393   2730   5324   9693  16957  28233  44498  66756  95298 128585 164840 200365 232192 255342 267668 267384 254663 232256 203159 170504 137594 106792  79716  57412  40079  27287  18263  12424   8535   6055   4657   3813   3333   2923   2632   2443   2261   1997   1782   1594   1386   1154    986    817    680    529    423    339    258    189    145 
173      0      8     24     65    176    441   1006   2246   4734   9549  18296  33503  58458  96676 152299 228047 324109 437697 560718 682641 790024 869114 910972 909628 866993 791628 692245 580368 468419 363024 271552 196132 136643  92942  62317  41548  28510  20360  15447  12440  10776   9697   8881   8195   7512   6777   6025   5299   4652   3921   3255   2634   2110   1708   1359   1099    869    676    523 
174      0     13     31     84    213    500   1199   2668   5492  11178  21445  39357  68753 113711 179196 268644 381902 515736 662039 805911 933118 1027368 1075644 1074140 1025366 935113 817348 685338 553030 429013 320526 231237 161351 109849  73652  49346  33753  24109  18367  14925  12938  11625  10675   9740   8871   8015   7243   6430   5622   4791   3981   3290   2690   2159   1695   1356   1078    819    658 
175      0      8     19     59    155    370    848   1825   3874   7768  14864  26957  47112  77967 122971 183834 261241 353179 451970 550770 636757 699514 732417 731788 697415 636333 556530 467130 376688 292469 218544 157827 110140  75254  50440  33877  23070  16538  12542  10205   8822   7924   7257   6661   6071   5487   4923   4323   3739   3172   2664   2196   1826   1463   1170    921    720    554    413 
176      0      7     21     62    152    395    938   2130   4511   8979  17070  31267  54440  90261 142412 213256 303537 410202 525438 639495 739496 812817 850837 849162 809892 739277 647171 543600 438084 339549 253895 183230 127604  86742  58465  39233  26937  19296  14771  11979  10337   9345   8432   7709   6995   6327   5611   4978   4337   3695   3120   2559   2100   1674   1332   1044    800    602    481 
177      0      3      5     17     47    117    252    554   1182   2284   4427   8134  14037  23267  36769  54991  78246 106031 136020 165615 191519 210248 219760 219553 209395 191177 167218 140327 113140  88089  65870  47669  33055  22546  15074  10141   6877   4954   3786   3082   2600   2364   2102   1976   1846   1685   1476   1287   1144    968    837    687    546    443    350    259    190    145    114 
178      0      2      2     12     32     85    194    426    889   1790   3450   6336  11049  18404  28835  43227  61435  83028 106106 129297 149912 165076 173369 173318 165143 150660 131734 110678  89248  69564  51927  37517  26119  17840  11995   8057   5550   3888   2949   2471   2148   1888   1736   1567   1417   1307   1178   1041    926    804    678    544    449    341    277    222    186    144    115 
179      0      5      9     22     55    129    287    626   1254   2550   4894   8970  15454  25451  39983  59868  85430 115660 148040 180137 208253 229258 239815 239150 228214 208432 182316 153002 123512  96034  71707  52058  36249  24556  16394  11124   7627   5481   4189   3356   2936   2617   2371   2181   1953   1768   1609   1392   1232   1069    900    743    623    502    378    287    220    162    131 
180      0      3      4     14     41     95    212    448    956   1902   3645   6728  11928  19759  31077  46630  66158  89180 114355 138988 161133 176989 185071 185067 176632 161286 141160 118431  95676  74037  55393  40061  27959  18882  12692   8519   5828   4187   3183   2597   2220   1973   1793   1672   1531   1363   1252   1125    988    851    708    591    475    380    294    233    171    127     97 
181      0      5     12     31     82    201    486   1026   2068   4179   7976  14466  25167  41690  65682  98712 140841 190236 244015 296916 343718 377907 396018 395850 377450 344558 301236 252532 203899 158126 118313  85452  59395  40415  27210  18185  12312   8897   6760   5506   4742   4211   3850   3538   3233   2893   2627   2324   2056   1752   1474   1219    952    745    592    475    375    281    218 
182      0      6     18     42    117    300    701   1591   3365   6693  12715  23206  40283  66839 105551 157980 224626 303383 389419 474781 549246 603958 632344 630408 601239 547884 479218 402564 324877 251964 188464 136252  95307  64773  43299  28898  19689  14030  10796   8722   7522   6666   6174   5685   5184   4640   4157   3710   3221   2772   2323   1919   1571   1245    996    790    635    495    384 
183      0      8     17     56    156    389    901   2041   4274   8588  16451  30190  52732  87488 137515 205732 292279 394723 506199 616299 713101 784105 821363 820589 782241 713186 622925 522115 420598 326271 244057 176178 122993  83664  56159  37614  25572  18319  13969  11513   9987   8913   8057   7340   6751   6157   5511   4809   4136   3542   2949   2437   1955   1545   1211    957    716    550    403 
184      0      3      7     22     70    145    339    772   1659   3316   6435  11810  20473  33994  53811  80991 115359 156333 200425 243885 282213 309511 324717 324405 309091 281596 246559 206485 166633 129297  96894  69880  48570  33083  22144  15017  10193   7307   5551   4509   3858   3502   3133   2865   2649   2438   2200   1957   1687   1422   1233   1004    836    670    543    420    327    254    200 
185      0      5     17     54    144    343    793   1747   3635   7425  14099  25652  44555  73787 116223 174032 247284 333672 427442 520018 601816 661990 693046 691367 659162 601418 526041 441644 356268 276525 207082 149413 103989  70624  47332  31868  21784  15637  11798   9625   8332   7493   6763   6184   5670   5135   4608   4081   3543   3017   2577   2104   1722   1364   1073    832    630    485    387 
186      0     10     32     84    216    516   1195   2665   5596  11344  21904  40347  70387 116287 183000 273619 389560 526797 675274 822170 951612 1045682 1094901 1093622 1042662 951000 831465 698243 563594 438534 327769 236504 164798 112199  75318  50564  34532  24515  18446  14931  12862  11556  10570   9647   8761   7998   7180   6429   5624   4852   4113   3450   2794   2262   1796   1403   1071    798    605 
187      0      4     14     35     95    229    518   1142   2393   4783   9160  16643  29116  48065  75775 113840 161899 218646 280591 342040 395925 434970 455670 454710 433034 394493 344817 288873 233281 181215 135530  97707  68037  46417  31038  20889  14294  10196   7787   6322   5476   4885   4466   4167   3833   3510   3089   2677   2349   1925   1652   1357   1097    870    686    541    402    296    230 
188      0      8     19     55    138    345    793   1747   3745   7593  14598  26697  46506  77005 121439 181734 258914 350295 449905 547566 633114 696703 730189 729403 695368 634430 554453 464297 374598 291202 217560 157283 109529  74593  50071  33592  23070  16430  12507  10127   8696   7812   7150   6535   6022   5393   4861   4249   3702   3238   2726   2256   1894   1487   1203    933    693    531    417 
189      0      5     15     44    105    262    586   1286   2738   5491  10483  19262  33567  55598  87392 130934 186532 252285 323262 393555 455451 500597 523505 522979 499285 455431 398261 333802 269216 208957 156121 112632  78832  53846  36016  24207  16497  11884   9064   7368   6313   5649   5115   4705   4285   3883   3511   3095   2737   2380   1972   1662   1347   1080    871    676    510    395    295 
190      0      5     11     29     75    189    454   1006   2102   4253   8208  15050  26041  43258  68183 102011 144946 196274 252040 307003 355600 391506 409492 408874 389836 355439 310321 260586 210207 163139 122237  88193  61665  41863  28090  18886  12923   9219   7020   5739   5016   4494   4060   3754   3397   3050   2725   2415   2095   1821   1571   1288   1064    862    674    535    430    339    264 
191      0      5     10     30     78    199    462   1046   2250   4539   8782  15861  27543  45474  71688 107380 153033 206820 264888 322225 372447 409799 429021 428330 408368 372434 325724 273262 220145 171130 128115  92680  64575  43936  29433  19636  13527   9603   7375   5969   5157   4570   4176   3838   3481   3152   2827   2531   2252   1908   1612   1334   1112    834    660    537    418    329    262 
192      0      5     10     36     93    233    565   1219   2564   5199   9989  18147  31888  52726  83206 124148 177112 239328 306748 373484 431026 473945 496283 495533 472560 431059 377200 316668 255658 198472 148445 107408  74818  50800  34144  22879  15709  11348   8732   7082   6121   5374   4847   4390   3994   3662   3285   2864   2522   2175   1822   1533   1264   1008    823    654    504    393    288 
193      0      7     19     61    146    359    847   1890   3959   7895  15203  27994  48878  81191 127796 191462 272429 368370 472185 575246 666035 731814 766413 764774 729153 664532 580625 486749 392675 305228 228546 164812 114845  78293  52720  35343  24308  17372  13255  10770   9339   8269   7500   6855   6230   5626   5036   4438   3857   3272   2729   2267   1847   1487   1181    940    744    587    459 
194      0      6     19     60    145    331    790   1738   3712   7509  14519  26434  45833  75883 119397 178892 255132 344430 441950 538292 622916 685581 717145 715571 682556 622819 543990 456163 368086 286192 213973 154595 107607  73219  49129  33062  22484  16162  12249  10092   8771   7786   7171   6533   5816   5329   4789   4220   3653   3083   2604   2133   1738   1415   1121    882    669    517    407 
195      0      6     10     30     88    201    464   1024   2242   4527   8687  15902  27597  45675  72356 108579 154818 209520 268190 326356 377604 415387 434629 433880 413899 377985 330369 277488 223856 173680 130055  93469  65240  44600  29896  20050  13763   9813   7532   6144   5316   4805   4407   4005   3646   3306   2924   2612   2246   1899   1604   1313   1060    866    699    536    408    330    257 
196      0      5     12     34     90    233    548   1200   2549   5121   9769  17800  30917  51175  80920 121434 172821 232668 298450 363768 420410 463066 484851 484434 461793 421291 367586 308301 248506 193169 144853 104775  73242  49731  33388  22261  15288  10750   8197   6762   5855   5324   4890   4438   4023   3662   3309   2846   2399   2062   1745   1436   1220    978    775    604    459    338    249 
197      0      5     13     35     99    236    555   1193   2522   5013   9596  17594  30590  50973  80229 120268 171226 230954 296262 361032 417889 459790 481633 480595 458370 418048 365516 306077 246913 191394 143354 103644  72245  49234  33161  22156  15263  10905   8294   6756   5857   5268   4755   4432   4043   3614   3204   2831   2463   2125   1762   1427   1177    940    748    576    450    348    253 
198      0      6     20     67    169    421    909   1992   4202   8374  16153  29601  51555  85294 134435 201273 285679 385846 495019 602594 697866 767681 804074 803140 765409 697526 609880 511744 412715 320434 239841 173134 120787  82278  55380  37034  25262  18063  13746  11286   9780   8709   7957   7272   6636   6015   5419   4805   4198   3606   2983   2479   2038   1646   1298   1038    793    624    488 
199      0      7     19     48    136    339    781   1770   3694   7400  14160  25862  44807  74165 116892 174749 249309 337218 432643 526513 609329 670026 701805 700081 667810 609007 532008 446387 359979 279654 209385 151056 105659  71923  48282  32487  22136  15824  12081   9803   8397   7532   6854   6217   5662   5168   4635   4036   3486   2946   2451   2005   1634   1293    999    788    601    468    365 
