000      0      0      2      2      2      3      3      3      4      6      7     11     17     20     32     43     48     59     69     76     81     81     77     73 
001      0      0      2      2      2      2      3      3      5      5      8     10     13     17     21     21     29     35     41     47     49     50     47     44 
002      0      0      1      1      1      1      1      3      3      5      8      9     18     20     32     41     47     52     56     60     64     63     65     61 
003      0      0      2      2      3      3      3      3      5      5      9      9     15     22     27     40     49     52     57     64     63     66     64     60 
004      0      0      2      2      2      2      2      2      4      4      5      7     12     16     18     23     30     36     42     44     45     47     45     40 
005      0      0      2      2      3      3      3      3      3      6      6     10     14     18     26     33     39     49     57     61     60     61     55     55 
006      0      0      2      2      2      2      3      3      4      6      7     10     12     16     20     21     26     27     29     30     31     32     31     30 
007      0      0      2      2      2      3      3      3      3      3      3      5      6     11     16     19     21     23     27     28     28     28     28     24 
008      0      0      2      2      2      3      3      3      4      4      6     10     12     12     19     22     26     32     34     38     41     41     38     36 
009      0      0      2      2      2      2      2      2      2      2      2      2      1      3      3      5      6      7      7      7      9     10     10     10 
010      0      0      2      2      2      2      3      3      3      3      7     12     16     23     29     36     39     46     54     60     64     68     66     60 
011      0      0      2      2      2      2      2      2      3      4      6      9     13     15     28     35     42     48     57     62     67     68     65     59 
012      0      0      2      2      2      2      2      2      3      3      4      6      6      8     14     17     22     29     33     34     32     31     30     28 
013      0      0      2      2      2      2      2      2      4      5      6      6      6      7     10     15     17     20     23     23     25     25     25     25 
014      0      0      2      2      2      2      3      3      4      5      7     11     12     17     21     23     27     31     36     37     35     34     34     29 
015      0      0      2      2      2      2      2      3      3      5      5      6      8     14     22     30     45     55     61     64     68     68     65     69 
016      0      0      2      2      2      2      2      2      2      3      3      5      6      5      7     10     14     16     19     19     20     19     18     19 
017      0      0      2      2      2      2      2      2      2      4      5      9     15     24     34     44     54     60     65     70     73     79     81     75 
018      0      0      2      2      2      2      3      6      8     12     15     18     27     38     51     69     84    101    114    116    121    130    125    121 
019      0      0      2      2      2      2      2      2      4      6      8      9     14     17     20     29     31     33     32     37     38     37     35     33 
020      0      0      2      2      2      2      2      2      3      3      5      8     12     22     29     51     71     76     90     99    104    105    109    105 
021      0      0      2      2      2      2      2      3      3      3      4      4      6     10     15     22     29     35     37     44     51     54     55     53 
022      0      0      2      2      2      2      2      4      6     10     14     17     21     29     46     62     74     85     95     97     98     98    100     95 
023      0      0      2      2      2      2      3      7     10     10     12     21     30     41     51     63     83     95    106    111    116    112    117    113 
024      0      0      2      2      2      3      3      3      5      5      7     11     14     22     23     27     38     45     50     55     58     59     58     58 
025      0      0      2      2      2      2      2      2      3      3      4      3      4      6      8      9      9     11     12     10     11     11     11     11 
026      0      0      2      2      2      2      2      2      4      7      7     10     16     23     26     28     35     37     43     50     54     56     51     48 
027      0      0      2      2      2      2      3      3      4      6      6      6     10     16     21     32     39     50     51     57     65     64     60     58 
028      0      0      2      2      3      3      5      9     10     13     21     27     36     44     61     71     82     90     94    101    105    107    106     99 
029      0      0      2      2      2      2      2      2      2      4      7     11     18     22     24     31     41     44     50     55     54     54     46     42 
030      0      0      2      2      2      2      2      2      2      2      3      5      4      6     11     15     23     25     28     28     29     29     29     26 
031      0      0      2      2      2      2      2      3      3      3      3      6     11     16     23     28     40     45     51     53     59     58     57     53 
032      0      0      2      2      2      2      2      2      2      3      3      3      4      3      6      8      8      8      9     10     11     12     11     11 
033      0      0      2      2      2      2      2      2      2      3      4      7     11     14     22     33     43     47     51     60     63     60     59     55 
034      0      0      2      2      2      3      3      6      9     10     16     18     25     35     43     56     68     76     87     92     95     91     90     85 
035      0      0      2      2      2      2      2      2      3      3      3      3      6     10     10     14     16     21     24     27     28     33     31     30 
036      0      0      2      2      2      2      3      3      3      6      9     14     19     24     30     35     43     50     57     60     64     66     64     58 
037      0      0      2      2      2      2      2      3      5      8     13     24     39     52     74     92    121    141    151    162    165    166    160    152 
038      0      0      2      2      2      2      2      3      5      5      5      6      8     12     15     19     20     25     26     31     30     29     28     26 
039      0      0      2      2      2      3      3      4      4      6      9     16     19     28     39     46     52     64     74     80     77     79     73     67 
040      0      0      2      2      2      2      2      2      3      4      7     10     14     19     23     27     31     35     40     44     46     46     46     42 
041      0      0      2      2      2      2      3      5      6      8     10     10     15     24     35     41     50     56     59     66     64     65     66     57 
042      0      0      2      2      2      2      2      2      3      3      5      8     15     24     30     38     47     58     64     73     70     75     72     70 
043      0      0      2      2      2      2      2      2      4      7     11     17     21     28     33     41     53     55     64     66     67     68     61     59 
044      0      0      2      2      2      2      2      3      6     12     13     21     29     41     55     78     92    107    120    130    138    141    133    121 
045      0      0      2      2      2      2      4      5      7      9     10     13     19     27     33     39     44     52     55     55     60     56     54     50 
046      0      0      2      2      2      2      2      2      2      2      2      5      8     16     19     23     25     30     31     35     37     38     39     33 
047      0      0      2      2      2      2      2      2      2      2      5      7      9     15     24     28     36     40     43     48     48     51     51     49 
048      0      0      2      2      2      2      2      3      4      4      6     10     17     23     32     43     48     53     60     66     65     67     66     61 
049      0      0      2      2      2      2      2      2      2      2      2      3      4      9     11     12     14     18     22     24     26     27     26     26 
050      0      0      2      2      2      2      2      2      2      2      2      4      5      7      9     14     17     21     23     24     25     25     25     24 
051      0      0      2      2      2      3      3      5      5      9     13     19     32     53     68     84     98    112    123    127    139    144    136    124 
052      0      0      2      2      2      2      2      4      4      5      5     12     19     27     39     46     55     69     80     88     87     88     85     82 
053      0      0      2      2      2      2      2      2      2      5      6      9     13     15     19     25     29     32     36     37     37     36     38     34 
054      0      0      2      2      2      2      3      4      4      6      8     13     18     20     30     37     42     50     55     59     61     59     57     50 
055      0      0      2      2      2      2      2      2      3      6      8     11     19     30     37     53     62     70     82     88     93     97     98     93 
056      0      0      2      2      2      2      2      3      4      6      6     11     16     27     39     48     54     64     69     78     83     82     81     77 
057      0      0      2      2      2      3      5      7      7      9     13     19     20     26     34     37     43     50     54     55     57     58     52     47 
058      0      0      2      2      2      2      2      2      4      8     11     15     28     38     47     66     81     95    101    104    108    112    108     95 
059      0      0      2      2      2      3      4      4      4      7      8     14     24     34     41     49     69     73     78     86     87     85     83     72 
060      0      0      2      2      2      2      2      3      3      4      6      7      8     11     16     23     28     35     40     43     44     45     47     49 
061      0      0      2      2      2      2      2      3      4      5      7      9     11     18     32     41     51     63     74     80     84     84     82     80 
062      0      0      2      2      2      2      2      2      2      2      4      5      7     11     18     28     33     40     42     47     50     49     47     44 
063      0      0      2      2      2      2      2      3      4      4      4      5      6     11     13     19     21     27     37     43     43     44     44     38 
064      0      0      2      2      2      2      3      7      8      8     13     22     32     39     47     64     80     93    105    106    107    109    109     99 
065      0      0      2      2      2      2      2      2      3      3      9     14     22     31     36     50     57     67     68     73     80     84     79     73 
066      0      0      2      2      2      2      3      3      4      8      9     15     18     30     39     55     65     82     88     98    104    106    107     96 
067      0      0      2      2      2      2      5      6     10     16     21     33     41     53     74     92    114    136    143    152    161    163    151    146 
068      0      0      2      2      2      2      2      2      2      2      3      3      4      8      7     11     16     21     25     26     29     30     27     25 
069      0      0      2      2      2      3      3      4      5      7     10     17     21     28     37     55     66     84     96    103    107    107    107    105 
070      0      0      2      2      2      2      2      6      6      9     17     25     35     46     70     90    108    123    140    152    155    160    151    147 
071      0      0      2      2      2      2      2      7      9     13     16     25     32     41     54     66     80     96     99    110    112    114    112    105 
072      0      0      2      2      2      2      3      3      6      6     10     21     28     52     71     80     99    111    130    144    146    147    140    124 
073      0      0      2      2      2      2      2      2      2      4      8     10     14     18     26     35     45     51     54     56     61     64     61     59 
074      0      0      2      2      2      2      2      2      3      5      8     10     14     25     36     47     65     83     90     98    100     99     99     95 
075      0      0      2      2      2      2      3      3      3      4      5      5     10     17     21     27     32     38     44     50     54     56     57     50 
076      0      0      2      2      2      2      2      2      2      2      2      1      2      3      5      7     11     11     15     15     16     16     14     14 
077      0      0      2      2      2      2      2      2      3      5      8     11     16     27     41     49     65     80     92     97    103    106    108    102 
078      0      0      2      2      2      2      2      3      3      5      6      9     18     27     33     42     48     61     66     75     76     74     69     61 
079      0      0      2      2      2      2      3      3      3      8     13     17     29     38     52     67     83     99    118    126    127    125    124    120 
080      0      0      2      2      2      2      2      2      5      7     12     12     18     22     27     37     44     52     62     71     72     75     71     64 
081      0      0      2      2      2      2      2      3      3      3      5      7     10     12     16     20     22     24     28     32     35     37     37     36 
082      0      0      2      2      2      2      2      2      2      2      3      5      7      9      9     11     13     17     19     20     22     21     18     18 
083      0      0      2      2      2      2      2      2      2      2      4      8     11     12     15     17     19     19     23     24     27     24     22     22 
084      0      0      2      2      2      2      2      2      3      5      5      5     10     11     16     17     25     28     29     29     29     28     30     28 
085      0      0      2      2      2      2      2      2      4      4      6      7     11     14     17     23     26     33     40     44     45     49     50     47 
086      0      0      2      2      2      2      2      3      4      5      9     15     21     33     40     45     55     62     67     70     71     70     66     66 
087      0      0      2      2      2      2      2      3      6      7      8     10     21     22     28     31     34     38     44     45     46     47     46     43 
088      0      0      2      2      2      2      3      5      5     10     14     17     22     32     38     47     64     72     79     88     93     85     84     80 
089      0      0      2      2      2      2      3      3      3      4      4      5      5     11     14     19     22     29     32     32     35     38     37     37 
090      0      0      2      2      2      2      2      4      6     11     15     22     35     46     58     74     83    100    105    110    112    113    103    100 
091      0      0      2      2      2      2      4      4      4      6      8     13     20     27     35     45     55     68     72     75     77     80     75     71 
092      0      0      2      2      2      2      2      3      4      5      8     12     16     22     29     34     41     49     56     56     55     56     53     51 
093      0      0      2      2      2      2      2      2      3      3      6      9     11     19     24     28     34     39     45     49     49     48     46     43 
094      0      0      2      2      2      2      2      2      4      5      8     12     15     28     39     59     73     83     92     97    101    102    101     93 
095      0      0      2      2      2      2      2      2      3      4      5      7      9     12     18     23     28     35     36     36     36     33     33     32 
096      0      0      2      2      2      2      2      2      3      3      4      6      9     12     16     19     24     26     28     30     29     29     28     25 
097      0      0      2      2      2      2      2      2      2      3      8     10     11     14     22     23     27     34     35     36     33     34     32     32 
098      0      0      2      2      3      3      5      5      6      6      9     16     21     26     35     39     48     59     64     71     71     70     65     59 
099      0      0      2      2      2      2      2      2      2      2      2      3      7      9     11     15     19     21     25     29     30     29     28     24 
100      0      0      2      2      2      2      3      3      4      4      5      6      6      6     12     13     20     21     22     22     26     26     25     22 
101      0      0      2      2      2      2      4      4      6      7     10     16     22     29     36     46     51     59     72     76     77     72     72     67 
102      0      0      2      2      2      2      2      2      3      4      8      8     11     13     15     20     32     40     47     50     50     51     50     49 
103      0      0      2      2      2      3      6      6      6      9     16     22     32     41     56     73     84    104    118    125    130    130    129    122 
104      0      0      2      2      2      2      2      3      3      6     11     15     17     23     34     41     46     55     61     64     65     65     64     62 
105      0      0      2      2      2      2      2      2      4      4      6     10     15     19     27     34     38     47     55     58     64     67     66     68 
106      0      0      2      2      2      2      2      2      3      4      4      6      9     22     25     30     37     36     39     42     45     46     43     38 
107      0      0      1      1      1      2      3      4      6      8     10     23     29     41     52     68     84     92    102    117    118    117    117    109 
108      0      0      2      2      2      2      2      2      3      4      4      9     15     24     32     43     48     51     54     56     57     61     58     55 
109      0      0      2      2      2      2      4      5      6      7     10     14     17     26     32     40     48     55     56     62     66     69     65     61 
110      0      0      2      2      2      2      2      4      9     10     15     20     27     36     44     53     69     76     86     91     92     95     97     91 
111      0      0      2      2      2      2      2      3      3      5      7     12     16     19     26     30     35     37     43     47     46     48     46     45 
112      0      0      2      2      2      3      3      3      5      8     13     26     30     40     54     72     92    101    112    121    128    133    130    121 
113      0      0      2      2      2      2      3      3      5      5     10     13     15     21     28     32     39     45     50     51     51     53     49     45 
114      0      0      2      2      2      3      3      3      5      6     11     15     22     28     37     43     52     63     70     72     77     74     72     68 
115      0      0      2      2      2      2      2      3      7      7     14     17     27     36     47     54     70     84     91     94     95     97     92     82 
116      0      0      2      2      2      4      5      5      6      8     12     16     24     32     37     45     51     65     70     75     77     79     77     72 
117      0      0      2      2      2      2      2      2      3      4      7      9     14     23     29     36     51     66     76     80     85     88     85     84 
118      0      0      2      2      2      3      3      4      5     12     18     22     33     47     59     75     90     97    105    108    108    112    107     94 
119      0      0      2      2      2      2      2      3      5      6      8     11     16     24     30     39     50     57     61     65     69     73     75     68 
120      0      0      2      2      2      2      2      2      4      4      6      9     13     17     20     27     34     40     42     51     52     50     49     51 
121      0      0      2      2      2      2      3      3      3      6     10     17     22     29     37     42     51     61     66     67     65     72     69     69 
122      0      0      2      2      2      2      2      2      3      4      4      6     10     18     25     37     43     49     56     59     59     64     62     61 
123      0      0      2      2      2      2      2      4      4      5      6      7      9     15     27     33     38     43     44     53     55     58     58     55 
124      0      0      2      2      2      2      2      3      3      5      7      8      9     11     13     16     19     25     28     27     26     26     23     23 
125      0      0      2      2      2      2      2      2      5      8     10     11     19     21     28     37     46     49     60     69     72     71     69     64 
126      0      0      2      2      2      2      3      3      3      3      4      8     13     17     27     30     38     42     50     55     58     57     59     54 
127      0      0      2      2      2      2      2      2      2      3      3      2      5      6      7     10     12     14     18     23     24     25     26     24 
128      0      0      2      2      2      2      2      2      2      3      7     13     14     18     22     27     33     43     46     45     47     45     42     41 
129      0      0      2      2      2      2      2      4      4      7     11     11     17     18     25     30     31     35     43     47     42     39     38     36 
130      0      0      2      2      2      2      2      4      6      8     12     21     26     33     41     52     66     78     90     89     89     90     88     80 
131      0      0      2      2      3      3      3      3      3      5      6     13     16     19     21     30     39     43     49     51     53     55     53     52 
132      0      0      2      2      2      3      4      4      4      5      7     10     12     18     24     29     40     46     51     57     58     62     58     53 
133      0      0      2      2      2      3      3      3      3      3      8     12     18     27     35     43     51     63     72     81     81     81     75     74 
134      0      0      2      2      2      2      2      3      4      6      9     14     23     33     50     60     75     88     92     96     99    101    106     90 
135      0      0      2      2      2      2      2      3      3      6      8      9     15     20     25     32     36     46     53     53     55     59     57     54 
136      0      0      2      2      2      2      2      3      3      3      3      4      3      6      9     13     19     26     35     40     45     45     44     43 
137      0      0      2      2      2      2      3      3      3      3      6     10     10     17     17     23     32     40     42     46     48     50     48     46 
138      0      0      2      2      2      2      2      3      3      5      6      9     17     27     34     47     58     64     71     75     78     80     78     74 
139      0      0      2      2      2      2      2      3      5      6      8     13     19     29     38     43     51     58     66     74     77     76     74     70 
140      0      0      2      2      2      2      2      2      5      6      9     16     24     32     45     57     75     86     98    106    111    111    109    105 
141      0      0      2      2      2      2      2      2      2      3     10     13     16     24     33     43     49     56     58     62     70     69     69     63 
142      0      0      2      2      2      2      3      3      5     10     13     16     23     32     41     54     69     78     86     92     98     98     97     94 
143      0      0      2      2      2      2      2      2      4      7     10     12     19     25     30     44     51     62     70     74     75     74     75     71 
144      0      0      2      2      2      2      2      2      4      7     10     14     24     36     52     65     76     83     92     94     99     97     88     82 
145      0      0      2      2      2      2      2      2      3      3      7      9     14     19     26     30     40     51     53     57     56     55     52     49 
146      0      0      1      1      1      1      1      2      3      4      7      9     14     20     29     37     45     51     57     61     61     63     63     56 
147      0      0      2      2      2      2      2      2      2      2      3      5      7     10     10     12     16     17     22     23     24     23     20     23 
148      0      0      2      2      2      2      2      2      2      2      7     10     16     20     27     35     47     58     65     68     73     70     70     64 
149      0      0      2      2      2      2      2      2      2      3      5      6      7     12     19     24     24     27     32     35     38     37     37     34 
150      0      0      2      2      2      2      2      2      3      6      8     10     15     21     28     41     48     62     68     68     75     77     74     73 
151      0      0      2      2      2      2      2      3      4      5      8      9     15     20     27     32     40     44     50     54     54     49     48     45 
152      0      0      2      2      2      2      3      3      4      5      6     11     16     20     21     26     29     32     32     34     39     39     41     39 
153      0      0      2      2      3      3      3      4      4      6     10     16     27     37     49     60     68     76     87     95    101     98     96     88 
154      0      0      2      2      2      2      2      3      3      7     10     14     21     38     50     67     90    107    118    128    133    132    134    128 
155      0      0      1      1      1      1      1      2      4      5      9     13     20     22     27     33     41     45     53     54     52     48     48     41 
156      0      0      2      2      2      2      2      2      2      2      3      5      6      8      9     10     14     19     22     24     24     26     26     25 
157      0      0      2      2      2      3      3      4      5      6     12     18     24     30     40     49     54     57     64     63     65     66     61     53 
158      0      0      2      2      2      2      2      2      2      4      5      7      7      8      9     12     17     18     20     24     29     30     31     29 
159      0      0      2      2      2      2      2      2      3      4      5      7     11     12     13     17     19     21     23     23     24     20     20     21 
160      0      0      2      2      2      2      2      3      4      4      7     13     20     27     35     41     49     55     61     65     66     70     67     61 
161      0      0      2      2      2      2      2      2      3      4      9     15     21     25     32     37     45     59     66     67     66     67     62     60 
162      0      0      2      2      2      3      3      3      4      9     10     16     28     39     47     66     85     95    107    115    118    114    109    112 
163      0      0      2      2      2      2      2      2      4      8      9     10     10     15     20     22     29     29     32     35     38     37     33     30 
164      0      0      2      2      2      2      2      2      4      5      6     12     17     23     35     44     54     58     65     73     76     76     74     69 
165      0      0      2      2      2      2      2      3      5      6      7      9     16     27     37     43     49     62     68     73     74     73     72     67 
166      0      0      2      2      2      2      2      3      3      4      5      5      6      9     14     17     22     25     31     36     37     38     36     36 
167      0      0      2      2      2      2      3      3      3      5     10     12     19     29     42     48     60     72     83     90     91     92     93     89 
168      0      0      2      2      2      2      2      2      2      3      3      9     12     18     28     41     52     58     63     69     70     73     70     67 
169      0      0      2      2      3      3      4      4      6      8     12     13     19     22     27     34     42     50     53     54     60     58     54     52 
170      0      0      2      2      2      2      2      2      2      2      2      3      5      9     13     13     16     20     26     27     27     27     26     23 
171      0      0      2      2      2      3      4      4      4      5      6      9      9     12     11     11     14     15     16     18     22     23     20     19 
172      0      0      2      2      2      2      4      6      8      8     11     16     26     35     46     63     75     86     99    111    114    116    115    106 
173      0      0      2      2      2      2      2      2      4      7     11     15     22     30     40     46     52     66     72     75     75     71     66     66 
174      0      0      2      2      2      2      3      4      6     10     14     21     29     39     46     59     71     84     92    101    103    105     94     93 
175      0      0      2      2      3      3      3      3      4      9     21     26     34     38     53     66     80     95    111    112    112    113    114    110 
176      0      0      2      2      2      2      2      2      4      4      4      4      5      6      6     11     13     15     15     16     19     20     21     21 
177      0      0      2      2      2      2      2      2      4      5      9     14     19     28     36     47     55     61     63     69     71     73     73     65 
178      0      0      2      2      2      2      2      2      3      4      9     11     15     20     26     31     33     37     39     41     42     44     42     40 
179      0      0      2      2      2      2      2      2      2      3      4      6     10     13     19     23     27     32     37     40     41     42     42     38 
180      0      0      2      2      2      2      3      3      3      4      9     17     23     31     37     49     60     66     73     84     85     86     85     71 
181      0      0      2      2      3      4      4      4      5      8     10     13     16     19     30     34     38     47     48     53     53     53     53     47 
182      0      0      2      2      2      2      2      2      3      3      4      4      7      7      5      7      9     11     14     14     16     16     14     14 
183      0      0      2      2      2      2      2      4      6      7     12     19     23     27     35     47     54     62     70     72     72     71     70     66 
184      0      0      2      2      2      2      2      3      4      5      5      5      9     15     15     23     26     34     39     39     42     43     43     39 
185      0      0      2      2      2      2      3      3      3      3      4      4      7      7      9     10     12     13     14     15     16     15     14     13 
186      0      0      2      2      2      2      2      2      2      2      7      7     11     16     19     28     33     40     43     50     51     52     49     47 
187      0      0      2      2      3      3      5      6     10     13     21     22     23     28     36     43     53     64     73     79     82     85     81     79 
188      0      0      2      2      2      2      2      2      2      3      5      9     12     14     15     19     25     30     33     33     34     35     33     31 
189      0      0      2      2      2      2      3      3      3      3      3      6     10     10     13     17     17     18     22     23     25     23     21     19 
190      0      0      2      2      2      2      2      3      5      6      6      7     10     15     20     29     35     39     45     44     44     48     45     44 
191      0      0      2      2      2      2      2      2      4      5      8     11     12     13     14     18     22     25     28     30     31     32     32     29 
192      0      0      2      2      2      2      2      3      4      5      6      8      8     10     10     12     14     14     14     13     13     13     15     15 
193      0      0      2      2      2      2      3      3      4      7      9     11     13     20     28     38     48     56     61     70     75     79     78     71 
194      0      0      2      3      3      3      4      4      6     10     16     30     42     58     84     97    111    123    135    145    155    156    152    138 
195      0      0      2      2      2      2      2      2      3      8     13     14     21     29     44     53     58     63     65     72     74     75     71     65 
196      0      0      2      2      2      2      2      2      2      4      7     16     21     26     36     50     64     72     77     83     84     89     90     87 
197      0      0      2      2      2      2      2      2      3      3      5      7     11     16     23     31     37     38     42     45     50     54     51     52 
198      0      0      2      2      2      2      3      4      5      6      7     11     12     17     18     28     33     37     38     43     44     44     43     38 
199      0      0      2      2      2      2      2      2      2      3      4      5      8      7      8      8     10     13     14     13     13     13     13     11 
