000      0      0      0      0      0      0      0      0      0      0      0      1      3      5      9     17     25     46     60     93    117    143    178    214 
001      0      0      0      0      0      0      0      0      0      0      0      0      1      5      6     10     15     22     34     55     67     92    113    135 
002      0      0      0      0      0      0      0      0      0      0      0      2      4      7     12     21     32     40     61     90    134    167    200    235 
003      0      0      0      0      0      0      0      0      0      0      0      2      2      5      7     15     21     35     49     67     88    120    168    208 
004      0      0      0      0      0      0      0      0      0      0      0      0      2      3     12     15     20     33     46     69     87    113    137    172 
005      0      0      0      0      0      0      0      0      0      0      0      2      3      7     15     20     28     40     59     81    105    139    179    203 
006      0      0      0      0      0      0      0      0      0      0      0      3      4      5      7      9     16     21     27     41     61     76     96    132 
007      0      0      0      0      0      0      0      0      0      0      0      0      1      2      3      3     10     14     19     27     38     47     72     90 
008      0      0      0      0      0      0      0      0      0      0      0      0      0      1      4      8     12     20     31     42     54     79     96    119 
009      0      0      0      0      0      0      0      0      0      0      0      0      1      1      1      2      2      3      4      5      5      9     10     13 
010      0      0      0      0      0      0      0      0      0      0      0      0      3      8     14     21     33     54     75    100    136    182    222    272 
011      0      0      0      0      0      0      0      0      0      0      0      1      1      1      4      6     10     20     45     61     78    105    142    178 
012      0      0      0      0      0      0      0      0      0      0      0      0      1      2      3      6     11     20     29     48     66     84    109    141 
013      0      0      0      0      0      0      0      0      0      0      1      1      2      3      3      5      7     11     22     33     46     61     71     84 
014      0      0      0      0      0      0      0      0      0      0      0      0      0      0      1      5     12     19     26     40     53     72     90    103 
015      0      0      0      0      0      0      0      0      0      0      0      4      7     10     15     22     34     57     82    107    140    175    207    239 
016      0      0      0      0      0      0      0      0      0      0      0      0      0      2      4      6      6     10     13     22     29     40     48     57 
017      0      0      0      0      0      0      0      0      0      0      0      0      1      5      9     21     27     42     60     75    102    134    179    213 
018      0      0      0      0      0      0      0      0      0      0      0      2      5      9     17     24     37     50     87    131    171    223    280    340 
019      0      0      0      0      0      0      0      0      0      0      0      1      2      2      4      7     13     17     34     51     70     88    115    136 
020      0      0      0      0      0      0      0      0      0      0      0      1      2      3      9     21     31     53     76    102    153    197    235    292 
021      0      0      0      0      0      0      0      0      0      0      0      1      2      5      9     17     34     46     63     91    123    157    180    204 
022      0      0      0      0      0      0      0      0      0      0      0      1      5      7     11     18     32     45     65     99    138    179    225    268 
023      0      0      0      0      0      0      0      0      0      0      0      3      3      6     12     19     29     47     75    106    158    206    273    334 
024      0      0      0      0      0      0      0      0      0      0      0      1      3      4      6      8     15     28     42     69    102    130    166    194 
025      0      0      0      0      0      0      0      0      0      0      0      1      2      2      2      3      3      7      9     13     15     16     18     25 
026      0      0      0      0      0      0      0      0      0      0      0      0      2      3      6     10     13     24     36     57     81    111    139    167 
027      0      0      0      0      0      0      0      0      0      0      1      2      3      3      7     11     17     37     52     71    102    145    191    227 
028      0      0      0      0      0      0      0      0      0      0      2      2      4      7     12     23     34     61     82    120    172    237    291    333 
029      0      0      0      0      0      0      0      0      0      0      1      1      3      5      6     10     14     25     30     47     69     87    119    144 
030      0      0      0      0      0      0      0      0      0      0      0      0      3      3      3      6     10     19     28     40     53     71     87    100 
031      0      0      0      0      0      0      0      0      0      0      1      1      2      4      9     13     19     32     47     74    102    128    163    192 
032      0      0      0      0      0      0      0      0      0      0      0      0      0      2      2      4      7     10     14     20     27     33     43     45 
033      0      0      0      0      0      0      0      0      0      0      1      1      1      4      9     13     18     30     37     57     78    106    123    146 
034      0      0      0      0      0      0      0      0      0      0      0      1      2      5     11     15     36     56     84    115    152    192    233    277 
035      0      0      0      0      0      0      0      0      0      0      0      0      0      1      2      4      8     15     22     31     45     53     67     84 
036      0      0      0      0      0      0      0      0      0      0      0      1      1      4     11     16     27     38     57     80    109    136    179    215 
037      0      0      0      0      0      0      0      0      0      0      0      0      4      7     23     33     46     68    108    163    220    292    355    432 
038      0      0      0      0      0      0      0      0      0      0      0      1      1      1      3      7     12     15     25     34     51     71     87    101 
039      0      0      0      0      0      0      0      0      0      0      0      1      2      5     10     13     25     34     55     84    130    166    210    262 
040      0      0      0      0      0      0      0      0      0      0      0      0      0      2      8     13     21     34     49     65     90    119    152    179 
041      0      0      0      0      0      0      0      0      0      0      0      1      3      4      5     14     23     40     56     75    104    132    171    210 
042      0      0      0      0      0      0      0      0      0      0      0      1      3      3      8     15     24     45     63     92    132    168    210    260 
043      0      0      0      0      0      0      0      0      0      1      1      2      2      4      9     19     20     37     52     77    109    139    184    218 
044      0      0      0      0      0      0      0      0      0      0      0      0      1      7     14     27     40     61     93    136    193    245    308    370 
045      0      0      0      0      0      0      0      0      0      0      0      1      3      4      9     15     23     36     49     72    101    138    173    194 
046      0      0      0      0      0      0      0      0      0      0      0      1      2      6      6      8      9     18     33     43     62     78     92    113 
047      0      0      0      0      0      0      0      0      0      0      0      0      2      4      7     14     33     45     63     86    106    135    195    231 
048      0      0      0      0      0      0      0      0      0      0      0      0      0      2     10     15     24     39     66    101    135    170    220    266 
049      0      0      0      0      0      0      0      0      0      0      0      0      0      3      5      7     14     19     25     34     47     62     80     93 
050      0      0      0      0      0      0      0      0      0      0      0      0      0      3      5      7     13     18     28     31     46     62     77     90 
051      0      0      0      0      0      0      0      0      0      0      1      1      2      6     11     30     50     81    121    176    229    289    363    422 
052      0      0      0      0      0      0      0      0      0      0      0      1      3      5      9     16     21     34     62     94    129    165    209    244 
053      0      0      0      0      0      0      0      0      0      0      0      1      1      2      6      7     17     29     43     55     73     90    110    141 
054      0      0      0      0      0      0      0      0      0      0      0      2      3      7     13     22     30     41     63     91    124    166    194    230 
055      0      0      0      0      0      0      0      0      0      0      1      3      4      7     13     20     29     44     61     91    115    151    196    238 
056      0      0      0      0      0      0      0      0      0      0      0      0      2      7     11     15     25     39     60     92    125    172    213    255 
057      0      0      0      0      0      0      0      0      0      1      1      1      2      5      7     13     20     32     51     72    101    132    170    217 
058      0      0      0      0      0      0      0      0      0      1      2      2      4      8     14     23     36     63    102    139    181    235    297    376 
059      0      0      0      0      0      0      0      0      0      0      0      0      0      4      9     12     24     39     74    111    146    190    239    309 
060      0      0      0      0      0      0      0      0      0      0      0      1      3      3      5      7     11     24     39     68     91    122    146    164 
061      0      0      0      0      0      0      0      0      0      0      0      2      5      6     14     20     28     47     65     85    113    160    199    226 
062      0      0      0      0      0      0      0      0      0      0      0      3      4      5      8     13     23     34     48     67     85    112    132    160 
063      0      0      0      0      0      0      0      0      0      0      0      1      1      1      4      6     14     17     22     36     56     73     94    112 
064      0      0      0      0      0      0      0      0      0      0      0      2      2      4     11     21     33     52     77    122    164    205    255    320 
065      0      0      0      0      0      0      0      0      0      0      0      0      2      3     16     23     29     52     72     99    137    166    208    259 
066      0      0      0      0      0      0      0      0      0      0      0      3      3     11     16     25     38     51     81    116    163    209    275    322 
067      0      0      0      0      0      0      0      0      0      0      0      1      5     10     18     26     46     84    132    188    255    330    439    509 
068      0      0      0      0      0      0      0      0      0      0      0      0      1      4      7      9     13     22     28     38     52     64     79     96 
069      0      0      0      0      0      0      0      0      0      0      0      0      6      7     11     20     30     48     68    100    141    180    230    291 
070      0      0      0      0      0      0      0      0      0      0      0      1      5     10     14     28     46     76    108    163    241    319    399    474 
071      0      0      0      0      0      0      0      0      0      0      0      0      1      5     11     17     35     56     96    138    186    251    310    381 
072      0      0      0      0      0      0      0      0      0      0      0      0      5      7     17     31     52     78     97    139    192    253    311    387 
073      0      0      0      0      0      0      0      0      0      0      1      1      2      6      9     13     23     34     49     72     94    135    173    220 
074      0      0      0      0      0      0      0      0      0      0      0      0      0      6     14     28     36     56     78    101    152    207    263    326 
075      0      0      0      0      0      0      0      0      0      0      0      0      1      3      4      8     12     20     29     45     67     91    117    139 
076      0      0      0      0      0      0      0      0      0      0      0      1      1      2      3      5      6      7      9     14     21     27     33     40 
077      0      0      0      0      0      0      0      0      0      0      0      4      4      7     12     22     33     56     83    115    162    202    262    313 
078      0      0      0      0      0      0      0      0      0      0      0      0      3      4      5     13     22     32     53     79    106    149    194    236 
079      0      0      0      0      0      0      0      0      0      1      1      1      1      4     10     20     36     58     86    126    192    250    304    373 
080      0      0      0      0      0      0      0      0      0      0      0      2      2      2      7     13     21     31     54     79    102    137    178    209 
081      0      0      0      0      0      0      0      0      0      0      1      2      3      7      7     12     15     24     33     45     62     82    105    125 
082      0      0      0      0      0      0      0      0      0      0      0      0      1      2      4      8      9     11     18     22     29     46     60     67 
083      0      0      0      0      0      0      0      0      0      0      0      2      3      3      6     10     13     15     21     27     38     48     69     81 
084      0      0      0      0      0      0      0      0      0      0      0      0      1      2      2      7      9     13     21     29     37     47     58     68 
085      0      0      0      0      0      0      0      0      0      0      0      1      1      6      9     15     22     35     54     76    107    140    175    211 
086      0      0      0      0      0      0      0      0      0      0      0      1      2      3      6     12     19     29     45     71    115    153    188    227 
087      0      0      0      0      0      0      0      0      0      0      0      0      2      5      6     10     15     31     47     66    103    130    160    194 
088      0      0      0      0      0      0      0      0      0      0      0      0      2      4     13     19     35     49     80    107    143    195    248    294 
089      0      0      0      0      0      0      0      0      0      0      0      0      1      2      4      8     14     17     28     39     57     73     89    113 
090      0      0      0      0      0      0      0      0      0      0      0      0      1      3     10     18     33     59     94    127    175    247    314    375 
091      0      0      0      0      0      0      0      0      0      0      0      0      3      6      7     10     20     31     56     83    116    162    217    265 
092      0      0      0      0      0      0      0      0      0      0      1      1      3      4      7     11     18     29     47     72     99    133    174    198 
093      0      0      0      0      0      0      0      0      0      1      1      1      2      4      9     14     18     28     38     51     69     98    129    143 
094      0      0      0      0      0      0      0      0      0      0      0      0      3      7      9     16     23     33     56     87    135    172    229    265 
095      0      0      0      0      0      0      0      0      0      0      0      2      3      5      7      9     15     26     36     50     64     85    104    119 
096      0      0      0      0      0      0      0      0      0      0      0      2      2      3      4      6      9     16     20     28     46     61     78     94 
097      0      0      0      0      0      0      0      0      0      0      0      2      2      2      5      8     12     20     26     35     52     63     82     98 
098      0      0      0      0      0      0      0      0      0      0      0      1      4      5     10     20     27     38     50     72    104    132    168    211 
099      0      0      0      0      0      0      0      0      0      0      0      1      2      2      2      4      7     14     26     31     47     57     74     89 
100      0      0      0      0      0      0      0      0      0      0      0      0      1      3      5      7     10     16     19     29     38     54     71     87 
101      0      0      0      0      0      0      0      0      0      0      0      2      3      5      9     14     28     43     57     85    120    153    199    251 
102      0      0      0      0      0      0      0      0      0      0      0      2      2      3      5     10     15     29     43     64     79    103    128    149 
103      0      0      0      0      0      0      0      0      0      0      0      3      4      8     19     29     43     62    102    144    208    273    349    430 
104      0      0      0      0      0      0      0      0      0      0      1      2      3      7     11     17     24     41     55     85    113    139    164    205 
105      0      0      0      0      0      0      0      0      0      0      0      0      2      5      9     12     18     27     39     57     91    122    161    193 
106      0      0      0      0      0      0      0      0      0      0      0      2      3      4      5      9     13     23     31     36     51     74     98    120 
107      0      0      0      0      0      0      0      0      0      0      1      2      3      5      9     20     37     57     88    123    180    234    303    355 
108      0      0      0      0      0      0      0      0      0      0      0      1      1      1      8     13     21     30     45     66     84    109    137    166 
109      0      0      0      0      0      0      0      0      0      0      0      1      5     10     13     19     34     41     58     82    114    136    171    208 
110      0      0      0      0      0      0      0      0      0      1      2      4      6      8     15     22     29     51     67    111    173    219    269    318 
111      0      0      0      0      0      0      0      0      0      0      0      0      2      5      5     12     17     28     44     73     90    123    152    188 
112      0      0      0      0      0      0      0      0      0      0      1      3      7      9     12     21     34     62    102    145    208    272    334    411 
113      0      0      0      0      0      0      0      0      0      0      0      0      1      3      8     16     23     33     42     57     82    118    154    179 
114      0      0      0      0      0      0      0      0      0      0      0      0      2      3      7     11     22     33     53     75    113    147    195    226 
115      0      0      0      0      0      0      0      0      0      0      1      4      4      6     13     23     34     56     81    124    164    203    260    315 
116      0      0      0      0      0      0      0      0      0      0      0      0      2      2      3     11     20     32     53     69    105    146    180    223 
117      0      0      0      0      0      0      0      0      0      0      1      2      3      9     16     22     34     54     80    106    143    186    242    299 
118      0      0      0      0      0      0      0      0      0      0      0      1      6     10     14     25     36     55     92    125    173    227    288    353 
119      0      0      0      0      0      0      0      0      0      1      1      4      6      6     10     17     29     45     72     97    119    151    195    237 
120      0      0      0      0      0      0      0      0      0      0      0      0      1      5      8     11     27     36     55     67     92    121    156    195 
121      0      0      0      0      0      0      0      0      0      0      0      0      4      7     10     18     28     43     73    111    145    190    244    287 
122      0      0      0      0      0      0      0      0      0      0      0      0      3      5     10     13     20     31     45     64     91    120    161    190 
123      0      0      0      0      0      0      0      0      0      1      2      4      5      9     10     15     21     35     42     56     83    110    138    163 
124      0      0      0      0      0      0      0      0      0      0      0      0      1      1      1      4      6     11     14     34     45     55     74     81 
125      0      0      0      0      0      0      0      0      0      0      0      1      1      2      7     15     20     33     60     88    121    149    186    208 
126      0      0      0      0      0      0      0      0      0      0      0      0      1      7      9     10     22     36     50     71     97    128    153    183 
127      0      0      0      0      0      0      0      0      0      0      1      2      2      2      3      8     11     15     22     32     43     62     68     76 
128      0      0      0      0      0      0      0      0      0      0      0      1      1      1      3      5     11     17     37     60     78    103    129    142 
129      0      0      0      0      0      0      0      0      0      0      0      0      4      5      7     13     18     32     46     56     90    119    149    174 
130      0      0      0      0      0      0      0      0      0      0      1      1      1      7     11     16     24     40     60     82    117    160    206    255 
131      0      0      0      0      0      0      0      0      0      0      0      1      1      7     11     14     17     29     44     62     94    106    126    146 
132      0      0      0      0      0      0      0      0      0      0      0      1      2      5      7     15     20     28     43     58     80    113    144    177 
133      0      0      0      0      0      0      0      0      0      0      0      2      3      6     11     20     31     45     61     92    121    163    210    245 
134      0      0      0      0      0      0      0      0      0      0      0      1      5      7     12     19     31     52     71    105    137    186    244    286 
135      0      0      0      0      0      0      0      0      0      0      0      0      3      5     12     15     22     37     50     71     99    132    166    205 
136      0      0      0      0      0      0      0      0      0      1      1      1      2      3      6     11     15     17     32     54     70     93    115    144 
137      0      0      0      0      0      0      0      0      0      1      1      1      3      4      7     14     24     41     51     69     82    108    134    157 
138      0      0      0      0      0      0      0      0      0      0      1      2      3      7     11     15     27     34     51     75    109    139    176    205 
139      0      0      0      0      0      0      0      0      0      0      0      0      3      6     14     17     26     38     53     73     91    122    161    194 
140      0      0      0      0      0      0      0      0      0      1      1      3      5      8     11     18     28     45     75    131    174    226    277    336 
141      0      0      0      0      0      0      0      0      0      0      0      0      0      2      4      8     16     23     50     84    111    148    180    217 
142      0      0      0      0      0      0      0      0      0      0      0      1      4      9     13     18     26     37     60     91    141    182    230    274 
143      0      0      0      0      0      0      0      0      0      0      0      1      3      7     16     26     32     46     67     87    117    154    195    231 
144      0      0      0      0      0      0      0      0      0      0      0      1      2      3      6     20     32     49     73    111    153    212    267    325 
145      0      0      0      0      0      0      0      0      0      0      0      1      3      5      6     14     23     29     61     86    113    137    172    215 
146      0      0      0      0      0      0      0      0      0      0      0      2      3      5      5      8     15     27     37     59     75    102    119    144 
147      0      0      0      0      0      0      0      0      0      0      0      0      2      2      5      8     11     15     26     37     44     51     67     78 
148      0      0      0      0      0      0      0      0      0      0      0      0      3      3      5     10     19     33     52     74    109    141    180    225 
149      0      0      0      0      0      0      0      0      0      0      0      0      1      3      5      8     13     17     29     46     59     70     86    110 
150      0      0      0      0      0      0      0      0      0      0      1      2      4      7     12     20     26     44     65     97    122    161    206    246 
151      0      0      0      0      0      0      0      0      0      0      0      2      3      8     10     13     18     25     37     60     81    112    134    172 
152      0      0      0      0      0      0      0      0      0      0      0      0      1      3      8     11     14     17     29     48     74     87    106    123 
153      0      0      0      0      0      0      0      0      0      0      0      2      5      5     10     17     27     46     70    108    153    208    256    306 
154      0      0      0      0      0      0      0      0      0      0      0      0      2      9     19     26     45     65    102    139    199    253    321    379 
155      0      0      0      0      0      0      0      0      0      0      0      1      2      2      7      9     13     25     48     72     92    127    149    181 
156      0      0      0      0      0      0      0      0      0      0      0      0      0      1      5     10     11     13     17     24     38     50     64     77 
157      0      0      0      0      0      0      0      0      0      0      1      1      2      3      6     10     24     33     48     68    104    147    188    228 
158      0      0      0      0      0      0      0      0      0      0      0      1      2      2      6      7      9     15     19     31     43     57     72     97 
159      0      0      0      0      0      0      0      0      0      0      0      1      2      4      7     10     16     21     36     54     69     88    108    130 
160      0      0      0      0      0      0      0      0      0      0      0      1      4      8     12     18     27     43     67     88    119    157    209    252 
161      0      0      0      0      0      0      0      0      0      0      0      1      1      4      6     12     23     34     52     74    107    129    155    186 
162      0      0      0      0      0      0      0      0      0      0      0      0      1      6     11     20     30     40     76    113    175    224    283    337 
163      0      0      0      0      0      0      0      0      0      0      0      0      1      4      6      9     13     20     29     45     56     82     98    113 
164      0      0      0      0      0      0      0      0      0      0      1      3      4      5      6      8     18     26     45     69    102    132    184    220 
165      0      0      0      0      0      0      0      0      0      0      0      3      4      6      8     15     22     32     51     77    107    139    167    206 
166      0      0      0      0      0      0      0      0      0      0      1      3      4      4      6      7     11     16     28     39     51     66     87    104 
167      0      0      0      0      0      0      0      0      0      0      0      0      1      3     10     20     39     59     84    117    153    194    258    290 
168      0      0      0      0      0      0      0      0      0      0      0      2      3      4      7      9     14     28     36     52     80    112    137    162 
169      0      0      0      0      0      0      0      0      0      0      0      0      1      2      6     10     16     30     45     67     86    121    157    184 
170      0      0      0      0      0      0      0      0      0      0      0      1      1      1      1      4      4      4      8     19     25     36     50     65 
171      0      0      0      0      0      0      0      0      0      0      0      0      0      1      4      9     12     17     23     29     37     47     65     80 
172      0      0      0      0      0      0      0      0      0      0      0      0      1      2      6     19     36     60     96    122    177    245    295    368 
173      0      0      0      0      0      0      0      0      0      0      0      1      3      5     10     13     25     35     53     75    112    155    197    239 
174      0      0      0      0      0      0      0      0      0      0      0      1      6     10     17     27     44     63     99    150    194    224    295    342 
175      0      0      0      0      0      0      0      0      0      0      1      1      3      5     17     26     36     57    101    146    199    264    314    376 
176      0      0      0      0      0      0      0      0      0      0      0      0      1      1      3      5      7     10     18     25     29     40     50     55 
177      0      0      0      0      0      0      0      0      0      0      1      3      3      4      7     13     20     35     54     85    117    158    210    267 
178      0      0      0      0      0      0      0      0      0      0      0      1      2      6      8      9     14     24     37     54     74    100    130    159 
179      0      0      0      0      0      0      0      0      0      0      0      0      0      0      2      8     13     22     33     44     64     82    109    136 
180      0      0      0      0      0      0      0      0      0      0      0      1      5      9     11     16     24     40     68     96    122    156    208    264 
181      0      0      0      0      0      0      0      0      0      0      0      1      2      5     13     18     26     40     60     83    100    125    144    176 
182      0      0      0      0      0      0      0      0      0      0      0      0      0      1      4      6     12     16     21     27     34     49     64     72 
183      0      0      0      0      0      0      0      0      0      1      3      3      3      6     12     18     30     38     61     91    134    176    226    265 
184      0      0      0      0      0      0      0      0      0      0      0      1      2      2      6     10     20     29     40     51     70     89    108    132 
185      0      0      0      0      0      0      0      0      0      0      0      0      2      3      3      6      8     13     20     29     36     47     56     71 
186      0      0      0      0      0      0      0      0      0      1      1      3      3      5      6     10     14     26     45     57     72     95    118    145 
187      0      0      0      0      0      0      0      0      0      0      0      0      1      6      7     13     23     43     61     98    145    200    242    294 
188      0      0      0      0      0      0      0      0      0      0      0      0      0      2      2      5     12     18     28     41     67     88    105    122 
189      0      0      0      0      0      0      0      0      0      0      0      1      2      3      3      4      5      7     16     19     26     32     53     66 
190      0      0      0      0      0      0      0      0      0      0      1      2      2      4      6      8     11     23     28     41     64     86    111    133 
191      0      0      0      0      0      0      0      0      0      0      0      0      1      2      4      7     10     18     21     33     45     67     89    108 
192      0      0      0      0      0      0      0      0      0      0      0      0      1      4      5      5      8     12     17     22     31     43     51     59 
193      0      0      0      0      0      0      0      0      0      0      0      1      1      2      5      8     15     32     49     74     98    142    175    211 
194      0      0      0      0      0      0      0      0      0      0      0      1      2      6     10     28     50     68    116    163    240    327    409    491 
195      0      0      0      0      0      0      0      0      0      0      1      2      2      3      7      9     13     21     35     57     77    116    147    181 
196      0      0      0      0      0      0      0      0      0      0      0      0      1      5      8     18     26     36     61     98    142    186    233    285 
197      0      0      0      0      0      0      0      0      0      0      0      2      3      6      7     12     17     33     41     61     81    109    131    153 
198      0      0      0      0      0      0      0      0      0      0      0      1      1      2      5     10     17     22     36     53     73     88    108    127 
199      0      0      0      0      0      0      0      0      0      0      0      2      2      3      3      4      6      8     15     23     31     40     48     64 
