000      0      0      0      0      0      0      0      0      0      0      0      0      0      0      0      0      0      0      0      0      4      6     11     17     31     52     71    113    185    283    418    548    731    979   1269   1584   1936   2348   2796   3306   3801   4333   4853   5338   5830   6260   6659   7096   7434   7776   8081   8346   8597   8806   8996   9154   9288   9396   9488 
001      0      0      0      0      0      0      0      0      0      0      0      0      0      0      0      0      0      1      2      2      4     10     19     35     53     80    124    204    330    471    666    957   1318   1749   2252   2792   3452   4133   4868   5666   6526   7384   8298   9193  10078  10849  11675  12391  12996  13587  14068  14519  14936  15313  15586  15861  16118  16302  16485 
002      0      0      0      0      0      0      0      0      0      0      0      0      0      0      0      0      0      1      1      3      5     10     22     42     71    101    160    262    378    548    805   1083   1436   1899   2439   3086   3846   4647   5474   6403   7415   8416   9411  10356  11276  12156  13034  13802  14516  15169  15780  16310  16769  17158  17545  17849  18093  18306  18510 
003      0      0      0      0      0      0      0      0      0      0      0      0      0      0      0      0      0      1      1      3      3      5      8     13     27     35     57     81    128    193    259    349    472    592    740    917   1160   1413   1685   1966   2244   2501   2791   3070   3354   3615   3865   4095   4324   4529   4674   4824   4958   5093   5196   5286   5360   5429   5491 
004      0      0      0      0      0      0      0      0      0      0      0      0      0      0      0      0      0      0      1      1      3     10     15     25     41     73    109    161    243    338    480    653    900   1180   1488   1925   2347   2821   3327   3921   4489   5025   5639   6257   6842   7370   7889   8395   8824   9251   9611   9929  10219  10473  10703  10880  11044  11191  11317 
005      0      0      0      0      0      0      0      0      0      0      0      0      0      0      0      0      0      0      0      0      0      2      9     13     32     63     95    142    199    297    421    579    766   1010   1289   1632   2012   2504   2958   3495   4011   4567   5102   5657   6174   6656   7105   7576   8023   8398   8750   9049   9301   9542   9744   9942  10084  10185  10277 
006      0      0      0      0      0      0      0      0      0      0      0      0      0      0      0      0      1      1      1      4      6     13     22     38     57    120    201    302    463    662    978   1376   1833   2456   3186   4058   5006   6092   7201   8424   9661  10999  12286  13592  14782  15980  17113  18167  19120  19942  20748  21420  22020  22582  23016  23401  23751  24054  24290 
007      0      0      0      0      0      0      0      0      0      0      0      0      0      0      0      0      0      1      1      3      3      4     12     28     47     74    113    168    252    371    535    715    938   1246   1605   1983   2446   2985   3511   4056   4706   5328   5963   6580   7230   7819   8358   8835   9295   9705  10129  10490  10794  11077  11305  11495  11668  11832  11933 
008      0      0      0      0      0      0      0      0      0      0      0      0      0      0      0      0      0      0      0      0      0      3      5     12     19     28     46     70    110    162    222    304    419    554    739    959   1170   1420   1694   1985   2265   2584   2877   3158   3443   3719   3963   4207   4448   4647   4823   4960   5113   5224   5334   5417   5515   5586   5633 
009      0      0      0      0      0      0      0      0      0      0      0      0      0      0      0      0      0      0      0      1      4      6     10     18     28     43     78    122    185    265    373    509    679    871   1119   1423   1748   2110   2466   2853   3325   3757   4207   4623   5075   5511   5895   6267   6595   6870   7106   7326   7540   7728   7909   8031   8139   8247   8326 
010      0      0      0      0      0      0      0      0      0      0      0      0      0      0      0      0      0      0      0      1      3      3      8     23     45     76    120    194    305    442    625    881   1188   1575   2004   2505   3082   3777   4432   5161   5976   6790   7573   8317   9089   9813  10509  11147  11704  12250  12739  13176  13547  13864  14154  14394  14597  14775  14915 
011      0      0      0      0      0      0      0      0      0      0      0      0      0      0      0      0      0      0      0      0      1      6      8     13     19     30     52     87    126    200    304    431    564    757   1023   1272   1607   1971   2334   2729   3144   3550   3972   4415   4806   5229   5621   5991   6341   6627   6881   7126   7309   7496   7659   7795   7912   8015   8086 
012      0      0      0      0      0      0      0      0      0      0      0      0      0      0      0      0      0      1      2      3      5     10     16     27     58    104    175    263    387    585    833   1155   1542   2045   2639   3342   4118   4966   5921   6956   7984   9106  10170  11208  12172  13191  14109  14945  15760  16450  17131  17727  18200  18675  19069  19404  19685  19943  20173 
013      0      0      0      0      0      0      0      0      0      0      0      0      0      0      0      0      0      0      1      1      2      7     18     40     75    127    203    315    474    689    965   1283   1669   2199   2800   3524   4338   5248   6258   7317   8361   9481  10584  11699  12854  13899  14900  15802  16674  17415  18099  18685  19237  19706  20099  20457  20755  20997  21175 
014      0      0      0      0      0      0      0      0      0      0      0      0      0      0      0      1      1      1      1      2      2      4      6     14     22     41     60     92    134    205    286    376    528    723    916   1139   1408   1692   2011   2346   2681   3042   3391   3749   4107   4425   4744   5048   5288   5496   5694   5886   6064   6214   6366   6477   6582   6657   6718 
015      0      0      0      0      0      0      0      0      0      0      0      0      0      0      0      0      0      0      1      2      4      6      9     15     22     30     53     84    142    213    308    438    579    732    969   1254   1550   1882   2185   2559   2947   3314   3740   4121   4510   4849   5165   5500   5772   6032   6288   6486   6663   6819   6954   7079   7182   7276   7351 
016      0      0      0      0      0      0      0      0      0      0      0      0      0      0      0      0      0      0      1      4      4      6      8     16     31     61     88    137    202    294    438    605    820   1094   1420   1803   2222   2692   3214   3762   4297   4871   5486   6025   6549   7079   7593   8054   8485   8840   9168   9478   9741   9963  10147  10338  10488  10645  10763 
017      0      0      0      0      0      0      0      0      0      0      0      0      0      0      0      0      0      0      0      2      2      9     13     25     39     60     97    152    215    324    458    643    874   1154   1455   1844   2284   2792   3315   3896   4456   5025   5657   6231   6766   7318   7804   8263   8702   9105   9429   9768  10036  10277  10513  10697  10859  10993  11102 
018      0      0      0      0      0      0      0      0      0      0      0      0      1      1      1      1      1      2      3      4      5      9     14     25     45     82    129    222    352    523    770   1042   1413   1849   2353   2992   3693   4522   5396   6308   7270   8230   9187  10175  11122  12029  12856  13663  14388  15052  15634  16213  16690  17086  17414  17722  17995  18222  18399 
019      0      0      0      0      0      0      0      0      0      0      0      0      0      0      0      0      0      1      1      1      2      4      4      8     15     21     32     50     90    124    185    254    349    469    618    781    969   1173   1410   1640   1875   2118   2346   2574   2786   3000   3198   3387   3558   3736   3856   3980   4090   4183   4281   4357   4428   4479   4536 
020      0      0      0      0      0      0      0      0      0      0      0      0      0      0      0      0      0      0      0      1      4      7     11     19     33     47     67    107    162    235    338    480    645    830   1073   1330   1655   2002   2362   2776   3199   3587   4043   4468   4899   5280   5642   6001   6324   6664   6946   7185   7414   7578   7734   7871   7980   8069   8133 
021      0      0      0      0      0      0      0      0      0      0      0      0      0      0      0      0      0      0      0      0      2      6     11     21     45     80    130    198    304    444    611    831   1109   1461   1882   2364   2930   3487   4124   4799   5480   6205   6916   7647   8349   8988   9563  10152  10688  11182  11612  12005  12360  12666  12936  13160  13375  13529  13681 
022      0      0      0      0      0      0      0      0      0      0      0      0      0      0      0      0      0      1      1      1      4      7      9     13     21     48     77    116    198    288    420    578    785   1044   1381   1774   2181   2614   3104   3588   4121   4684   5200   5737   6301   6821   7295   7753   8199   8565   8880   9148   9395   9629   9834  10025  10184  10300  10402 
023      0      0      0      0      0      0      0      0      0      0      0      0      0      0      0      0      0      1      1      4      5     10     17     33     53     88    142    224    337    473    689    942   1256   1665   2131   2668   3296   3952   4648   5430   6236   7114   7951   8773   9597  10350  11116  11821  12420  12954  13515  13969  14366  14708  15027  15292  15523  15706  15860 
024      0      0      0      0      0      0      0      0      0      0      0      0      0      0      0      0      0      1      2      3      5      7      9     18     36     61     96    142    220    307    463    659    893   1187   1551   1939   2382   2861   3447   3969   4606   5228   5799   6385   6963   7530   8047   8541   8958   9387   9737  10078  10397  10657  10874  11038  11203  11341  11466 
025      0      0      0      0      0      0      0      0      0      0      0      0      0      0      0      0      0      0      1      1      2      7     14     35     57     93    143    226    331    469    685    925   1285   1687   2180   2733   3347   4061   4806   5625   6493   7365   8217   9118   9971  10733  11491  12181  12820  13398  13888  14338  14770  15130  15440  15705  15935  16145  16312 
026      0      0      0      0      0      0      0      0      0      0      0      0      0      0      0      1      1      2      3      3      5     15     26     57     94    138    221    336    515    758   1075   1492   1997   2621   3367   4250   5213   6300   7511   8775  10126  11470  12842  14202  15552  16856  18099  19185  20200  21114  21908  22668  23318  23897  24355  24796  25163  25435  25684 
027      0      0      0      0      0      0      0      0      0      0      0      0      0      0      0      0      0      0      0      2      2      5     13     22     33     62     91    144    204    290    401    569    776   1024   1330   1689   2118   2578   3055   3531   4058   4607   5157   5679   6183   6654   7134   7551   7963   8323   8659   8940   9191   9420   9589   9764   9906  10026  10133 
028      0      0      0      0      0      0      0      0      0      0      0      0      0      0      0      0      1      1      2      2      4      7     12     23     36     57     87    141    217    332    460    642    869   1116   1426   1808   2202   2646   3170   3695   4254   4795   5346   5898   6411   6894   7365   7854   8273   8646   8961   9274   9550   9770   9970  10131  10278  10396  10501 
029      0      0      0      0      0      0      0      0      0      0      0      0      0      0      0      0      0      1      2      2      5      9     18     33     55     86    124    185    280    409    597    831   1101   1448   1843   2321   2846   3427   4100   4778   5487   6242   6959   7659   8400   9092   9699  10318  10876  11386  11873  12296  12664  12994  13251  13467  13678  13818  13936 
030      0      0      0      0      0      0      0      0      0      0      0      0      0      0      0      0      0      0      0      0      1      6     15     26     38     68    123    203    320    480    682    952   1264   1682   2181   2763   3389   4085   4834   5634   6463   7338   8173   9026   9851  10660  11383  12057  12701  13286  13759  14230  14645  15002  15307  15557  15791  15973  16133 
031      0      0      0      0      0      0      0      0      0      0      0      0      0      0      0      0      0      0      2      4      9     15     21     38     61     99    167    267    411    593    858   1185   1592   2101   2743   3454   4233   5119   6066   7062   8092   9147  10281  11366  12450  13470  14417  15312  16099  16842  17484  18051  18528  18963  19328  19622  19903  20151  20378 
032      0      0      0      0      0      0      0      0      0      0      0      0      0      0      0      0      0      2      2      3      4      5     11     23     38     64     95    155    236    345    525    745   1000   1333   1744   2199   2752   3298   3936   4600   5240   5933   6646   7346   8033   8652   9220   9729  10241  10710  11113  11486  11818  12105  12365  12587  12760  12911  13036 
033      0      0      0      0      0      0      0      0      0      0      0      0      0      0      0      0      0      0      0      1      2      4      9     12     27     39     62     94    141    220    347    465    614    786   1023   1285   1625   1959   2322   2723   3144   3550   3990   4405   4834   5265   5665   5995   6299   6580   6838   7061   7258   7437   7573   7727   7832   7933   8024 
034      0      0      0      0      0      0      0      0      0      0      0      0      0      0      0      0      1      1      2      2      6     13     25     38     60    104    176    256    371    538    769   1086   1453   1920   2476   3081   3778   4541   5359   6313   7259   8242   9176  10153  11111  12014  12857  13645  14357  15054  15642  16150  16615  17000  17348  17634  17874  18130  18330 
035      0      0      0      0      0      0      0      0      0      0      0      0      0      0      0      0      0      1      1      2      4      7     11     19     32     56     84    161    248    369    494    696    929   1230   1586   1991   2441   2977   3549   4139   4732   5320   5992   6610   7184   7739   8305   8750   9219   9647  10006  10342  10626  10917  11144  11349  11501  11652  11790 
036      0      0      0      0      0      0      0      0      0      0      0      0      1      1      1      1      1      1      1      4      7     11     13     19     31     44     64     94    151    231    339    477    634    845   1076   1373   1717   2075   2471   2902   3322   3763   4196   4608   5020   5439   5824   6174   6509   6788   7033   7269   7470   7671   7822   7950   8076   8180   8274 
037      0      0      0      0      0      0      0      0      0      0      0      0      0      0      0      0      0      1      1      2      3      5      9     15     25     52     96    147    223    331    459    648    889   1169   1491   1898   2333   2831   3388   3912   4458   5065   5650   6240   6811   7341   7839   8337   8767   9186   9583   9922  10193  10465  10670  10859  11018  11146  11276 
038      0      0      0      0      0      0      0      0      0      0      0      0      0      0      0      0      0      1      2      2      3      5     10     21     38     56     88    157    243    378    534    746   1020   1358   1747   2199   2718   3264   3860   4479   5161   5771   6459   7150   7787   8347   8973   9498  10010  10463  10879  11260  11585  11895  12113  12326  12545  12701  12820 
039      0      0      0      0      0      0      0      0      0      0      0      0      0      0      0      0      0      0      0      0      0      3      8     13     27     42     58     93    145    227    318    447    631    849   1133   1453   1817   2199   2597   3028   3506   3998   4463   4941   5370   5817   6237   6656   7010   7321   7597   7846   8079   8296   8464   8608   8734   8826   8928 
040      0      0      0      0      0      0      0      0      0      0      0      0      0      0      0      0      0      0      1      1      1      2      8     19     37     71    112    177    287    415    605    825   1095   1448   1887   2386   2962   3606   4270   4974   5743   6477   7234   7974   8671   9395  10042  10661  11211  11740  12166  12586  12974  13287  13560  13762  13960  14125  14291 
041      0      0      0      0      0      0      0      0      0      0      0      0      0      0      0      0      0      0      1      1      4      6     11     19     34     53     86    147    255    379    515    712    965   1293   1693   2170   2666   3257   3869   4504   5229   5916   6589   7227   7875   8506   9079   9652  10151  10606  11013  11386  11705  11998  12226  12427  12586  12740  12873 
042      0      0      0      0      0      0      0      0      0      0      0      0      0      0      0      1      1      1      1      1      1      3     11     20     25     42     64    119    182    263    363    511    722    981   1286   1616   2014   2462   2896   3404   3912   4415   4905   5424   5947   6421   6868   7253   7642   8014   8325   8605   8862   9053   9234   9409   9549   9662   9764 
043      0      0      0      0      0      0      0      0      0      0      0      0      0      0      1      1      1      2      4      5      5      8     12     16     29     41     58     91    121    161    238    322    444    578    740    918   1152   1375   1631   1933   2222   2521   2824   3093   3359   3622   3848   4065   4266   4475   4654   4775   4902   5027   5151   5239   5325   5389   5441 
044      0      0      0      0      0      0      0      0      0      0      1      1      1      1      1      1      2      4      4      4      6     13     21     37     54     86    142    224    351    548    777   1096   1473   1950   2566   3249   4016   4860   5783   6739   7705   8672   9698  10725  11732  12690  13528  14309  15102  15820  16436  16959  17462  17893  18248  18545  18789  19012  19235 
045      0      0      0      0      0      0      0      0      0      0      0      0      0      0      0      0      0      0      0      1      2      6     17     35     61     91    148    222    353    496    694    939   1249   1665   2160   2762   3399   4148   4995   5821   6678   7545   8448   9346  10209  11037  11755  12487  13136  13690  14295  14776  15146  15476  15819  16167  16396  16598  16789 
046      0      0      0      0      0      0      0      0      0      0      0      0      0      0      0      0      0      0      0      1      1      1      1      8     17     36     53     79    120    185    266    346    456    598    788   1000   1229   1474   1760   2033   2321   2628   2920   3212   3492   3759   4006   4251   4456   4648   4844   5022   5157   5271   5373   5466   5545   5620   5684 
047      0      0      0      0      0      0      0      0      0      0      0      0      0      0      0      0      0      0      0      0      0      1      5      8     12     24     47     70    114    179    258    364    475    626    775    991   1222   1461   1752   2069   2378   2683   3016   3348   3662   3928   4180   4425   4649   4865   5064   5245   5377   5496   5624   5727   5811   5892   5950 
048      0      0      0      0      0      0      0      0      0      0      0      0      0      0      0      0      0      0      0      0      0      0      1      3      6      8     20     30     47     71    100    143    194    252    350    417    533    635    741    892   1030   1168   1316   1462   1588   1722   1838   1954   2073   2165   2238   2324   2378   2445   2504   2556   2599   2633   2652 
049      0      0      0      0      0      0      0      0      0      0      0      0      0      1      2      2      2      2      2      4      5      5      7     15     30     52     81    137    212    300    425    597    806   1059   1357   1669   2023   2434   2906   3384   3886   4422   4956   5458   5964   6433   6864   7263   7648   7958   8239   8524   8753   8978   9151   9303   9428   9535   9637 
050      0      0      0      0      0      0      0      0      0      0      0      0      0      0      0      0      1      1      1      3      5      5      7     18     28     51     74    110    160    248    345    498    697    919   1179   1476   1816   2194   2594   3032   3515   3974   4450   4922   5338   5778   6189   6574   6916   7232   7489   7753   7984   8168   8327   8471   8609   8727   8811 
051      0      0      0      0      0      0      0      0      0      0      0      0      0      0      0      1      1      1      4      6      6      7     12     26     60     98    142    239    350    498    706   1011   1375   1812   2370   2974   3638   4405   5223   6122   7074   7958   8921   9860  10769  11621  12448  13188  13921  14540  15093  15595  16035  16413  16751  17038  17270  17498  17679 
052      0      0      0      0      0      0      0      0      0      0      0      0      0      0      0      0      0      0      2      4      6     10     18     32     53     86    132    208    323    448    643    886   1188   1566   2034   2559   3168   3821   4492   5209   6023   6870   7613   8426   9146   9842  10479  11113  11659  12174  12658  13050  13456  13777  14058  14304  14494  14654  14806 
053      0      0      0      0      0      0      0      0      0      0      0      0      0      0      0      0      0      0      0      2      5      9     18     30     46     82    117    176    271    405    555    764   1035   1330   1712   2159   2645   3234   3831   4549   5233   5907   6587   7244   7879   8462   9056   9611  10107  10572  10978  11364  11705  11984  12229  12454  12637  12796  12945 
054      0      0      0      0      0      0      0      0      0      0      0      0      1      1      1      1      1      1      2      4      7      8     13     19     34     58     98    150    218    313    425    594    787   1044   1371   1739   2140   2625   3123   3663   4239   4788   5335   5888   6452   6938   7421   7846   8258   8638   8953   9243   9490   9702   9900  10075  10203  10324  10420 
055      0      0      0      0      0      0      0      0      0      0      0      0      0      0      0      0      0      2      2      4      5     10     15     24     44     67    104    166    254    366    525    755   1005   1317   1720   2113   2629   3152   3729   4340   4958   5649   6277   6866   7516   8148   8728   9261   9786  10239  10648  11026  11344  11633  11892  12089  12256  12419  12537 
056      0      0      0      0      0      0      0      0      0      0      0      0      0      0      0      0      0      0      0      0      1      1      3      9     14     35     59     95    148    208    287    425    580    752    956   1198   1468   1778   2137   2468   2837   3227   3636   4010   4393   4727   5072   5410   5702   5986   6257   6478   6672   6851   6982   7100   7206   7310   7381 
057      0      0      0      0      0      0      0      0      0      0      0      0      0      0      0      1      2      2      4      4      7     13     18     21     38     64    103    147    220    320    457    631    851   1122   1422   1818   2272   2733   3268   3812   4393   5000   5566   6166   6760   7297   7807   8275   8720   9077   9426   9749  10055  10291  10512  10704  10838  10976  11067 
058      0      0      0      0      0      0      0      0      0      0      0      0      0      0      0      0      0      2      2      3     10     14     21     30     50     84    121    177    276    406    556    766   1018   1348   1726   2184   2690   3259   3833   4480   5123   5795   6506   7204   7893   8497   9075   9637  10132  10622  11041  11380  11692  12006  12272  12478  12661  12817  12947 
059      0      0      0      0      0      0      0      0      0      0      0      0      0      0      0      1      1      1      2      2      2      5     11     27     48     77    146    219    333    479    683    930   1250   1675   2171   2722   3365   4134   4954   5799   6658   7542   8437   9327  10187  11036  11834  12548  13203  13810  14366  14859  15260  15657  15970  16282  16549  16771  16946 
060      0      0      0      0      0      0      0      0      0      0      0      0      0      0      0      0      0      0      1      3      5     10     13     20     27     46     67    107    176    252    355    494    665    893   1134   1416   1749   2131   2497   2896   3320   3728   4187   4599   5054   5466   5832   6150   6491   6763   7039   7275   7470   7678   7835   7981   8126   8231   8299 
061      0      0      0      0      0      0      0      0      0      0      0      0      0      0      0      0      0      0      0      1      2      4      7     19     25     46     60    115    187    266    375    528    718    945   1206   1501   1848   2235   2652   3091   3543   4047   4565   5038   5535   5997   6435   6846   7234   7544   7838   8118   8345   8563   8753   8909   9038   9154   9262 
062      0      0      0      0      0      0      0      0      0      0      0      0      0      0      0      0      0      0      1      2      5      6     14     21     35     61     99    153    233    345    521    746   1003   1322   1703   2160   2623   3157   3753   4362   4975   5601   6237   6834   7479   8092   8651   9168   9672  10115  10520  10890  11185  11459  11702  11931  12115  12259  12407 
063      0      0      0      0      0      0      0      0      0      0      0      0      0      0      0      0      0      1      1      1      5     10     14     23     46     69    105    153    234    337    483    654    881   1149   1490   1913   2354   2856   3466   4052   4669   5298   5938   6527   7139   7699   8204   8696   9138   9540   9926  10273  10545  10812  11042  11241  11409  11542  11654 
064      0      0      0      0      0      0      0      0      0      0      0      0      0      0      0      0      0      1      3      3      4      9     15     29     38     76    127    210    316    477    657    906   1234   1615   2061   2600   3266   3973   4734   5461   6290   7132   7975   8834   9633  10419  11141  11797  12357  12930  13435  13886  14271  14615  14880  15112  15349  15536  15689 
065      0      0      0      0      0      0      0      0      0      0      0      0      0      0      0      0      0      0      0      3      4      5     11     20     31     55     89    116    176    259    371    493    634    847   1109   1406   1709   2054   2464   2900   3299   3718   4156   4554   4970   5366   5725   6089   6413   6695   6967   7195   7399   7584   7770   7890   8004   8090   8186 
066      0      0      0      0      0      0      0      0      0      0      0      0      0      0      0      0      0      0      0      0      0      1      3      7     12     21     36     54     77    121    178    254    364    510    676    851   1003   1225   1463   1695   1951   2195   2447   2715   2981   3215   3459   3655   3848   4026   4176   4300   4402   4519   4597   4670   4723   4774   4829 
067      0      0      0      0      0      0      0      0      0      0      0      0      0      0      0      0      0      0      0      2      5     12     26     36     68    112    180    267    421    604    870   1199   1636   2150   2767   3537   4315   5198   6218   7241   8325   9364  10502  11607  12674  13685  14660  15524  16325  17045  17715  18327  18882  19315  19728  20088  20383  20640  20865 
068      0      0      0      0      0      0      0      0      0      0      0      0      0      0      0      0      0      0      1      3      6     16     29     51     85    131    216    326    516    752   1082   1478   2066   2721   3492   4409   5471   6600   7771   9118  10516  11913  13363  14740  16146  17465  18714  19890  20952  21901  22740  23501  24180  24763  25270  25710  26083  26404  26654 
069      0      0      0      0      0      0      0      0      0      0      0      0      0      0      0      0      0      0      0      1      1      1      8     15     26     50     78    116    178    246    355    500    695    933   1215   1494   1857   2269   2734   3162   3655   4142   4626   5115   5601   6034   6447   6859   7217   7546   7841   8104   8322   8529   8693   8842   8976   9065   9175 
070      0      0      0      0      0      0      0      0      0      0      0      0      0      0      0      0      0      0      0      4      7     10     14     27     43     66    116    187    295    437    617    851   1152   1530   1944   2443   2985   3550   4226   4912   5662   6392   7208   7963   8695   9356  10022  10644  11223  11737  12209  12669  12996  13311  13581  13810  14026  14185  14315 
071      0      0      0      0      0      0      0      0      0      0      0      0      0      0      0      0      0      0      0      2      4      8     18     26     41     58     76    121    171    242    345    478    668    878   1167   1486   1864   2267   2717   3179   3663   4156   4692   5232   5731   6234   6666   7081   7424   7765   8054   8341   8540   8738   8924   9084   9222   9335   9424 
072      0      0      0      0      0      0      0      0      0      0      0      0      0      0      0      0      0      0      1      2      4      7     13     19     41     56     92    138    202    293    431    582    774   1042   1329   1691   2085   2525   3022   3522   4040   4527   5049   5566   6087   6578   7036   7459   7837   8226   8552   8852   9121   9335   9537   9692   9822   9946  10044 
073      0      0      0      0      0      0      0      0      0      0      0      0      0      0      0      0      0      0      0      1      1      4      7     15     20     33     54     90    134    213    308    409    551    727    943   1186   1463   1774   2086   2405   2770   3182   3525   3884   4258   4602   4917   5220   5513   5776   6003   6190   6376   6530   6665   6789   6875   6953   7032 
074      0      0      0      0      0      0      0      0      0      0      0      0      0      0      1      1      2      2      2      4      5      6     15     27     36     48     78    128    190    282    395    550    738    965   1280   1607   1983   2392   2843   3337   3811   4365   4874   5383   5906   6363   6845   7301   7682   8023   8328   8619   8873   9067   9287   9446   9587   9691   9783 
075      0      0      0      0      0      0      0      0      0      0      0      0      0      0      0      0      0      0      1      2      2      2      7     10     19     44     90    154    218    316    451    628    852   1115   1425   1788   2245   2697   3176   3711   4257   4872   5444   6001   6542   7099   7598   8050   8505   8873   9228   9544   9824  10062  10268  10435  10594  10715  10816 
076      0      0      0      0      0      0      0      0      0      0      0      0      0      0      0      0      0      0      0      1      3      5      7      9     16     33     52     91    139    190    285    392    510    686    891   1075   1337   1639   1937   2267   2613   2962   3293   3642   3979   4310   4579   4819   5088   5295   5520   5687   5867   6000   6102   6201   6287   6374   6435 
077      0      0      0      0      0      0      0      0      0      0      0      0      0      0      0      0      0      0      0      0      0      1      3      8     16     28     51     84    126    204    307    439    587    774   1017   1305   1638   1975   2374   2768   3166   3547   3960   4388   4830   5229   5585   5898   6216   6480   6741   6965   7136   7311   7472   7594   7712   7807   7886 
078      0      0      0      0      0      0      0      0      0      0      0      0      0      0      0      0      0      0      0      0      2      2      2      7     13     25     35     57     81    118    170    239    314    425    552    712    867   1090   1305   1541   1769   2028   2279   2501   2730   2933   3134   3327   3495   3651   3776   3894   4013   4135   4225   4304   4374   4433   4463 
079      0      0      0      0      0      0      0      0      0      0      0      0      0      0      0      0      0      0      0      0      1      5     13     28     41     61     92    148    212    326    446    605    829   1105   1447   1836   2242   2727   3238   3788   4339   4890   5437   6004   6530   7095   7602   8071   8442   8815   9174   9505   9758   9996  10193  10384  10557  10699  10803 
080      0      0      0      0      0      0      0      0      0      0      0      0      0      0      0      0      0      0      0      0      0      0      1      5      7     17     29     41     61     90    147    200    282    360    462    601    746    904   1060   1222   1410   1592   1776   1946   2126   2303   2490   2662   2805   2950   3055   3151   3233   3314   3381   3454   3513   3550   3588 
081      0      0      0      0      0      0      0      0      0      0      0      0      0      0      0      0      0      0      0      0      2      3      8     16     24     32     53     88    135    197    297    412    570    783   1038   1285   1566   1893   2264   2641   3018   3448   3877   4277   4690   5048   5426   5774   6057   6331   6601   6843   7034   7197   7353   7475   7611   7693   7794 
082      0      0      0      0      0      0      0      0      0      0      0      0      0      0      0      0      0      1      1      1      2      2      6     10     12     17     31     54     88    124    166    243    337    472    628    807   1025   1229   1438   1706   1960   2237   2485   2724   2960   3248   3469   3681   3886   4066   4230   4378   4511   4607   4700   4768   4845   4896   4956 
083      0      0      0      0      0      0      0      0      0      0      0      0      0      0      0      1      1      2      2      4      6     12     16     26     45     73    110    170    238    345    488    671    907   1183   1545   1953   2397   2895   3456   4074   4676   5311   5911   6536   7136   7709   8253   8733   9207   9659  10061  10395  10698  10956  11166  11358  11526  11675  11811 
084      0      0      0      0      0      0      0      0      0      0      0      0      0      0      0      0      0      0      0      2      4      5     17     32     47     83    142    209    298    436    626    884   1195   1555   2023   2521   3117   3711   4496   5231   6009   6813   7590   8333   9116   9849  10558  11207  11741  12270  12761  13188  13591  13936  14223  14452  14664  14853  14981 
085      0      0      0      0      0      0      0      0      0      0      0      0      1      1      1      2      2      2      2      2      5      7      8     16     21     34     58     90    131    188    254    346    457    594    784   1003   1226   1505   1776   2058   2355   2676   3003   3302   3581   3886   4126   4362   4596   4828   5008   5199   5367   5495   5588   5695   5770   5840   5904 
086      0      0      0      0      0      0      0      0      0      0      0      0      0      0      0      0      0      0      1      1      2      2      6     10     24     41     84    120    182    280    383    549    750    968   1232   1558   1874   2247   2665   3128   3591   4100   4591   5067   5529   5950   6357   6732   7078   7410   7677   7927   8167   8354   8538   8703   8833   8923   9022 
087      0      0      0      0      0      0      0      0      0      0      0      0      0      0      0      0      0      0      0      2      2      6     16     27     45     68    105    154    252    369    526    741   1011   1314   1715   2209   2702   3275   3941   4590   5295   5974   6652   7343   8002   8637   9235   9756  10319  10788  11231  11588  11915  12223  12481  12687  12884  13040  13167 
088      0      0      0      0      0      0      0      0      0      0      0      0      0      0      0      0      0      1      1      3      4      6      9     15     21     33     62     88    135    206    296    404    543    704    918   1148   1442   1745   2067   2442   2777   3172   3528   3923   4284   4582   4897   5190   5470   5709   5943   6133   6309   6457   6608   6717   6809   6899   6961 
089      0      0      0      0      0      0      0      0      0      0      0      0      0      0      0      0      0      1      1      1      3      3      4     11     23     29     50     79    127    196    301    403    571    744    970   1213   1489   1781   2118   2485   2882   3300   3709   4099   4467   4795   5114   5423   5695   5947   6180   6410   6593   6742   6895   7025   7134   7233   7312 
090      0      0      0      0      0      0      0      0      0      0      0      0      0      0      0      0      0      0      2      6      8     15     26     47     64     99    158    224    329    488    693    969   1341   1783   2284   2900   3556   4322   5118   6039   6937   7871   8741   9609  10476  11326  12079  12845  13538  14152  14715  15219  15657  16013  16364  16630  16877  17100  17287 
091      0      0      0      0      0      0      0      0      0      0      0      0      0      0      0      0      0      0      0      0      1      5     11     13     17     31     53     89    140    212    309    426    564    753    973   1196   1468   1786   2118   2495   2867   3244   3647   4011   4389   4781   5115   5397   5710   5946   6170   6372   6565   6724   6871   6975   7077   7174   7244 
092      0      0      0      0      0      0      0      0      0      0      0      0      0      0      0      0      0      2      4      7      9     12     20     39     58     97    131    196    282    428    612    835   1138   1490   1886   2413   2963   3565   4234   4982   5757   6512   7307   8077   8830   9538  10247  10857  11439  11949  12430  12859  13215  13540  13790  14033  14242  14416  14556 
093      0      0      0      0      0      0      0      0      0      0      0      0      0      0      1      1      2      2      4      4      5     11     19     26     39     51     77    131    196    281    401    577    789   1021   1331   1685   2083   2522   2979   3476   4034   4583   5054   5575   6078   6591   7035   7452   7833   8203   8521   8827   9090   9329   9509   9675   9816   9942  10080 
094      0      0      0      0      0      0      0      0      0      0      0      0      0      0      0      0      0      0      0      1      2      6     10     21     31     52     81    122    173    256    381    527    723    953   1257   1566   1928   2372   2808   3296   3787   4293   4768   5243   5698   6169   6563   6958   7304   7629   7910   8181   8438   8611   8772   8935   9049   9155   9249 
095      0      0      0      0      0      0      0      0      0      0      0      0      0      0      0      0      0      0      1      2      7     12     22     47     88    131    213    312    449    643    920   1319   1759   2326   2974   3721   4569   5558   6561   7624   8818   9945  11042  12177  13312  14337  15314  16291  17151  17950  18669  19236  19775  20268  20683  21046  21375  21626  21833 
096      0      0      0      0      0      0      0      0      0      0      0      0      1      1      1      1      1      1      1      2      3      6     11     14     25     42     59     79    131    202    294    398    529    723    937   1171   1454   1753   2058   2384   2738   3126   3488   3862   4208   4587   4889   5195   5442   5660   5894   6077   6255   6408   6539   6658   6745   6830   6899 
097      0      0      0      0      0      0      0      0      0      0      0      0      0      0      0      0      0      2      2      3      4      6      9     19     30     61     88    152    245    383    559    785   1025   1337   1680   2126   2601   3163   3738   4352   5038   5702   6336   7021   7684   8317   8912   9520  10040  10503  10900  11260  11569  11856  12125  12328  12490  12651  12785 
098      0      0      0      0      0      0      0      0      0      0      0      0      0      0      0      0      0      0      0      0      2      3      5      9     16     27     52     85    124    176    262    342    479    637    814   1011   1232   1463   1774   2074   2364   2692   3033   3325   3595   3869   4196   4433   4682   4891   5108   5271   5413   5546   5651   5755   5829   5905   5960 
099      0      0      0      0      0      0      0      0      0      0      0      0      0      0      0      0      0      0      0      1      1      3      8     14     27     39     67    116    156    235    341    479    640    844   1084   1338   1643   1994   2353   2739   3166   3550   3938   4349   4767   5144   5501   5824   6117   6426   6689   6929   7122   7310   7459   7592   7701   7785   7871 
100      0      0      0      0      0      0      0      0      0      0      0      0      0      0      0      0      0      0      2      2      9     20     29     41     80    136    208    317    430    616    857   1186   1611   2118   2763   3491   4282   5184   6181   7246   8357   9464  10615  11698  12789  13849  14820  15722  16570  17319  17990  18583  19073  19522  19949  20302  20621  20862  21075 
101      0      0      0      0      0      0      0      0      0      0      0      0      0      0      0      0      1      1      2      3      6     13     21     36     71    103    157    235    335    485    681    952   1293   1676   2134   2702   3349   4093   4851   5679   6525   7395   8272   9088   9897  10697  11431  12147  12830  13407  13921  14352  14767  15124  15445  15712  15924  16126  16299 
102      0      0      0      0      0      0      0      0      0      0      0      0      0      0      0      0      0      0      0      2      4      9     12     18     30     53     83    119    166    236    320    444    584    765    991   1245   1570   1859   2191   2573   2969   3387   3777   4180   4603   4960   5317   5647   5926   6209   6433   6620   6796   6956   7097   7226   7337   7426   7497 
103      0      0      0      0      0      0      0      0      0      0      0      0      0      1      1      1      1      1      2      4      7     15     20     32     52     78    119    197    288    433    608    852   1130   1473   1871   2342   2897   3519   4156   4851   5626   6354   7081   7759   8483   9162   9805  10337  10918  11396  11834  12259  12598  12895  13163  13420  13589  13768  13906 
104      0      0      0      0      0      0      0      0      0      0      0      0      0      0      0      0      0      0      0      2      6     12     22     41     65    105    172    263    410    605    890   1244   1690   2232   2832   3529   4393   5356   6388   7315   8378   9472  10622  11747  12828  13815  14787  15705  16518  17259  17964  18543  19072  19526  19933  20274  20574  20822  21046 
105      0      0      0      0      0      0      0      0      0      0      0      0      0      0      0      0      0      0      1      2      4     12     20     34     59    104    168    273    383    564    802   1126   1530   2022   2620   3308   4116   4956   5869   6811   7749   8781   9848  10835  11844  12797  13723  14556  15337  15983  16600  17181  17670  18057  18401  18739  19016  19254  19436 
106      0      0      0      0      0      0      0      0      0      0      0      0      0      0      0      0      0      0      0      0      1      5     14     22     34     56     83    121    166    239    336    442    605    807   1059   1345   1686   2001   2322   2723   3148   3568   3982   4436   4862   5225   5617   5980   6281   6551   6807   7018   7239   7403   7554   7696   7814   7910   7993 
107      0      0      0      0      0      0      0      0      0      0      0      0      0      0      0      0      0      1      1      1      1      6      8     15     24     45     62     96    141    206    292    418    552    714    915   1165   1419   1715   2047   2393   2741   3084   3457   3814   4163   4489   4768   5057   5342   5621   5841   6061   6233   6404   6565   6682   6788   6866   6945 
108      0      0      0      0      0      0      0      0      0      0      0      0      0      0      0      0      0      0      0      1      4      8     16     26     38     59     99    148    216    321    453    629    837   1116   1452   1817   2266   2733   3233   3803   4372   4982   5593   6173   6741   7259   7756   8231   8625   8994   9323   9650   9930  10167  10382  10567  10720  10850  10948 
109      0      0      0      0      0      0      0      0      0      0      0      0      0      0      0      0      0      0      1      1      4      8     12     21     30     49     76    109    163    228    328    458    622    821   1099   1387   1711   2041   2421   2835   3255   3702   4140   4590   4986   5381   5713   6046   6392   6685   6942   7150   7356   7532   7682   7813   7921   8012   8085 
110      0      0      0      0      0      0      0      0      0      0      0      0      0      0      0      0      0      0      1      2      4     10     18     25     37     55     90    136    219    311    446    646    885   1141   1464   1870   2327   2829   3360   3916   4488   5093   5690   6331   6895   7428   7924   8392   8835   9240   9572   9888  10159  10390  10602  10764  10909  11060  11191 
111      0      0      0      0      0      0      0      0      0      0      0      0      0      0      0      0      0      0      3      3      5      6      9     22     41     67     99    155    236    364    521    722   1013   1339   1714   2135   2642   3208   3820   4451   5145   5874   6565   7249   7898   8527   9106   9653  10133  10610  11060  11439  11781  12120  12336  12580  12753  12916  13068 
112      0      0      0      0      0      0      0      0      0      0      0      0      0      1      1      1      1      1      1      1      2      3      5     11     18     29     50     72    113    167    244    346    483    632    832   1042   1288   1547   1829   2151   2492   2834   3184   3534   3873   4180   4478   4753   5003   5215   5397   5579   5745   5885   6041   6156   6246   6324   6382 
113      0      0      0      0      0      0      0      0      0      0      0      0      0      0      0      0      0      0      0      1      5      6     14     22     37     63    108    152    217    319    470    651    886   1166   1480   1896   2334   2832   3408   3940   4533   5124   5744   6357   6932   7503   8041   8520   9001   9410   9790  10154  10453  10699  10919  11090  11272  11429  11559 
114      0      0      0      0      0      0      0      0      0      0      0      0      0      0      0      0      0      0      0      1      2      3      8     19     25     48     73    103    139    191    294    411    561    746    939   1191   1470   1774   2118   2454   2790   3161   3553   3963   4347   4708   5044   5362   5655   5908   6122   6311   6501   6646   6794   6924   7033   7122   7189 
115      0      0      0      0      0      0      0      0      0      0      0      0      0      0      0      1      1      1      1      5      7      9     12     22     35     54     82    127    191    275    407    561    758    991   1286   1621   2030   2419   2891   3359   3859   4367   4865   5376   5864   6352   6761   7137   7487   7837   8140   8398   8664   8889   9072   9231   9384   9506   9602 
116      0      0      0      0      0      0      0      0      0      0      0      0      0      0      0      0      0      0      0      0      5     12     21     35     48     76    118    166    249    353    493    706    950   1256   1579   1974   2469   2964   3544   4157   4750   5391   6045   6733   7352   7932   8485   8997   9465   9888  10271  10581  10849  11096  11316  11506  11659  11805  11933 
117      0      0      0      0      0      0      0      0      0      0      0      0      0      0      0      0      1      2      2      3      5      8     14     29     41     64    101    152    227    330    455    641    859   1118   1426   1776   2185   2697   3195   3742   4272   4866   5402   5932   6455   6990   7480   7944   8361   8760   9116   9389   9676   9909  10109  10321  10473  10601  10717 
118      0      0      0      0      0      0      0      0      0      0      0      0      0      0      0      0      0      0      0      0      4      4     10     13     23     36     53     88    141    205    290    412    550    724    921   1133   1418   1727   2005   2337   2682   3062   3420   3762   4107   4428   4744   5036   5270   5526   5738   5939   6119   6278   6391   6492   6588   6676   6729 
119      0      0      0      0      0      0      0      0      0      0      0      0      0      0      0      0      0      2      4      7     12     18     26     40     57     76    129    200    293    435    641    859   1158   1550   1981   2499   3106   3749   4415   5146   5924   6681   7461   8222   8970   9721  10396  11044  11623  12191  12698  13145  13552  13876  14152  14371  14581  14766  14932 
120      0      0      0      0      0      0      0      0      0      0      0      0      0      0      0      0      0      0      2      3      4      7     13     19     35     59     98    145    238    370    506    697    945   1239   1579   1988   2474   2981   3534   4117   4716   5311   5983   6614   7221   7808   8339   8829   9306   9710  10132  10471  10776  11033  11240  11430  11588  11741  11870 
121      0      0      0      0      0      0      0      0      0      0      0      0      0      0      1      1      1      1      2      3      3      4      8     13     35     58     97    147    220    323    490    699    956   1269   1630   2079   2574   3095   3675   4344   4970   5665   6354   6983   7614   8221   8810   9305   9844  10264  10688  11027  11360  11626  11842  12057  12243  12385  12483 
122      0      0      0      0      0      0      0      0      0      0      0      0      0      0      0      0      0      0      0      3      3      6     15     34     58     92    148    228    330    485    688    968   1284   1701   2231   2800   3418   4163   4977   5772   6606   7453   8322   9158  10001  10808  11540  12228  12890  13492  14006  14473  14892  15242  15536  15775  15997  16193  16341 
123      0      0      0      0      0      0      0      0      0      0      0      0      0      0      0      0      0      0      1      3      4      5     13     27     44     81    121    172    247    372    526    751   1018   1351   1745   2199   2766   3385   4030   4731   5444   6150   6856   7576   8242   8918   9535  10079  10639  11087  11556  11946  12289  12572  12842  13043  13201  13370  13497 
124      0      0      0      0      0      0      0      0      0      0      0      0      0      0      0      0      0      2      4      5     11     18     23     35     54     87    142    207    309    460    658    891   1155   1497   1918   2399   2926   3516   4204   4893   5606   6357   7110   7800   8514   9200   9888  10463  10987  11502  11929  12333  12718  13036  13275  13508  13722  13901  14057 
125      0      0      0      0      0      0      0      0      0      0      0      0      0      0      0      0      0      0      0      0      2     10     18     24     40     66    100    164    247    337    483    708    952   1243   1582   2003   2476   3014   3615   4235   4817   5465   6130   6750   7367   7979   8544   9069   9564   9994  10418  10769  11070  11350  11606  11812  11989  12145  12249 
126      0      0      0      0      0      0      0      0      0      0      0      0      0      0      0      0      1      1      2      3      7     12     26     36     60     99    160    242    354    513    735   1023   1398   1863   2403   3054   3727   4492   5282   6166   7122   8069   8950   9897  10780  11601  12409  13138  13815  14428  15012  15496  15941  16362  16684  16967  17239  17448  17632 
127      0      0      0      0      0      0      0      0      0      0      0      0      0      0      0      0      0      0      1      2      4     10     18     28     46     74    109    183    271    394    544    764   1023   1389   1781   2246   2786   3374   3997   4677   5391   6113   6846   7521   8184   8860   9469  10031  10544  11031  11489  11864  12208  12529  12784  12992  13181  13345  13482 
128      0      0      0      0      0      0      0      0      0      0      0      0      0      0      0      0      0      0      0      1      1      3      5     10     14     26     45     61     85    134    176    247    354    466    583    732    881   1060   1271   1493   1756   1998   2243   2481   2698   2926   3128   3299   3462   3636   3759   3886   4009   4125   4213   4293   4354   4408   4450 
129      0      0      0      0      0      0      0      0      0      0      0      0      0      0      0      0      0      1      1      1      3      6     12     22     37     68    132    203    315    426    609    815   1106   1455   1877   2362   2892   3426   4115   4796   5457   6201   6933   7691   8408   9067   9720  10327  10894  11369  11770  12190  12529  12815  13094  13338  13520  13683  13816 
130      0      0      0      0      0      0      0      0      0      0      0      0      0      0      0      0      0      0      0      1      1      4     10     23     41     63     96    139    204    303    415    604    795   1085   1351   1734   2101   2504   2998   3491   4002   4578   5114   5616   6166   6665   7159   7551   7933   8315   8640   8911   9164   9407   9586   9761   9920  10024  10118 
131      0      0      0      0      0      0      0      0      0      0      0      0      0      0      0      0      0      1      1      3      4     10     16     28     50     91    158    250    367    528    755   1101   1463   1927   2475   3097   3836   4663   5484   6475   7448   8425   9431  10347  11328  12196  13026  13862  14591  15232  15847  16386  16836  17293  17663  17977  18225  18448  18636 
132      0      0      0      0      0      0      0      0      0      0      0      0      0      0      0      0      0      0      0      0      0      2      9     16     26     49     71    103    157    234    322    476    657    849   1098   1353   1663   1988   2350   2764   3150   3587   4014   4441   4852   5251   5641   6008   6346   6642   6920   7181   7380   7554   7729   7868   8000   8103   8207 
133      0      0      0      0      0      0      0      0      0      0      0      0      0      0      0      0      0      1      2      2      4      7      8     15     25     38     55     83    133    208    285    399    550    707    906   1119   1383   1690   2020   2362   2738   3108   3441   3808   4159   4478   4786   5092   5355   5616   5862   6060   6226   6376   6495   6624   6732   6829   6921 
134      0      0      0      0      0      0      0      0      0      0      0      0      0      0      0      0      0      0      0      1      3      7     13     22     43     73    121    192    293    434    616    847   1137   1511   1999   2546   3135   3800   4517   5301   6062   6889   7693   8492   9267  10033  10657  11345  11968  12509  13010  13445  13816  14152  14410  14666  14880  15074  15226 
135      0      0      0      0      0      0      0      0      0      0      0      0      0      1      1      2      2      2      2      2      2      7     14     30     56     97    145    233    363    521    753   1074   1440   1901   2406   3014   3736   4516   5368   6198   7138   8096   9013   9955  10871  11737  12543  13312  14016  14669  15237  15717  16168  16574  16909  17206  17457  17669  17853 
136      0      0      0      0      0      0      0      0      0      0      0      0      0      0      0      0      0      0      0      2      2      5     13     27     53     88    132    211    327    452    658    916   1234   1611   2104   2618   3197   3913   4672   5390   6191   7009   7798   8627   9405  10195  10901  11545  12118  12687  13174  13652  14036  14412  14726  15008  15242  15443  15611 
137      0      0      0      0      0      0      0      0      0      0      0      0      0      0      0      0      0      0      0      0      0      0      5     11     16     26     42     74    124    176    258    355    470    609    792    992   1200   1485   1767   2069   2353   2666   3025   3364   3689   3970   4248   4502   4743   4979   5176   5356   5516   5661   5776   5868   5969   6042   6099 
138      0      0      0      0      0      0      0      0      0      0      0      0      0      0      0      0      0      0      0      0      3      7     16     23     34     46     62    102    143    221    303    419    564    727    934   1189   1496   1801   2150   2519   2910   3287   3662   4048   4413   4787   5088   5412   5667   5946   6195   6413   6604   6746   6883   6994   7086   7160   7231 
139      0      0      0      0      0      0      0      0      0      0      0      1      1      1      2      2      2      2      2      2      3      5      7     16     27     42     61     99    152    238    335    485    664    880   1154   1482   1823   2200   2593   3004   3440   3956   4389   4846   5330   5741   6132   6472   6800   7112   7386   7617   7835   8027   8179   8332   8451   8558   8636 
140      0      0      0      0      0      0      0      0      0      0      0      0      0      0      0      0      1      1      3      4      5      7      9     13     33     57     87    125    177    276    393    547    729    981   1283   1635   2032   2471   2963   3475   4013   4556   5106   5695   6201   6690   7195   7640   8050   8427   8757   9023   9294   9492   9713   9866  10011  10153  10230 
141      0      0      0      0      0      0      0      0      0      0      0      0      0      0      0      0      0      1      1      3      6     10     15     27     48     71    120    185    264    385    540    772   1002   1316   1689   2148   2655   3224   3822   4437   5095   5788   6429   7092   7784   8380   8954   9540  10065  10479  10869  11232  11541  11863  12089  12302  12475  12623  12771 
142      0      0      0      0      0      0      0      0      0      0      0      0      0      0      0      0      0      0      0      3      6     12     18     32     52     77    124    192    274    409    589    843   1097   1450   1850   2295   2840   3453   4084   4786   5487   6211   6915   7625   8354   9015   9693  10256  10801  11307  11756  12155  12474  12788  13056  13281  13473  13651  13793 
143      0      0      0      0      0      0      0      0      0      0      0      0      0      0      0      0      0      0      0      1      2      5     11     22     37     49     71    126    173    259    388    542    726    953   1219   1513   1850   2225   2612   3042   3517   3964   4453   4942   5410   5883   6257   6663   7020   7349   7597   7864   8101   8295   8480   8624   8759   8859   8938 
144      0      0      0      0      0      0      0      0      0      0      0      0      0      0      0      0      0      0      0      0      1      2      6     12     21     35     54     66    101    159    218    310    415    529    701    891   1111   1334   1567   1826   2102   2380   2683   2957   3223   3458   3729   3940   4160   4347   4512   4667   4804   4952   5062   5140   5236   5301   5345 
145      0      0      0      0      0      0      0      0      0      0      0      0      0      0      0      0      0      0      0      1      1      8     18     28     46     75    130    227    333    482    714   1012   1363   1798   2307   2849   3531   4277   5062   5868   6745   7680   8597   9421  10288  11145  11878  12600  13194  13776  14326  14803  15222  15594  15936  16219  16450  16690  16853 
146      0      0      0      0      0      0      0      0      0      0      0      0      0      0      0      0      0      0      0      1      6     10     15     32     54     91    148    224    358    507    690    949   1282   1722   2253   2849   3486   4265   5081   5973   6840   7784   8716   9650  10496  11358  12136  12864  13533  14188  14739  15235  15672  16022  16344  16631  16894  17094  17295 
147      0      0      0      0      0      0      0      0      0      0      0      0      0      0      0      0      0      0      0      0      0      2      5     15     21     34     49     94    146    230    335    468    633    808    994   1256   1556   1898   2273   2646   3051   3499   3878   4274   4661   5024   5366   5690   6021   6303   6544   6757   6945   7136   7283   7410   7512   7601   7689 
148      0      0      0      0      0      0      0      0      0      0      0      0      0      0      0      0      1      1      1      1      2      5      7     19     37     50     93    137    206    309    433    599    814   1081   1381   1694   2070   2486   2952   3491   4009   4590   5157   5680   6191   6711   7201   7635   8005   8364   8682   8962   9191   9394   9580   9754   9886  10013  10129 
149      0      0      0      0      0      0      0      0      0      0      0      0      0      0      0      0      0      1      2      2      3      5     14     26     40     59     90    132    211    320    451    641    859   1127   1433   1776   2210   2663   3191   3703   4266   4866   5499   6083   6634   7161   7647   8124   8538   8904   9261   9554   9829  10060  10264  10444  10605  10743  10850 
150      0      0      0      0      0      0      0      0      0      0      0      0      0      0      1      1      1      1      4      5      7      9     18     30     58     96    156    244    363    532    762   1076   1434   1870   2427   3073   3799   4555   5461   6342   7315   8313   9299  10263  11249  12189  13075  13895  14606  15305  15916  16426  16918  17337  17655  17975  18241  18457  18649 
151      0      0      0      0      0      0      0      0      0      0      0      0      0      0      0      0      0      0      1      2      4      6     11     25     40     66    103    164    255    373    542    719    976   1267   1608   2070   2537   3092   3651   4283   4963   5636   6315   6947   7574   8173   8791   9300   9787  10229  10670  11049  11345  11613  11900  12087  12261  12409  12537 
152      0      0      0      0      0      0      0      0      0      0      0      0      0      0      0      0      0      0      0      2      5      7      8     13     19     29     51     79    115    177    261    343    461    609    783    964   1178   1450   1727   2016   2299   2605   2897   3210   3517   3803   4076   4321   4568   4796   5013   5165   5307   5452   5554   5659   5749   5829   5884 
153      0      0      0      0      0      0      0      0      0      0      0      0      0      0      0      0      0      0      0      0      5      5      7     13     18     24     38     70    107    157    203    284    385    529    695    887   1107   1349   1609   1860   2181   2496   2777   3100   3395   3671   3948   4182   4377   4578   4776   4929   5066   5212   5317   5413   5483   5560   5613 
154      0      0      0      0      0      0      0      0      0      0      0      0      0      0      0      0      0      0      0      0      0      1      5     10     26     48     72    106    169    231    334    470    643    858   1118   1423   1735   2137   2525   2915   3355   3816   4277   4697   5095   5528   5899   6277   6612   6938   7205   7438   7635   7822   7985   8119   8260   8369   8455 
155      0      0      0      0      0      0      0      0      0      0      0      0      0      0      0      0      0      0      0      0      1      5      9     17     30     45     66    105    172    256    373    525    701    931   1198   1513   1868   2263   2692   3156   3658   4161   4629   5112   5620   6028   6470   6848   7230   7582   7876   8139   8342   8562   8741   8904   9004   9120   9219 
156      0      0      0      0      0      0      0      0      0      0      0      0      0      0      0      1      1      1      1      2      3      5      9     16     25     47     66     94    130    202    281    383    515    652    840   1062   1325   1601   1867   2166   2512   2843   3184   3510   3842   4135   4395   4659   4910   5146   5344   5516   5651   5774   5897   5983   6064   6126   6185 
157      0      0      0      0      0      0      0      0      0      0      0      0      0      0      0      0      0      0      0      4     11     21     31     50     64     90    149    236    344    526    718    970   1316   1766   2227   2801   3428   4128   4903   5745   6573   7445   8311   9139   9915  10718  11464  12163  12825  13402  13914  14361  14766  15112  15409  15689  15923  16106  16273 
158      0      0      0      0      0      0      0      0      0      0      0      0      0      0      0      0      0      0      0      1      2      5     13     24     42     81    134    207    342    493    708    950   1294   1740   2228   2808   3453   4167   5019   5889   6791   7657   8534   9466  10285  11142  11888  12596  13258  13885  14428  14947  15404  15772  16082  16401  16685  16883  17073 
159      0      0      0      0      0      0      0      0      0      0      0      0      0      0      0      0      0      0      1      2      4      7     13     29     49     85    141    217    340    497    724    985   1315   1731   2229   2861   3575   4314   5134   6011   6915   7843   8759   9640  10511  11399  12247  12992  13682  14312  14852  15301  15723  16115  16447  16721  16976  17164  17349 
160      0      0      0      0      0      0      0      0      0      0      0      0      0      0      0      0      1      1      1      3      6      8     11     19     32     52     75    109    162    250    351    481    626    798   1050   1302   1596   1930   2271   2671   3065   3478   3906   4335   4744   5125   5467   5787   6101   6347   6595   6823   7023   7190   7320   7430   7528   7632   7723 
161      0      0      0      0      0      0      0      0      0      0      0      0      0      0      0      0      0      1      2      2      2      2      5      7     13     26     42     71    105    157    239    329    455    588    756    952   1145   1366   1636   1921   2202   2524   2845   3137   3420   3669   3914   4137   4341   4543   4717   4884   5005   5132   5251   5321   5413   5476   5546 
162      0      0      0      0      0      0      0      0      0      0      0      0      0      0      0      0      0      0      1      1      1      4      6     19     31     43     73    111    178    273    395    542    741    976   1244   1580   1964   2357   2790   3238   3735   4202   4731   5180   5668   6101   6570   6980   7362   7721   8026   8280   8513   8722   8889   9056   9193   9313   9422 
163      0      0      0      0      0      0      0      0      0      0      0      0      0      0      1      1      1      1      1      3      4      7      9     18     25     46     75    115    171    236    325    457    581    756    965   1223   1522   1834   2216   2583   2940   3300   3717   4103   4460   4834   5190   5507   5764   6005   6204   6406   6599   6762   6899   7010   7126   7201   7283 
164      0      0      0      0      0      0      0      0      0      0      0      0      0      0      0      0      1      2      3      4      7      9     17     25     51     83    126    197    288    445    622    857   1140   1487   1905   2392   2948   3476   4105   4836   5570   6328   7081   7817   8556   9264   9916  10566  11106  11596  12066  12462  12826  13120  13401  13649  13865  14045  14203 
165      0      0      0      0      0      0      0      0      0      0      0      0      0      0      0      0      0      0      1      2      7     12     19     35     63    111    157    235    373    569    820   1146   1544   2032   2615   3292   4062   4865   5756   6727   7744   8783   9852  10872  11886  12871  13737  14630  15396  16123  16713  17261  17737  18188  18555  18881  19140  19380  19549 
166      0      0      0      0      0      0      0      0      0      0      0      0      0      0      0      0      0      0      0      0      2      8     24     37     61     98    145    229    332    516    724   1019   1381   1822   2358   2971   3648   4377   5245   6121   7049   7953   8891   9801  10708  11554  12421  13171  13892  14553  15123  15643  16060  16476  16858  17140  17378  17581  17778 
167      0      0      0      0      0      0      0      0      0      0      0      0      0      0      1      1      1      2      2      2      3      8     11     13     24     39     54     84    126    177    264    386    548    701    902   1172   1480   1830   2152   2518   2892   3302   3669   4060   4431   4789   5148   5437   5705   5956   6197   6399   6565   6720   6843   6942   7049   7148   7213 
168      0      0      0      0      0      0      0      0      0      0      0      0      0      0      0      0      0      0      0      0      3      8     12     19     34     52     80    119    177    252    370    500    699    929   1182   1489   1857   2249   2643   3042   3499   3932   4402   4887   5295   5736   6094   6449   6778   7103   7360   7597   7806   7990   8178   8312   8454   8560   8662 
169      0      0      0      0      0      0      0      0      0      0      0      0      0      0      0      0      0      0      0      2      6     13     28     46     76    129    207    347    554    811   1149   1594   2135   2804   3638   4552   5633   6811   8137   9498  10962  12362  13817  15220  16633  17954  19193  20327  21371  22354  23174  23980  24646  25264  25789  26203  26594  26904  27220 
170      0      0      0      0      0      0      0      0      0      0      0      0      0      0      0      0      0      0      0      1      3      6     14     27     48     78    131    224    301    461    688    991   1331   1772   2319   2927   3609   4376   5229   6073   7013   7971   8852   9767  10639  11502  12236  12950  13621  14271  14839  15366  15824  16188  16522  16808  17044  17253  17417 
171      0      0      0      0      0      0      0      0      0      0      0      0      0      0      0      0      0      0      0      0      1      2      2      5     10     13     29     47     79    109    150    193    256    331    414    548    668    801    963   1128   1297   1484   1643   1815   1982   2112   2296   2441   2580   2695   2793   2894   2970   3050   3113   3176   3225   3266   3304 
172      0      0      0      0      0      0      0      0      0      0      0      0      0      0      0      0      0      1      1      1      1      4      8     11     20     28     51     73    100    137    210    302    408    544    709    873   1102   1356   1604   1880   2154   2422   2713   3005   3307   3569   3798   4024   4260   4437   4621   4770   4910   5031   5126   5216   5285   5339   5393 
173      0      0      0      0      0      0      0      0      0      0      0      0      0      0      0      0      0      0      0      1      4     13     19     32     57     96    162    252    379    531    738   1039   1379   1810   2388   3019   3771   4587   5449   6394   7302   8336   9241  10161  11048  11915  12769  13515  14246  14915  15485  15993  16447  16816  17168  17476  17708  17951  18119 
174      0      0      0      0      0      0      0      0      0      0      0      0      0      0      0      0      0      0      0      2      3      7     18     36     65    109    169    257    402    582    858   1200   1634   2126   2758   3456   4301   5258   6273   7335   8419   9574  10755  11906  12999  14077  15051  15963  16802  17603  18338  18941  19463  19942  20377  20728  21030  21286  21518 
175      0      0      0      0      0      0      0      0      0      0      0      0      0      0      1      1      1      1      1      3      6      7     15     28     43     66    108    171    284    429    593    852   1163   1511   1923   2406   2948   3588   4310   5010   5801   6605   7432   8156   8872   9602  10288  10943  11527  12077  12558  13015  13382  13680  13987  14228  14441  14647  14786 
176      0      0      0      0      0      0      0      0      0      0      0      0      0      0      0      0      0      0      2      3      6     13     20     34     64     97    155    226    346    512    727   1008   1352   1746   2232   2797   3497   4237   5005   5867   6796   7697   8593   9470  10365  11144  11870  12575  13256  13819  14374  14859  15314  15666  16018  16277  16529  16738  16891 
177      0      0      0      0      0      0      0      0      0      0      0      0      0      0      0      0      0      0      0      1      2      2      5      6     10     20     32     55     82    126    179    256    352    455    586    728    914   1099   1324   1539   1768   1984   2217   2434   2652   2831   3044   3219   3380   3542   3687   3811   3916   4009   4076   4152   4201   4250   4294 
178      0      0      0      0      0      0      0      0      0      0      0      0      0      0      0      0      0      0      1      2      2      4      6      9     15     22     33     53     76    101    154    216    289    358    455    588    729    894   1059   1243   1443   1617   1821   2002   2174   2330   2486   2638   2776   2911   3009   3108   3193   3283   3365   3430   3483   3514   3550 
179      0      0      0      0      0      0      0      0      0      0      0      0      0      0      0      0      0      0      1      3      3      3      5      6     15     26     39     57     88    129    198    274    369    491    615    792    976   1162   1385   1629   1890   2143   2387   2640   2897   3146   3369   3562   3745   3916   4071   4216   4328   4432   4526   4611   4677   4732   4787 
180      0      0      0      0      0      0      0      0      0      0      0      0      0      0      0      0      1      2      2      2      2      4      4      7     14     21     42     68     94    136    183    244    333    409    522    637    785    930   1113   1290   1477   1711   1896   2099   2267   2451   2625   2773   2919   3050   3185   3305   3411   3488   3567   3619   3683   3723   3765 
181      0      0      0      0      0      0      0      0      0      0      0      0      0      0      0      0      0      0      0      1      1      2      6     10     22     34     64    105    163    241    350    473    644    835   1096   1379   1682   2018   2377   2742   3158   3555   4012   4389   4799   5126   5518   5890   6212   6503   6762   6968   7185   7347   7492   7611   7733   7830   7903 
182      0      0      0      0      0      0      0      0      0      0      0      0      0      0      0      0      0      0      0      1      1      4      9     26     40     68    118    173    254    383    567    769   1020   1345   1698   2117   2581   3116   3677   4256   4895   5548   6271   6935   7603   8247   8813   9348   9848  10259  10643  10981  11285  11508  11738  11919  12079  12234  12345 
183      0      0      0      0      0      0      0      0      0      0      0      0      0      0      0      0      0      0      1      1      3      8     21     39     62    100    145    206    319    472    664    947   1260   1652   2141   2730   3377   4109   4925   5702   6579   7441   8277   9109  10027  10815  11548  12285  12919  13473  13991  14437  14841  15200  15515  15787  16012  16205  16383 
184      0      0      0      0      0      0      0      0      0      0      0      0      0      0      0      1      1      1      1      2      2      4     10     18     25     39     55     86    124    185    271    380    508    656    833   1083   1341   1624   1904   2248   2581   2945   3297   3670   3999   4325   4611   4878   5147   5373   5570   5748   5908   6034   6163   6273   6364   6445   6492 
185      0      0      0      0      0      0      0      0      0      0      0      0      0      0      0      0      0      1      1      2      3      7     19     31     58     92    126    187    287    414    615    837   1098   1486   1891   2365   2905   3511   4175   4833   5496   6210   6888   7638   8313   9023   9673  10277  10874  11382  11819  12223  12558  12873  13136  13352  13534  13712  13864 
186      0      0      0      0      0      0      0      0      0      0      0      0      0      0      0      0      0      0      0      2      3     10     16     37     74    119    199    307    437    641    943   1300   1733   2285   3000   3760   4632   5625   6630   7788   8976  10119  11316  12429  13559  14649  15686  16608  17454  18197  18871  19482  20002  20518  20928  21339  21667  21915  22160 
187      0      0      0      0      0      0      0      0      0      0      0      0      0      0      0      0      0      0      0      2      2      5      9     11     21     39     66    108    180    256    361    516    694    930   1221   1543   1900   2282   2745   3162   3658   4193   4680   5140   5584   6027   6472   6869   7239   7555   7837   8103   8316   8519   8692   8830   8949   9062   9136 
188      0      0      0      0      0      0      0      0      0      0      0      0      0      0      0      0      0      0      1      4      5     14     21     38     56     84    130    186    295    434    602    851   1153   1503   1920   2400   2980   3603   4276   5006   5760   6527   7269   8042   8814   9562  10229  10834  11440  11960  12432  12843  13201  13503  13747  13980  14176  14332  14452 
189      0      0      0      0      0      0      0      0      0      0      0      0      0      0      0      0      0      0      0      0      2      5     12     19     36     64    102    148    222    317    430    598    833   1081   1396   1791   2167   2628   3187   3690   4238   4796   5377   5922   6491   6982   7472   7919   8318   8689   8988   9273   9540   9772   9960  10132  10280  10415  10524 
190      0      0      0      0      0      0      0      0      0      0      0      0      0      0      0      0      0      0      0      0      4      5      9     13     26     46     66    104    172    243    364    493    663    873   1135   1388   1723   2039   2451   2856   3287   3700   4122   4553   4976   5358   5738   6073   6396   6674   6932   7162   7377   7557   7701   7828   7957   8055   8137 
191      0      0      0      0      0      0      0      0      0      0      0      0      0      0      0      0      0      0      0      2      3      5     10     13     34     51     81    120    185    257    382    510    701    903   1154   1452   1823   2222   2621   3023   3478   3946   4405   4877   5322   5744   6121   6502   6860   7153   7429   7692   7913   8112   8290   8448   8588   8684   8765 
192      0      0      0      0      0      0      0      0      0      0      0      0      0      0      0      0      0      0      0      1      1      2      9     13     23     40     68    124    186    288    396    548    739    984   1250   1611   2000   2400   2893   3407   3937   4470   5042   5538   6030   6526   6955   7352   7725   8060   8377   8666   8907   9152   9342   9499   9636   9757   9863 
193      0      0      0      0      0      0      0      0      0      0      0      0      0      0      0      1      1      1      1      1      4      7     11     25     46     79    131    205    313    477    661    933   1263   1609   2063   2607   3196   3893   4590   5383   6136   6945   7743   8523   9333  10073  10819  11467  12113  12692  13171  13617  14016  14353  14655  14939  15159  15322  15480 
194      0      0      0      0      0      0      0      0      0      0      0      0      0      0      0      0      0      0      0      2      3      5     13     27     44     72    122    193    285    412    568    825   1116   1455   1889   2387   2919   3530   4202   4933   5699   6468   7259   7979   8741   9409  10099  10718  11321  11856  12298  12707  13064  13401  13690  13921  14127  14292  14447 
195      0      0      0      0      0      0      0      0      0      0      0      0      0      0      0      0      0      0      1      2      3      8     14     15     29     52     84    125    179    253    382    515    675    907   1173   1460   1825   2216   2588   3004   3473   3957   4425   4897   5343   5746   6145   6545   6868   7164   7444   7702   7935   8127   8301   8443   8554   8655   8750 
196      0      0      0      0      0      0      0      0      0      0      0      0      0      0      0      0      0      0      0      0      1      3      9     17     27     49     92    139    202    290    401    558    733    959   1231   1588   1944   2335   2780   3250   3768   4265   4786   5273   5783   6249   6715   7113   7458   7827   8136   8427   8652   8880   9047   9199   9357   9473   9569 
197      0      0      0      0      0      0      0      0      0      0      0      0      0      0      0      0      0      1      1      4      5     10     13     17     36     61    102    135    191    290    397    576    753    985   1272   1593   1977   2417   2855   3317   3801   4365   4864   5390   5885   6351   6786   7172   7558   7919   8191   8484   8702   8916   9098   9255   9401   9508   9613 
198      0      0      0      0      0      0      0      0      0      0      0      0      0      0      0      0      1      2      2      3      5      8     16     29     45     74    127    215    318    462    630    876   1238   1647   2091   2666   3311   4001   4761   5559   6432   7264   8100   8968   9807  10591  11322  12019  12656  13218  13747  14191  14593  14952  15260  15535  15739  15956  16117 
199      0      0      0      0      0      0      0      0      0      0      0      0      0      0      0      0      0      0      1      2      7     15     19     33     54     85    131    215    306    438    626    853   1128   1504   1914   2388   2958   3591   4221   4910   5664   6440   7202   7939   8671   9326   9970  10549  11142  11640  12088  12505  12852  13147  13405  13626  13843  14022  14155 
