000      2      0      0      0      1      4     10     16     47    119    264    559   1196   2426   4620   8328  14661  24395  39175  60220  88248 123506 166127 213509 263247 311374 353320 384730 403746 407128 395417 370736 335362 292415 246429 200726 158040 120748  89160  63915  44829  30752  21071  14844  10685   7933   6296   5280   4631   4130   3717   3338   2992   2718   2421   2061   1747   1485   1236 
001      2      0      0      0      1      6     11     36     89    202    455   1028   2109   4192   8013  14498  25358  42385  67615 103579 151559 212309 284908 365819 451449 533901 606343 660836 692724 699045 679579 636995 575438 502016 422306 343471 270030 205588 151888 108791  76495  52724  36417  25333  18329  13855  10936   9184   8058   7164   6497   5923   5317   4701   4124   3620   3104   2601   2167 
002      2      0      0      0      1      2     12     40     92    222    477   1114   2291   4560   8784  16093  28163  47363  76082 116614 170990 240279 322007 414172 510539 603049 684000 746116 781728 788893 766590 717853 648090 564853 475601 386902 304774 231925 171361 123085  86583  60088  41255  28670  20487  15298  12205  10329   8978   8057   7246   6608   5926   5311   4642   4056   3443   2855   2396 
003      2      0      0      0      0      0      7     18     40     78    176    359    728   1400   2673   4904   8615  14354  22824  35206  51478  72175  97124 125063 153987 182474 207154 226039 236838 239137 232274 217416 196403 171362 144248 117584  92513  70761  52246  37603  26484  18109  12535   8775   6311   4761   3840   3233   2814   2496   2236   2044   1803   1633   1440   1231   1075    902    776 
004      2      0      0      0      1      1      7     27     65    145    325    714   1500   2968   5716  10224  18001  29698  47654  72940 106668 149796 200350 257748 317741 375046 425642 463751 486318 491308 477212 446909 403994 352661 297144 241583 189935 144846 107044  76953  54089  37436  25581  17848  12781   9613   7668   6425   5566   5004   4498   4095   3681   3286   2906   2513   2139   1814   1474 
005      2      0      0      0      0      3      8     24     58    127    290    630   1301   2556   4984   9028  15769  26476  42634  65416  95911 134697 181040 232763 286833 339093 384203 419123 439027 442630 430152 402931 363843 317416 267498 217644 171097 130330  96633  69589  49100  33737  23193  16133  11608   8768   7009   5871   5163   4603   4103   3640   3299   2923   2576   2255   1959   1651   1399 
006      2      0      0      0      2      4     12     48    134    319    724   1508   3002   6004  11600  21028  37043  62115  99495 152410 224050 313666 421319 542055 668037 789929 896364 977584 1024288 1033627 1005055 941111 850772 741169 624360 508037 399162 303929 224940 161512 113600  78657  54224  37584  26891  20329  16125  13468  11847  10574   9513   8642   7735   6866   6019   5194   4476   3727   3107 
007      2      0      0      1      2      5      7     30     67    144    322    683   1475   3040   5652  10537  18327  30661  49012  75427 110851 155849 209328 269562 332534 393106 446384 486765 510598 514803 500474 468950 423697 369644 311490 253275 199076 151426 112014  80259  56000  38526  26480  18313  13143   9875   7782   6505   5700   5151   4679   4312   3886   3446   3020   2644   2237   1859   1513 
008      2      0      0      0      0      0      6     11     20     67    156    351    721   1465   2907   5196   9186  15363  24384  37234  54344  75916 102137 131588 162558 192135 218305 238302 249906 252176 245428 230102 208077 181398 152879 124797  98157  74770  55329  39593  27864  19286  13323   9267   6685   5017   4030   3437   2969   2662   2414   2169   1976   1758   1554   1315   1097    949    770 
009      2      0      0      0      0      1      3     19     44    107    233    520   1060   2081   4092   7396  12892  21624  34462  52862  77608 108773 145883 187535 230924 273334 309513 337340 353818 357215 346889 325042 294062 256371 215854 175784 138177 105407  77997  55912  39236  27178  18703  12935   9371   7075   5658   4765   4178   3753   3357   3007   2690   2393   2097   1846   1562   1294   1073 
010      2      0      0      0      1      3     12     36     83    188    422    888   1809   3677   7097  13118  23113  38703  61671  94714 138703 194574 261193 336077 414694 490282 556344 606338 635980 641542 623255 583850 527735 460527 388217 316510 249160 189843 140395 101118  70940  49102  33691  23424  16703  12561  10022   8453   7381   6595   5979   5387   4859   4341   3846   3335   2861   2396   1938 
011      2      0      0      0      0      0      7     17     46     94    208    467   1015   2011   3863   7031  12290  20515  32769  50025  73726 103730 139489 179822 221689 261906 297394 324363 339824 342724 332658 312014 281822 245482 206398 167647 132159 100313  74108  53127  37332  25893  17952  12539   8965   6742   5422   4517   3980   3597   3259   2953   2636   2310   2043   1782   1495   1249   1055 
012      2      0      0      0      2      6     16     42    107    223    548   1256   2575   5161   9702  17686  31059  51867  82863 126814 185981 260952 350330 450957 555603 657937 747586 815342 854879 862848 838841 785247 709217 618221 520138 422915 332556 253071 187685 134792  94958  65767  45361  31597  22742  17167  13635  11379   9891   8820   7951   7240   6542   5785   5074   4412   3790   3180   2643 
013      2      0      0      0      1      3     12     45    100    256    627   1286   2682   5327  10077  18577  32627  54516  87128 133256 194782 273044 367476 472596 582498 689119 781622 851742 893887 901991 876684 820190 741613 646507 545090 444020 350028 266159 197234 141852  99663  68769  47226  32939  23517  17767  14256  11963  10456   9335   8439   7596   6769   6055   5306   4605   3885   3281   2733 
014      2      0      0      0      0      3      7     16     50     97    191    450    862   1660   3259   5927  10355  17299  27676  42184  62016  86874 116393 149747 184460 218176 247818 269950 283349 285834 277697 260325 234955 204805 172758 140307 110535  84318  62452  44770  31512  21829  15081  10515   7543   5641   4456   3735   3303   2963   2658   2402   2188   1919   1681   1462   1246   1064    870 
015      2      0      0      0      0      0      1      8     30     87    200    487   1007   1943   3586   6519  11267  18989  30524  46612  68195  95897 128452 165067 203786 240718 272823 297411 312086 314967 306389 286782 259167 225749 190606 155333 122287  93342  69009  49768  34949  23968  16416  11505   8254   6222   4899   4113   3554   3184   2875   2614   2352   2106   1832   1582   1350   1151    981 
016      2      0      0      0      0      1      9     21     67    149    316    681   1375   2809   5337   9634  16809  28107  45116  69102 101275 142001 190750 245523 302745 358281 406570 443407 464510 469055 455615 426599 385246 335907 283156 230227 181268 138390 101998  73542  51505  35516  24362  16945  12128   9001   7214   6034   5309   4800   4334   3924   3539   3169   2711   2329   1995   1685   1373 
017      2      0      0      0      1      2     11     28     62    147    321    699   1423   2794   5348   9813  17085  28588  46138  70900 104172 146153 196286 252985 311714 367716 417648 455736 477876 482124 469085 439492 396983 346103 291561 237512 186862 142073 105075  75740  53196  36836  25259  17545  12611   9422   7501   6308   5526   5046   4512   4075   3690   3265   2872   2503   2142   1816   1526 
018      2      0      0      0      1      4     11     36    108    231    561   1179   2419   4693   8917  16168  28193  47447  76295 117029 171543 240428 322944 414898 511225 603902 685154 747143 783152 789904 767007 717636 648368 565398 476544 388039 305370 232771 172609 124163  87267  60332  41653  28992  20797  15662  12416  10355   9100   8154   7319   6618   5954   5306   4671   4094   3503   2941   2469 
019      2      0      0      0      0      1      2      7     16     51    148    301    602   1177   2215   4001   7024  11748  18857  28884  42449  59354  79794 102547 126494 149394 169436 184657 193232 195169 189789 177564 160263 139954 118114  96135  75803  57885  42906  30985  21792  15030  10311   7216   5227   3943   3109   2611   2259   2004   1773   1575   1411   1252   1077    948    805    685    584 
020      2      0      0      0      0      1      4     19     50    109    246    506   1059   2005   3827   7062  12358  20767  33188  50877  74574 104676 140576 180380 222726 263181 298145 324993 340488 343495 333527 312593 281996 245841 206981 168315 132731 101024  74577  53758  37669  25996  17818  12458   8802   6651   5322   4546   3976   3539   3142   2861   2575   2290   2005   1739   1471   1230   1051 
021      2      0      0      0      1      2     15     28     75    180    389    819   1673   3358   6384  11833  20866  34955  55953  85463 124868 175206 235548 302599 373198 441281 500750 546060 571984 577287 561365 525944 475466 414099 348407 283649 223086 170104 126053  90707  63898  44014  30219  21085  15141  11407   9069   7661   6680   6050   5400   4927   4402   3957   3462   2992   2559   2184   1807 
022      2      0      0      0      3      7     12     30     62    151    289    627   1368   2701   5094   9396  16433  27499  44199  67478  98544 138100 184955 237925 293515 346729 393237 428687 449244 453239 440544 412490 372631 324689 273127 222518 175298 133524  98822  70667  49914  34402  23782  16450  11817   8895   7038   5889   5120   4616   4134   3749   3358   3020   2602   2264   1926   1646   1346 
023      2      0      0      0      3      6     14     33     71    183    457    996   2051   4015   7723  13925  24349  40752  65441  99743 146303 205250 276057 354853 437731 517312 586948 639900 670531 676652 657524 615557 555636 484464 408625 332599 261985 200086 148074 106468  74900  51613  35411  24657  17679  13372  10570   8879   7757   6909   6255   5580   4989   4460   3877   3377   2937   2464   2066 
024      2      0      0      0      1      4     10     26     60    137    357    708   1468   2963   5616  10208  17644  29284  46997  72315 105677 147680 198244 255110 314418 371490 421916 460279 482306 486723 472926 442890 400259 349248 294383 239632 188658 143934 106460  76498  53703  37249  25720  17941  12810   9638   7703   6439   5593   4996   4510   4131   3654   3213   2850   2487   2121   1791   1504 
025      2      0      0      0      1      5     17     31     87    210    456    981   2052   4095   7792  14325  25149  42209  67620 103396 151823 212785 285546 367177 452543 534757 605878 660752 692480 698022 678805 635707 574040 500345 421547 343209 269855 205813 151794 109237  76876  52980  36469  25368  18208  13713  11019   9359   8159   7259   6497   5841   5207   4644   4048   3547   3019   2518   2119 
026      2      0      0      0      2      7     13     51    130    280    661   1521   3228   6461  12406  22776  39977  66828 106717 163221 239240 335275 450303 579560 714845 844607 959565 1046403 1096537 1107175 1076506 1008024 909889 793409 668952 544325 428565 326661 241421 173465 121883  84532  57958  40325  28835  21697  17184  14348  12495  11281  10227   9219   8318   7452   6539   5611   4780   4063   3347 
027      2      0      0      0      0      2      4     17     50    113    281    614   1319   2476   4780   8802  15473  26048  41726  63849  93469 131426 176807 227939 281138 332159 377337 411598 431020 434955 422553 395699 357442 311663 262707 213367 167832 127637  94335  67757  47562  32793  22667  15761  11438   8568   6903   5824   5058   4514   4050   3630   3251   2868   2520   2170   1864   1554   1308 
028      2      0      0      1      1      2      7     25     56    131    304    638   1351   2608   5067   9154  16021  26891  43218  66118  96971 136063 182541 234493 289021 341569 388063 422966 443862 447967 435394 407840 367913 320590 270026 219682 172777 131781  97384  70056  49470  34319  23699  16420  11734   8789   6967   5805   5130   4522   4102   3761   3405   3051   2611   2284   1937   1620   1368 
029      2      0      0      0      0      3     13     26     69    175    387    843   1752   3498   6740  12396  21517  35819  57311  87796 128636 180780 242472 312022 384630 454541 515769 562920 590231 595824 579337 542510 490237 427493 359969 292829 230558 175747 129816  93251  65533  45339  31134  21642  15492  11568   9172   7706   6743   6009   5465   5068   4527   4041   3549   3058   2598   2135   1767 
030      2      0      0      0      0      2      9     34     81    196    447    963   2058   4110   7862  14156  24762  41314  66239 101499 148878 208512 280921 361152 445318 526616 598330 652391 684291 690057 670094 627542 566933 494191 415967 338404 266533 203104 150159 108268  75877  52386  36020  24878  17841  13343  10646   8909   7750   7007   6275   5714   5140   4574   4003   3482   2928   2418   1959 
031      2      0      0      0      1      3     17     54    110    247    566   1240   2595   5175   9778  18067  31694  52659  83952 128696 188648 264741 355933 457956 564797 668189 758359 827967 867539 874609 849735 795441 718178 626337 527345 428942 337189 256833 189735 136083  95725  66474  45487  31565  22647  16892  13416  11259   9790   8808   8021   7217   6444   5741   5014   4378   3724   3133   2585 
032      2      0      0      0      2      2     10     33     79    162    374    820   1643   3314   6257  11457  19902  33650  53638  82060 120276 168828 226632 291363 359390 425112 482497 525842 551503 556310 540072 505480 456778 398290 335079 272347 214160 163331 120653  86611  60687  41940  28885  20142  14525  10817   8688   7361   6443   5750   5245   4698   4216   3739   3266   2806   2383   1993   1657 
033      2      0      0      0      1      2     12     26     48    113    242    496   1024   1986   3802   7001  12243  20527  33124  50632  74161 103635 139298 178803 220130 260322 295527 322179 337294 340663 330947 310133 280684 244741 205842 167668 132398 100543  74453  53532  37563  26125  17924  12496   8966   6741   5431   4560   4034   3586   3257   2947   2565   2263   1968   1693   1398   1176    989 
034      2      0      0      0      0      4     12     30     75    205    526   1125   2315   4647   8821  16171  28074  47128  75311 115512 169485 238210 320031 411367 506978 599969 680950 742433 778483 785437 763686 715339 645340 562648 473781 385168 303063 230697 170772 122573  86427  59768  41163  28707  20649  15514  12374  10439   9118   8061   7267   6573   5942   5264   4654   3980   3378   2806   2312 
035      2      0      0      0      0      2      8     22     48    143    323    750   1575   3078   5803  10358  18066  30392  48362  74311 109361 153780 206164 265355 327144 386354 438058 477719 500647 505100 490428 459913 415490 362758 305731 248844 195921 149606 110433  79341  55403  38032  26103  18202  13138   9921   7919   6664   5826   5184   4657   4192   3732   3317   2853   2487   2095   1805   1516 
036      2      0      0      0      0      2      8     20     43    107    227    505   1029   2073   4027   7324  12554  21165  33742  51754  75732 106039 142266 183477 226119 267496 303702 331012 346675 349923 340453 318622 287931 250697 211039 171621 135225 103224  76148  54743  38388  26618  18285  12640   9027   6826   5543   4643   4066   3611   3247   2893   2599   2340   2053   1737   1481   1215   1001 
037      2      0      0      0      0      1      7     19     58    141    342    724   1481   2933   5568  10093  17573  29471  47110  71804 105353 147762 198564 255600 315171 372232 422820 460613 482571 487103 473768 443965 400744 349250 294355 239975 188785 143728 105999  75888  53407  36953  25413  17482  12507   9527   7685   6506   5648   5071   4582   4153   3736   3266   2850   2502   2105   1777   1491 
038      2      0      0      0      0      1      7     25     70    160    379    833   1703   3240   6170  11277  19615  32779  52574  80772 118201 165801 222383 285350 351689 415941 471940 514980 540440 545196 529497 495934 448128 390741 328700 267668 210519 159880 117882  84852  59596  41146  28430  19667  14081  10520   8377   7040   6225   5548   4968   4556   4090   3635   3218   2731   2317   1934   1626 
039      2      0      0      0      2      3     11     22     49    117    246    569   1162   2261   4380   7961  13952  23316  37215  56694  83008 116431 155946 200429 247093 292279 331284 361379 378719 382254 371633 347967 314486 274301 231081 187842 148191 113062  83700  60189  42241  29013  20017  13854   9936   7362   5905   5005   4395   3884   3536   3156   2808   2492   2217   1908   1612   1385   1169 
040      2      0      0      1      1      4      9     26     72    165    389    846   1872   3660   6879  12618  22063  37142  59244  90901 132946 186597 250143 321339 395409 467820 530470 578877 606852 612399 595169 557322 504227 440162 371113 301946 237749 181210 133929  96147  67659  46893  32187  22316  16002  12033   9542   7967   7027   6239   5557   5004   4477   3970   3493   3029   2613   2186   1829 
041      2      0      0      0      1      5     13     35     68    154    371    769   1569   3135   6123  11174  19570  32984  52932  81487 119360 166833 224077 287936 354710 419317 476267 518764 543537 548928 533953 500139 451327 393377 331320 269487 211918 161595 119383  85954  60379  41674  28697  19873  14293  10713   8606   7267   6438   5724   5221   4689   4315   3856   3380   2888   2441   2090   1719 
042      2      0      0      0      1      3      7     16     46    115    267    574   1234   2534   4739   8526  14888  24853  39960  60845  89509 125646 168965 217184 268316 317024 359252 391633 410794 414034 402038 377020 340706 297279 250812 204198 160573 122709  90735  65265  45824  31690  21724  15101  10893   8215   6565   5440   4786   4269   3858   3495   3112   2742   2429   2104   1819   1534   1260 
043      2      0      0      0      1      2      4      6     16     61    170    357    749   1454   2745   4864   8434  14063  22624  34632  50751  71099  95553 122783 151506 179214 203129 221530 232409 234263 227560 213056 192314 168167 141652 115254  90796  69086  51269  36983  25959  18021  12379   8669   6155   4666   3745   3077   2686   2389   2148   1938   1720   1539   1375   1174   1022    876    729 
044      2      0      0      0      0      3     16     43    108    263    598   1248   2533   4969   9373  17049  29685  49822  79744 122106 178742 250364 336093 431923 532021 629278 714295 778973 816886 823958 801272 751026 678711 591571 498486 405167 318405 242329 178774 128403  89968  62177  42717  29669  21313  15909  12807  10723   9387   8487   7652   6905   6240   5580   4865   4162   3606   3019   2519 
045      2      0      0      0      0      5     12     30     93    221    496   1050   2192   4280   8137  14810  25755  43016  68849 105267 154094 216060 289778 373110 460206 545103 617844 674456 707361 713780 694262 650470 587345 511676 431133 350908 275991 209956 154991 111435  78345  54096  37144  25642  18352  13871  11142   9360   8125   7295   6508   5902   5336   4758   4190   3675   3119   2655   2218 
046      2      0      0      0      0      1      1      5     20     54    145    333    696   1399   2731   5068   8707  14556  23340  35824  52531  73692  99308 127775 157276 185969 210970 230305 241471 243626 237027 222284 200705 175136 147430 120147  94475  72004  53018  38000  26740  18483  12717   8764   6262   4704   3802   3160   2734   2432   2225   1976   1769   1592   1433   1251   1055    856    731 
047      2      0      0      0      0      3      5     15     30     78    175    357    744   1512   2827   5228   9148  15114  24091  36687  54016  75653 101631 130740 161176 191157 216969 236555 247862 250069 242653 227517 205586 179243 150439 122324  96463  73400  54151  39034  27279  18899  12989   9049   6537   4943   3918   3249   2837   2532   2319   2099   1874   1670   1485   1281   1112    955    790 
048      2      0      0      0      0      1      3      6     17     42     78    182    356    672   1334   2459   4209   6951  11071  16914  24820  34694  46605  59810  73557  86682  98689 107511 112877 113871 110849 103868  93947  81921  68902  56145  44085  33590  24933  17955  12702   8760   5999   4253   3049   2247   1833   1516   1326   1184   1066   1000    869    759    681    582    486    418    329 
049      2      0      0      0      0      2      7     23     51    120    264    603   1244   2500   4673   8453  14777  24847  39885  60868  88716 124466 166852 214856 265312 313772 355992 388514 407756 411739 399952 375113 338591 295603 249026 202486 159563 121821  89990  64632  45313  31281  21566  15069  10677   7957   6367   5358   4778   4313   3882   3503   3140   2784   2435   2094   1766   1461   1206 
050      2      0      0      0      0      3      7     19     51    116    253    535   1126   2207   4272   7728  13380  22568  36153  55398  81516 114279 153725 197827 243524 287934 326763 355458 372607 376185 365964 342390 309959 270313 228020 185407 146120 111435  82416  59079  41423  28554  19745  13648   9803   7434   5928   5024   4383   3958   3522   3166   2865   2505   2187   1895   1612   1365   1116 
051      2      0      0      0      2      4     12     36     90    220    525   1065   2190   4403   8413  15510  27095  45139  72242 110448 161580 227011 304519 391044 482368 570014 647277 705429 739534 746300 725084 679455 614704 536059 451245 367517 288819 220006 162591 116707  81734  56329  38942  27084  19517  14731  11737   9895   8770   7737   6972   6368   5697   5050   4478   3881   3296   2756   2284 
052      2      0      0      0      0      3     13     38     83    197    411    907   1852   3727   7143  13046  23060  38543  61842  94638 139087 195300 261886 337199 416248 491902 557651 607918 637138 642687 624666 585426 528335 460699 388656 316391 248961 189474 139755 100339  70212  48394  33255  23168  16645  12481   9998   8400   7313   6561   5889   5297   4716   4213   3692   3203   2740   2289   1902 
053      2      0      0      0      0      1      9     23     60    147    335    734   1641   3289   6230  11312  19904  33357  53417  81562 119884 168178 225660 289669 356981 421807 478379 521167 546018 551143 535329 501609 453137 395524 333908 271527 213757 163148 120507  86567  60673  41909  28913  19872  14277  10853   8635   7355   6492   5771   5217   4703   4216   3698   3226   2777   2340   1948   1639 
054      2      0      0      0      0      1      6     20     46    122    294    668   1304   2590   4996   9170  15873  26637  42861  65589  96573 135461 182187 234307 289382 341973 388377 423609 444328 448211 435907 408534 369146 321427 270552 220062 173124 131892  97186  69995  49116  34036  23304  16232  11690   8778   6916   5781   5081   4548   4156   3760   3400   2977   2603   2193   1862   1540   1278 
055      2      0      0      0      1      4     13     27     69    156    337    755   1628   3286   6112  11175  19619  32633  52011  79701 116822 164010 220594 283794 349854 413394 469381 512160 536770 542194 526619 493526 446231 389145 328153 266703 210446 160028 118291  84959  59642  41059  28125  19492  13988  10603   8405   7024   6172   5569   5041   4491   4017   3600   3146   2730   2335   1953   1615 
056      2      0      0      0      1      2      6     16     36     93    214    481    971   1881   3543   6483  11334  19069  30354  46417  67976  95110 127557 164428 202773 240036 272801 297693 312129 314675 305811 286445 258675 225086 189421 154248 121540  92629  68462  49231  34720  23978  16670  11659   8375   6284   5033   4164   3621   3274   2963   2695   2413   2115   1854   1622   1394   1193   1001 
057      2      0      0      0      0      0      8     26     57    148    332    684   1399   2748   5211   9525  16884  28212  45202  69389 101633 142778 191473 246671 303888 358917 407122 443895 465207 469850 456628 427637 386185 336446 283803 231195 181768 138499 102535  73790  51863  36039  24720  17107  12295   9217   7359   6216   5473   4863   4361   3913   3522   3121   2714   2404   2057   1760   1449 
058      2      0      0      1      1      3     13     34     74    166    362    788   1644   3308   6368  11583  20136  33784  53926  82400 120842 169626 227154 292126 360700 425810 482859 526206 551183 555759 539772 505701 457104 398394 335570 273197 215235 163999 121659  87498  61484  42472  29292  20471  14661  10963   8717   7260   6395   5771   5255   4770   4259   3820   3322   2864   2412   2005   1668 
059      2      0      0      1      3      5     13     31     99    232    495   1023   2187   4317   8234  15095  26251  43618  70259 107345 157011 220011 295973 380518 469071 554135 628382 684567 717523 723711 702651 657735 594250 518209 436478 355562 279135 212521 157327 112882  79270  54828  37646  26082  18798  14312  11401   9702   8526   7560   6847   6122   5420   4799   4231   3657   3051   2578   2107 
060      2      0      0      0      0      1      6     17     41    108    230    498   1049   2075   3975   7174  12538  21214  33929  52142  76145 106618 143081 184076 227010 268197 304414 331642 347258 350364 340582 318801 287310 250700 211220 171871 135572 103433  76273  54869  38542  26668  18284  12714   9140   6897   5520   4589   4022   3601   3261   2946   2673   2367   2087   1803   1521   1254   1039 
061      2      0      0      0      0      2      6     18     49    117    244    543   1161   2296   4405   8077  14287  23828  38253  58318  85828 120653 161936 207869 255848 302590 343628 374109 392337 395495 384781 360477 325425 283797 238802 194289 152685 116349  86137  61995  43629  30223  20890  14392  10384   7768   6203   5199   4593   4098   3679   3332   3004   2640   2281   1991   1662   1378   1148 
062      2      0      0      0      1      3     10     18     59    165    359    735   1512   3073   5971  10748  18804  31425  50242  77081 113085 158476 212715 273904 337346 399518 453401 494435 518924 524435 510265 477328 431092 376199 316640 257630 202851 154754 113924  81671  57453  39707  27233  19037  13694  10336   8270   6968   6142   5478   4981   4495   4050   3570   3116   2690   2323   1940   1571 
063      2      0      0      0      0      0     10     26     63    133    321    674   1434   2935   5667  10392  18052  30200  48237  74005 108218 151760 203792 262036 322765 382185 434139 473199 496753 501184 486603 455584 411985 359027 302327 246342 193935 147417 109171  78208  55035  37886  26133  18226  13055   9849   7920   6662   5857   5242   4739   4265   3836   3401   2986   2558   2203   1825   1512 
064      2      0      0      0      1      5     16     32     82    181    434    967   1966   3914   7601  13794  24220  40539  64678  99554 146312 205448 275700 354837 437263 516580 586209 639160 669742 675907 656471 614879 555368 484280 407679 331646 260812 198802 146833 105535  74047  51220  35482  24655  17670  13189  10546   8786   7651   6857   6273   5640   5059   4537   3975   3460   2966   2496   2021 
065      2      0      0      0      0      1      7     22     43     96    234    493   1017   1994   3747   7054  12307  20654  33278  50869  74795 105088 141696 182230 224607 265954 302560 329908 345878 349729 339911 318208 287209 250399 210842 171290 134927 102994  76347  54621  38515  26761  18321  12691   8985   6809   5470   4598   3994   3573   3235   2920   2595   2276   1964   1709   1477   1235   1029 
066      2      0      0      0      0      0      4     11     30     62    136    286    597   1188   2293   4206   7364  12311  19673  29976  44009  61468  82745 106354 131101 154773 175717 191646 200796 202837 197196 185013 167095 145594 122328  99670  78027  59339  43607  31335  21935  15332  10533   7254   5175   3937   3148   2673   2363   2062   1889   1714   1571   1393   1210   1049    895    751    653 
067      2      0      0      1      1      2     16     41    107    253    585   1291   2640   5276  10037  18454  32285  53841  86064 131795 193334 271052 364071 467992 575908 681377 772673 842463 882618 891379 866548 812220 733668 639967 539139 438574 345076 263136 194306 139472  97582  67653  46346  32391  23105  17311  13764  11648  10220   9165   8314   7495   6743   5965   5244   4581   3905   3241   2707 
068      2      0      0      0      2      4     18     51    128    321    707   1631   3423   6773  12903  23607  41273  69140 110632 169477 248241 348409 467311 600350 739772 874982 993242 1083055 1135714 1145863 1113918 1044036 943856 823348 692591 563296 443272 338299 249568 179557 125988  87123  60077  41882  30006  22494  17858  15010  13178  11705  10563   9527   8494   7500   6525   5654   4854   4052   3350 
069      2      0      0      0      2      4      5     19     53    115    263    555   1146   2357   4538   8299  14331  23853  38485  58925  86930 122080 163638 210223 258952 306147 347752 379248 397531 400399 389052 364161 328743 286534 241369 195929 153959 117284  86698  62338  43920  30475  20983  14543  10496   7878   6274   5306   4651   4111   3691   3354   2993   2600   2268   1971   1679   1405   1200 
070      2      0      0      0      0      4     11     33     92    195    447    928   1935   3756   7047  12840  22091  36847  59119  90478 132668 186736 251201 323321 398544 471350 535269 583478 611368 616651 599256 561522 507094 442253 372688 303375 238620 181875 134541  96592  67920  46751  32343  22335  16017  12016   9538   7954   6892   6169   5583   5106   4592   4146   3649   3179   2738   2309   1926 
071      2      0      0      0      0      1      5     17     43    117    264    576   1216   2436   4539   8475  14788  24605  39181  59871  87693 123338 165483 212473 261894 309210 351111 383294 401556 405308 393375 368809 332616 290158 244291 198977 156622 119538  88310  63480  44686  30908  21155  14742  10472   7957   6342   5321   4676   4149   3733   3370   3021   2732   2386   2092   1795   1499   1244 
072      2      0      0      0      0      1      6     23     45    128    281    603   1254   2529   4896   8770  15286  25541  41003  62761  92273 129728 173905 223752 276004 326364 369934 402703 421598 425239 413056 386721 349498 304376 256031 208384 163911 125345  92454  66490  46748  32483  22318  15441  11053   8374   6677   5629   4905   4298   3873   3474   3117   2780   2415   2110   1821   1538   1263 
073      2      0      0      0      0      1      5     17     37     95    227    473    920   1867   3504   6308  10842  18365  29154  44565  65331  92088 123979 159584 196906 232865 264215 288251 302246 304749 296019 277266 250769 218791 184146 150010 118031  89958  66079  47558  33318  23027  15809  10942   7792   5905   4670   3908   3438   3033   2743   2471   2227   1958   1739   1535   1333   1127    923 
074      2      0      0      0      0      1      2      6     39    112    269    576   1251   2472   4742   8503  15018  25038  39989  61089  89269 125497 168816 217575 267862 316861 359705 392174 411144 414345 402946 376923 340045 296659 250301 203746 159808 121806  90095  64480  45496  31589  21691  14991  10794   8155   6626   5593   4890   4345   3911   3511   3165   2834   2449   2131   1856   1578   1304 
075      2      0      0      0      0      4      9     21     62    142    304    657   1386   2743   5233   9623  16676  28052  44947  68819 100567 141209 189603 243796 300779 355518 403715 439931 461183 465418 452302 423187 381547 332708 280248 227908 179235 136807 100972  72754  51132  35354  24368  16819  12068   9111   7178   6085   5331   4745   4241   3866   3488   3094   2696   2344   1984   1678   1404 
076      2      0      0      0      0      0      5     14     26     67    164    366    787   1560   3055   5559   9759  16461  26525  40472  59280  82752 111133 143302 176767 208955 237108 258662 271716 274100 266590 249606 225745 196877 165772 134892 106040  80950  59869  42968  30318  20849  14326  10006   7163   5394   4336   3711   3259   2862   2591   2297   2029   1796   1549   1354   1154    941    786 
077      2      0      0      0      0      2      8     19     48     86    210    478   1032   2057   3798   7050  12294  20642  32976  50398  73777 103586 139163 179065 220745 260876 296060 322743 338277 341567 332056 310967 281472 245259 206557 168085 132685 101025  74626  53638  37637  25964  17781  12244   8864   6650   5346   4424   3905   3549   3221   2903   2625   2322   2007   1722   1432   1197   1023 
078      2      0      0      0      0      0      2      5     17     47    124    277    567   1136   2172   3972   6950  11547  18516  28293  41640  58364  78362 100616 123715 146329 166250 181413 190227 191903 186489 174721 157715 137481 115644  94138  74037  56415  41671  29865  20818  14438   9965   6927   4924   3679   2929   2425   2135   1917   1760   1575   1429   1299   1176   1005    844    690    572 
079      2      0      0      0      1      4     13     31     72    137    310    641   1333   2659   5111   9452  16432  27575  44223  67697  99639 139781 187966 241766 298140 352560 400157 436096 457891 461953 449744 421732 380944 331961 280126 228007 179236 136193 100461  72292  50755  34948  24086  16755  11938   9045   7150   6052   5250   4673   4158   3802   3432   3053   2707   2354   2060   1751   1440 
080      2      0      0      1      1      1      2      5     15     41     85    213    467    929   1822   3239   5655   9471  15117  23021  33716  47346  63485  81640 100505 118814 135020 147250 154656 156412 151950 142638 128279 112001  94494  76824  60429  46133  34155  24648  17215  11877   8208   5633   4083   3120   2467   2042   1782   1589   1424   1268   1125    999    847    719    618    532    443 
081      2      0      0      0      0      4      5     17     39    100    223    474   1022   2007   3790   6963  12122  20234  32368  49687  72918 102225 137113 176021 216929 256756 291065 317456 332915 336192 326419 305826 276698 241605 203313 165466 130290  99511  73429  52729  36988  25712  17589  12188   8584   6532   5142   4233   3722   3352   3049   2751   2444   2197   1918   1654   1402   1174    966 
082      2      0      0      0      0      0      1      8     24     54    136    295    611   1186   2335   4157   7323  12312  20007  30763  45024  63629  85329 109645 135468 159855 181556 197976 207704 209367 203729 190866 172383 150519 126973 103189  81325  61718  45682  32974  23212  16105  10993   7622   5427   4074   3216   2683   2331   2105   1896   1714   1556   1412   1220   1061    888    728    604 
083      2      0      0      0      1      2      5     18     64    137    347    738   1505   2938   5643  10486  18226  30554  49066  75047 110289 154794 207810 267367 329606 389720 442278 482564 505512 510160 496318 464671 419179 365272 307223 249798 196722 149850 110796  79898  56338  39002  26844  18760  13380  10108   7967   6613   5836   5196   4661   4245   3830   3377   2959   2577   2161   1772   1465 
084      2      0      0      0      0      1     11     29     77    219    447    938   1875   3754   7259  13259  23056  38676  61613  93942 137874 193505 260349 335265 413037 488810 554686 604957 634031 639618 621044 581745 525768 458105 385576 313618 246607 187777 138523  99468  69507  48038  33020  22762  16272  12213   9672   8198   7134   6348   5723   5211   4736   4189   3652   3152   2718   2338   1937 
085      2      0      0      0      1      1      5     14     37     75    168    348    733   1485   2804   5147   8943  14968  23933  36701  53920  75654 101586 130753 161257 190901 216596 236790 248381 250868 243617 228441 206263 179935 151575 123198  96715  73456  54221  38829  27204  18720  12966   9033   6471   4852   3858   3273   2844   2539   2273   2050   1842   1658   1441   1259   1072    917    740 
086      2      0      0      0      1      4      6     11     40    110    276    584   1198   2302   4316   7922  13854  23452  37820  57695  84335 118428 159124 204572 251920 298053 339195 369802 387529 391027 380330 356296 321812 280621 236189 192308 151417 115535  85138  61074  42967  29432  20243  14080  10152   7679   6133   5113   4454   3970   3584   3225   2859   2605   2308   2020   1764   1505   1230 
087      2      0      0      0      1      2      9     31     59    143    347    792   1669   3392   6427  11747  20448  34281  54931  84382 123659 173553 233463 299941 370207 438185 497227 542132 568787 573965 557575 522807 472423 411389 346110 282052 222029 168951 124716  89454  62585  43379  29771  20806  15007  11361   9103   7706   6690   5989   5437   4895   4375   3884   3372   2891   2510   2121   1772 
088      2      0      0      0      1      2      3     11     42     89    201    443    914   1791   3403   6193  10945  18037  28723  43799  64221  90398 121626 156168 193109 228316 259254 282743 296198 298802 290324 271685 245088 213824 180239 146865 115622  87753  64872  46539  32609  22548  15520  10889   7776   5886   4720   4017   3464   3038   2712   2442   2143   1901   1675   1432   1227   1030    877 
089      2      0      0      0      0      0      5     18     43     80    201    467    939   1878   3619   6720  11625  19488  31490  48057  70134  98599 132415 170371 209914 248163 282293 307935 323005 326015 316645 296599 268114 233722 196805 160425 126164  95781  70886  50790  35580  24640  16916  11760   8416   6327   5067   4327   3756   3376   3058   2796   2517   2225   1961   1650   1406   1185    992 
090      2      0      0      0      1      3     13     37     92    207    480   1059   2232   4469   8415  15288  26673  44881  71973 110500 161697 226981 303996 389896 480268 567836 644324 703238 737116 743779 723258 678353 612589 534010 449651 366465 288349 219707 162346 116718  81915  56480  38817  26867  19137  14509  11573   9718   8589   7659   6974   6270   5663   5059   4494   3820   3274   2752   2284 
091      2      0      1      1      1      1      4      5     27     71    184    439    891   1771   3399   6304  11036  18521  29661  45330  66640  93185 125303 161407 199056 235429 267359 291737 305660 307974 299803 280438 253248 221135 185940 151353 119130  90640  66908  48032  33661  23321  15946  11228   8025   6060   4869   4121   3638   3251   2912   2613   2353   2053   1828   1616   1354   1142    964 
092      2      0      0      0      1      3      9     27     69    175    417    887   1854   3762   7220  13061  22786  38009  60759  92943 135837 190471 255867 329505 405982 478850 543394 592423 620452 625943 608049 569882 515240 449366 378151 308395 242739 184955 136834  98277  68860  47852  32848  22771  16278  12253   9690   8138   7099   6379   5780   5256   4788   4213   3736   3238   2764   2334   1912 
093      2      0      0      0      0      1      6     19     49    129    297    654   1313   2569   4955   9066  15780  26256  42094  64408  94196 132681 177626 228352 281462 332379 377177 410952 431547 434714 423158 396903 358745 312651 263341 214405 168718 128540  94924  68157  47808  32875  22546  15717  11192   8481   6771   5685   4972   4400   4067   3670   3263   2844   2546   2199   1880   1556   1298 
094      2      0      0      0      0      0      2     16     42    114    275    564   1199   2373   4414   8094  14138  23837  38276  58420  85537 119819 160741 206928 255161 301910 342594 373553 392147 395692 384048 359921 325373 283892 239003 194563 153217 116792  86323  62007  43353  29753  20345  14034  10114   7628   6112   5108   4482   4049   3642   3272   2948   2640   2303   1979   1690   1445   1221 
095      2      0      0      0      2      5     12     44    108    278    627   1281   2653   5364  10435  19063  33556  56377  90779 138649 203643 285448 382840 492063 606695 718050 814654 888452 931038 939223 912210 854609 771433 672338 565699 460137 362113 276008 204076 146527 102959  71262  49145  34206  24514  18561  14730  12232  10672   9554   8585   7712   6933   6093   5361   4700   4049   3447   2880 
096      2      0      0      0      1      1      3     12     38     94    194    433    884   1730   3316   5972  10415  17667  28274  43123  62961  88433 118793 152777 188575 223053 252779 275214 288614 291059 282430 264630 239111 208652 175756 143351 112809  85952  63594  45738  32126  22200  15216  10544   7459   5580   4395   3653   3179   2922   2657   2403   2169   1961   1719   1503   1254   1061    883 
097      2      0      0      1      4      5      8     32     77    167    356    787   1645   3254   6208  11427  19745  32942  52956  81001 118648 166416 223929 287077 353361 417568 473399 515792 541158 545956 530266 496696 449548 392008 330064 268931 211517 161267 119394  85733  60385  41776  28731  19860  14151  10704   8526   7162   6280   5576   5102   4671   4183   3721   3256   2824   2422   1985   1674 
098      2      0      0      0      0      2      7     15     37     90    182    394    793   1513   2839   5198   9039  15172  24004  36801  54193  76050 102244 131532 162336 192297 218692 238769 250551 252871 245536 229966 207649 181004 152165 123923  97414  74037  54920  39478  27751  19133  13111   9145   6599   4961   3908   3235   2855   2521   2276   2059   1850   1645   1443   1270   1086    892    738 
099      2      0      0      0      0      4      8     19     48    117    253    508   1030   2034   3868   6978  12193  20491  32517  49749  73031 102416 137202 176535 217696 257383 292342 318903 334422 337519 328628 307546 277686 242139 204030 165829 130365  99071  73553  52877  37050  25690  17764  12434   9052   6916   5518   4595   3964   3526   3151   2810   2502   2218   1957   1695   1455   1233   1021 
100      2      0      0      0      1      4     21     42    105    267    606   1285   2693   5402  10301  18770  32899  55051  87996 134865 197626 276980 372089 478460 589401 695950 789505 860264 901853 910116 884844 829108 749430 653788 550818 448179 352307 268467 198904 142886 100196  69193  47567  33114  23711  17858  14173  11846  10450   9313   8413   7590   6764   6056   5351   4588   3911   3272   2695 
101      2      0      0      0      1      3     12     30     87    195    433    984   2103   4190   8014  14675  25683  42887  68731 105576 154792 216726 290514 373462 460484 543859 616400 672159 704431 710632 690482 647248 584648 509665 429808 349940 275425 209703 155029 111363  78294  54160  37072  25835  18709  14137  11371   9483   8248   7382   6694   6008   5406   4791   4175   3516   3010   2537   2115 
102      2      0      0      0      0      0      4     10     31     95    204    445    961   1866   3612   6640  11786  19558  31261  47918  70121  98740 132305 170340 210173 248855 282487 308768 323905 326459 317404 298053 269230 234489 197551 160586 126545  96507  71327  51317  35971  24698  16994  11795   8493   6321   5026   4124   3604   3267   2951   2675   2411   2131   1844   1603   1380   1198    981 
103      2      0      0      0      1      2     11     31     81    173    390    840   1764   3526   6713  12160  21294  35647  57075  87458 128151 180015 241332 311044 383252 452797 514267 561274 588732 593736 576654 540276 487825 425490 358014 291459 229108 174444 128908  92286  64728  44665  30494  21171  15230  11407   9207   7683   6713   5929   5308   4819   4368   3899   3414   2967   2550   2133   1772 
104      2      0      0      0      1      5     12     51    119    249    595   1315   2722   5353  10233  18711  32508  54639  87548 134180 196167 275060 368475 473891 583675 689892 782525 852747 894815 901503 875780 820781 741733 647001 544986 443967 349491 266592 196994 141465  98928  68374  47053  32823  23610  17735  14012  11781  10222   9020   8208   7433   6645   5905   5212   4551   3898   3284   2725 
105      2      0      0      0      0      2     11     34     89    214    521   1175   2405   4847   9365  17202  30065  50249  80399 122760 179766 252355 339325 436508 538158 636564 722337 788073 827063 834514 811292 759615 686388 598473 503984 410303 322407 245569 181592 130270  91467  63106  43586  30363  21794  16432  13045  10974   9517   8516   7720   6867   6158   5465   4807   4173   3570   3002   2475 
106      2      0      0      0      0      1      6     17     35    100    230    490   1001   2053   3843   7017  12363  20615  32837  50332  73386 102781 138447 178030 219458 259675 294410 321161 336377 339403 330205 309137 279449 243444 205061 167006 131144  99916  73732  53076  37184  25866  17753  12549   9100   6854   5412   4509   3893   3416   3089   2762   2493   2247   1989   1712   1465   1237   1059 
107      2      0      0      0      1      4      7     15     38     85    188    417    893   1750   3355   6170  10658  17913  28752  44113  64867  90921 122033 156608 193059 227923 258797 281615 295424 298049 289371 270974 245136 213868 180141 147001 115625  87941  65048  46802  32853  22762  15584  10793   7801   5862   4652   3883   3331   2944   2680   2418   2176   1943   1698   1500   1305   1140    948 
108      2      0      0      0      1      2      5     20     53    141    311    667   1386   2794   5406   9753  17012  28480  45330  69791 101884 142503 191367 246455 303888 358833 407407 444574 466034 470567 457582 428882 387417 337703 284247 231655 182385 139082 102517  73574  51603  35638  24446  16963  12286   9291   7315   6130   5280   4737   4305   3869   3474   3060   2691   2299   1968   1658   1395 
109      2      0      0      0      1      1      4     16     34    100    223    484    954   1955   3756   6902  12235  20392  32866  50376  73815 103580 138935 178378 219917 259765 294864 321513 336766 339659 330159 309203 279423 243582 205115 166977 131371  99967  73734  53092  37203  25649  17576  12294   8804   6660   5393   4529   3889   3484   3144   2810   2493   2218   1969   1731   1456   1215   1001 
110      2      0      0      0      0      3      4     12     58    135    321    708   1437   2813   5386   9922  17345  28868  46305  70972 103861 146043 196456 253194 311917 368715 418281 455605 477321 481350 467436 437599 395441 345195 290886 236736 186479 142564 105573  76016  53409  36867  25472  17798  12844   9740   7750   6472   5671   5088   4576   4119   3709   3319   2938   2551   2200   1876   1588 
111      2      0      0      0      0      5     12     26     70    165    357    775   1714   3384   6477  11667  20432  34179  54859  84054 123093 172710 231740 297102 365853 432204 490185 535530 561294 566616 551071 516358 466267 406532 342349 278655 219419 167290 123561  89024  62324  43256  29800  20742  14727  11170   8994   7553   6671   5854   5288   4763   4292   3774   3284   2837   2480   2087   1737 
112      2      0      0      0      0      4      6     10     34     84    189    387    795   1662   3155   5724   9878  16632  26705  40997  59955  84107 113104 145319 179198 211672 240642 262600 275427 277901 270306 253468 228898 199701 168062 136735 107391  81674  60232  43169  30349  20969  14377   9904   7153   5272   4307   3670   3209   2900   2655   2394   2162   1920   1690   1425   1213   1001    837 
113      2      0      0      0      0      2      5     21     64    137    319    701   1461   2930   5598  10255  17974  29859  48089  73533 107633 151112 203316 261479 322213 381179 432416 470959 493514 497965 484600 454395 411171 358694 302002 245936 193955 147729 109260  78456  55143  37983  26113  18144  12940   9637   7681   6425   5642   5090   4590   4133   3677   3299   2915   2535   2179   1836   1545 
114      2      0      0      0      0      1      5     17     42     88    199    422    923   1880   3589   6460  11290  18912  30052  46016  67512  94439 126664 162999 200667 237563 269906 294944 308915 311897 303368 283843 256518 223571 188079 152760 120121  91632  68002  48853  34319  23761  16356  11342   8080   6179   4813   3972   3492   3109   2794   2530   2243   2026   1806   1563   1313   1135    957 
115      2      0      0      1      1      3      9     25     51    127    268    556   1184   2391   4662   8551  15012  25027  40011  61322  90020 125876 168575 217108 267895 316815 359323 391703 410186 414516 402894 377171 340730 296527 249767 203392 160292 122369  90340  65102  45768  31747  21713  15102  10795   8060   6503   5455   4804   4292   3863   3455   3084   2711   2427   2104   1847   1545   1291 
116      2      0      0      0      0      3     10     22     60    140    308    736   1526   3008   5758  10544  18167  30286  48520  74524 109181 153162 205708 264363 325463 385186 436848 476554 500025 504605 490044 459683 415267 361704 304522 247898 195007 148416 109663  78715  55395  38399  26396  18300  13098   9854   7857   6588   5817   5155   4659   4171   3716   3318   2882   2473   2152   1830   1562 
117      2      0      0      0      0      0      8     21     61    141    316    672   1363   2759   5149   9450  16548  27614  44255  67884  99240 139514 187009 240607 296662 350947 398104 434043 454974 459431 446176 418326 377762 329275 277660 226351 178173 135886 100487  72203  50720  35067  24167  16669  11909   8816   7019   5964   5266   4679   4234   3859   3451   3050   2673   2304   1931   1606   1325 
118      2      0      0      0      0      0      5     10     29     84    188    431    873   1703   3249   5912  10280  17202  27419  41850  61750  86777 116539 150116 185493 219053 248846 270894 284009 285894 278105 260456 235113 204973 172741 140885 110975  84586  62447  44769  31566  21859  15079  10489   7531   5667   4510   3800   3307   2957   2684   2410   2175   1928   1697   1453   1245   1043    867 
119      2      0      0      0      0      2      5     28     83    182    424    927   1932   3849   7320  13437  23365  39176  62522  96048 140301 196513 263824 338878 417505 494623 562238 612362 641946 647430 629420 589568 532206 463354 390054 317072 249647 190155 140462 101090  71098  49080  33775  23522  16895  12813  10197   8468   7305   6527   5841   5264   4679   4149   3643   3153   2669   2282   1909 
120      2      0      0      0      1      4      7     24     62    157    323    750   1511   2995   5657  10357  18180  30389  48652  74759 109563 153727 206342 266194 328622 388549 441209 481348 504482 509405 495102 464056 418899 365253 307610 250081 196502 149639 110276  79165  55405  38407  26541  18484  13346  10068   8022   6841   5949   5312   4795   4316   3801   3353   2922   2519   2134   1776   1465 
121      2      0      0      0      1      2     12     25     72    145    346    731   1538   3122   6002  10920  19127  31991  50968  78216 114803 161128 217063 279145 344117 407610 462584 503763 528137 532760 517464 484511 437473 381138 321225 261693 205994 156930 115811  83069  58372  40236  27671  19193  13904  10512   8407   6979   6049   5364   4840   4379   3950   3496   3061   2680   2288   1931   1641 
122      2      0      0      0      3      6     12     28     74    170    435    975   2061   4059   7763  14165  24796  41513  66707 102070 149499 209967 282630 363925 448730 530988 602577 657352 689071 695336 675248 631406 570518 496869 418110 340477 267374 204123 151271 108533  76379  52837  36141  25175  18167  13632  10816   9028   7963   7181   6505   5919   5328   4748   4135   3596   3026   2550   2047 
123      2      0      0      0      1      3     11     29     83    153    350    809   1671   3326   6456  11758  20620  34338  54823  83648 123075 172550 231670 297840 367262 434304 492904 537384 562884 567745 552498 517751 467751 407543 343130 279102 219756 167140 123606  89027  62485  43257  29655  20654  14792  10988   8791   7434   6477   5794   5254   4808   4422   3887   3422   2956   2478   2124   1753 
124      2      0      0      0      5      8     16     44     95    197    423    893   1811   3564   6790  12398  21573  36383  57984  88651 129866 181864 243983 314177 387813 457993 520190 567690 595234 600730 583689 547087 494147 431276 363272 295914 232872 177561 131279  94268  66066  45618  31382  21743  15615  11836   9497   7922   6901   6226   5640   5080   4531   3993   3506   3006   2611   2216   1797 
125      2      0      0      0      2      4      8     20     70    161    375    785   1621   3148   5944  10895  18938  31893  51084  78067 114146 159733 214370 275233 339030 401073 455658 496561 520452 525834 511155 478831 433065 377659 317672 258371 203344 155115 114360  82295  57696  40205  27693  19380  13828  10389   8226   6889   6067   5363   4817   4333   3914   3474   3055   2605   2236   1869   1536 
126      2      0      0      0      0      3      9     25     82    212    498   1108   2281   4528   8527  15627  27405  45629  73194 112156 164066 229945 308622 397004 489652 579661 657579 717370 750887 757769 735402 688605 621972 542611 456327 371002 291975 222949 164485 118476  83236  57708  39684  27526  19782  14889  11820   9858   8588   7598   6882   6204   5516   4940   4295   3668   3111   2650   2191 
127      2      0      0      0      0      1      7     28     59    167    372    840   1709   3426   6516  11881  20769  34486  55307  84757 124078 174159 234220 301687 372132 440403 499811 545109 571231 576581 560330 524589 473310 412845 348034 283925 222797 169936 125623  90456  63520  43980  30388  21037  15175  11334   9075   7597   6614   5887   5309   4784   4263   3854   3441   2966   2533   2109   1742 
128      2      0      0      0      0      1      3      6     20     50    119    254    534   1085   2119   3887   6712  11346  18209  28173  41338  58013  77792  99944 123163 145980 165743 180556 189330 191068 185794 173832 156809 136734 114994  93251  73259  55820  41221  29538  21061  14667  10038   6967   5000   3798   2991   2513   2182   1913   1711   1553   1362   1183   1042    906    790    683    555 
129      2      0      0      1      1      5     16     33     81    188    431    905   1802   3571   6669  12178  21349  35666  57038  87160 127339 178888 240277 308956 380542 450389 511160 557326 584446 589362 572720 536543 484920 422552 355797 289815 227708 173845 128538  92350  64723  44763  30926  21526  15451  11575   9141   7695   6758   6077   5526   4951   4413   3968   3473   2987   2534   2145   1781 
130      2      0      0      0      3      6     10     23     53    124    301    651   1271   2593   4939   9017  15824  26608  42320  64798  94691 132848 178642 230546 284379 335862 381201 416046 435882 439941 427454 400365 362162 315853 266343 216723 170503 129965  96217  69214  48795  33632  23279  16267  11538   8745   7040   5878   5116   4498   4050   3710   3319   2911   2571   2274   1911   1640   1349 
131      2      0      0      0      2      5     15     47    127    262    567   1201   2417   4769   8975  16374  28615  47888  76691 117765 172554 242259 325281 418426 515963 609330 691140 753531 789752 796938 774830 725798 656613 573074 482346 392206 308698 235134 173619 124753  87688  60550  41893  29173  20745  15615  12349  10346   9074   8073   7423   6722   6005   5401   4812   4167   3590   3026   2454 
132      2      0      0      0      2      2      4     18     40    111    233    507   1057   2034   3949   7245  12686  21406  34239  52385  76657 107287 143627 184536 227154 268644 304888 332784 349063 352218 341874 320499 289670 252686 212979 173623 136682 104154  77016  55210  38664  26652  18343  12663   9152   6862   5436   4621   4028   3594   3230   2972   2661   2369   2119   1834   1561   1304   1083 
133      2      0      0      0      0      0      3     10     33     93    197    443    950   1801   3408   6239  10807  18091  28989  44608  65309  91378 122886 157875 194423 229930 260565 284379 298628 301540 292704 274409 247742 216400 181934 148228 116580  88906  65947  47490  33188  22977  15782  10908   7705   5814   4676   3905   3433   3135   2856   2617   2323   2049   1844   1594   1352   1115    909 
134      2      0      0      0      1      3     13     36     98    218    455    946   1894   3765   7301  13533  23514  39424  63225  96908 141934 199265 267146 343431 422627 498932 565908 617087 646354 652282 633779 593654 536072 467768 393881 320047 252096 191828 141957 101943  71768  49729  34179  23752  16849  12662  10126   8512   7458   6654   6074   5434   4891   4387   3797   3310   2831   2399   1974 
135      2      0      0      1      2      6     16     40    105    215    493   1071   2220   4478   8642  15768  27499  46161  73987 112990 166038 233267 313150 402551 496331 586329 664505 724734 759427 765949 743321 696204 628666 548264 462027 376010 296083 226009 167505 120805  84681  58557  40460  28025  20134  15157  12107  10235   8908   7868   7066   6391   5640   5019   4408   3812   3245   2737   2288 
136      2      0      0      0      1      3      7     31     66    196    434    978   2001   3954   7576  13856  24198  40606  64983 100024 146384 205413 276154 355339 437654 518110 587956 640665 671452 677596 658501 616652 557534 486132 409581 333243 262342 199599 147873 106278  74783  51673  35414  24589  17688  13442  10520   8827   7723   6966   6290   5695   5137   4559   3978   3517   2997   2486   2035 
137      2      0      0      0      0      0      7     15     36     74    174    384    752   1520   2916   5287   9289  15695  25043  38320  56007  78582 105433 135554 166898 197700 224289 243896 255736 258100 250602 234741 212204 185056 155648 126460  99523  76045  56168  40351  28566  19784  13822   9582   6913   5166   4085   3420   2978   2710   2430   2200   1970   1815   1621   1357   1134    963    801 
138      2      0      0      0      1      2      5     14     37     84    204    427    951   1826   3479   6285  11027  18467  29577  45310  66386  93219 125192 160932 198174 233798 265611 289238 303330 306196 297752 279209 252073 219808 185391 150755 118638  90204  66494  47504  33316  23111  15928  11051   8017   6044   4790   4050   3543   3211   2881   2638   2344   2062   1842   1590   1342   1136    941 
139      2      0      0      0      2      4      8     19     39     95    254    567   1170   2289   4288   7752  13524  22586  36039  55297  81010 113189 152369 195921 241467 285651 324302 353723 370850 374909 364657 341554 309291 269646 227110 184539 145308 110357  81351  58527  41125  28487  19566  13466   9578   7204   5762   4823   4220   3817   3428   3127   2781   2493   2185   1918   1670   1395   1200 
140      2      0      0      0      0      3      8     18     49    126    300    620   1270   2489   4871   8942  15443  25725  41293  63370  92800 130213 174673 224733 276960 327375 371594 405280 425119 428822 417197 391246 353569 308276 259916 211300 166140 126869  93806  67365  47200  32763  22311  15409  11034   8318   6659   5577   4869   4373   3936   3562   3230   2874   2526   2170   1852   1535   1296 
141      2      0      0      0      1      2      6     24     63    166    375    766   1653   3226   6148  11289  19633  33078  53088  81487 119153 166785 223870 288551 355301 419533 476164 519743 544577 549724 534343 500849 452214 394325 332148 270854 212950 162222 119902  86034  60482  41740  28722  19993  14329  10745   8582   7209   6292   5636   5079   4617   4125   3655   3200   2820   2446   2035   1726 
142      2      0      0      0      0      1      7     24     79    180    387    846   1781   3512   6628  12038  20992  34894  56019  86102 126227 176885 237884 306881 377928 445886 506322 551846 578400 584064 567584 531171 480101 418683 352749 287054 226029 172300 127581  91917  64604  44601  30567  21165  15199  11448   9077   7550   6649   5993   5379   4781   4285   3819   3378   2910   2454   2064   1716 
143      2      0      0      0      0      1      5     15     38     99    222    509   1079   2177   4213   7916  13818  23152  37140  56760  83318 116775 156883 202280 249050 294727 334533 364448 382235 385695 374914 351185 317345 276807 233235 189859 149499 113760  83783  60137  42261  29100  20013  13873   9990   7568   6106   5121   4450   3988   3603   3258   2906   2589   2266   1955   1704   1442   1205 
144      2      0      0      0      0      1      6     14     28     64    149    325    676   1282   2540   4690   8333  13923  22280  34118  49932  70048  94069 120491 148577 175884 199862 218105 229026 231035 224889 210314 190028 165703 139179 113351  89227  67836  50101  35928  25289  17459  12039   8416   6024   4482   3560   2933   2531   2232   2023   1813   1634   1481   1352   1161   1003    888    749 
145      2      0      0      1      3      5     12     32     94    209    459   1043   2163   4308   8115  14802  26104  43661  69597 106323 155928 218367 293095 377181 464506 549644 623658 680180 713929 720030 699560 655099 591406 515789 433931 353219 278033 211587 156293 112632  79084  54559  37337  26071  18747  14154  11325   9499   8272   7455   6750   6002   5383   4815   4201   3633   3086   2611   2157 
146      2      0      0      0      2      2     10     24     86    211    493   1035   2207   4454   8456  15442  26949  45040  71710 109614 161024 225618 303323 390143 480038 566959 643451 700994 734267 741215 719959 674292 608628 531495 447338 363987 286623 219100 161597 116281  81703  56330  38699  27043  19438  14617  11747   9793   8558   7638   6891   6194   5595   4968   4379   3806   3234   2728   2261 
147      2      0      0      0      0      2      4     10     34     79    209    468    996   1946   3717   6717  11705  19578  31368  48031  70637  99152 132981 171076 210903 249404 282775 308000 323240 326064 317020 297209 268502 234121 197144 160416 126231  95949  71000  51090  35863  24742  17092  11972   8575   6393   5115   4325   3719   3318   2975   2677   2407   2162   1874   1608   1353   1125    918 
148      2      0      0      0      0      0      8     26     52    123    273    641   1312   2693   5051   9066  15651  26164  41873  64172  93686 131590 176654 227415 280464 331406 376281 410089 430059 433945 421586 394609 356043 310591 261597 213215 167613 127895  94629  68074  47854  33089  22708  15670  11232   8467   6762   5765   5009   4420   3987   3598   3219   2793   2485   2144   1828   1543   1321 
149      2      0      0      0      0      5      8     23     58    144    299    637   1339   2713   5209   9637  16659  27880  44400  67777  99229 139220 187169 240550 296314 350551 398278 434195 455276 458941 445985 417793 377755 329764 277328 225562 177694 135235  99982  71844  50545  34986  23934  16640  11869   8922   7199   6059   5304   4732   4263   3898   3577   3202   2794   2449   2097   1774   1443 
150      2      0      0      0      2      8     14     42    119    238    519   1080   2303   4695   8960  16339  28492  47662  76365 117396 172070 240973 323830 416998 514615 609280 691904 754754 792556 799897 776544 727074 657237 572615 482402 392274 308679 235605 174173 124695  87438  60236  41443  28973  20711  15613  12398  10471   9105   8163   7345   6670   5924   5319   4697   4048   3504   3021   2488 
151      2      0      0      0      1      4      8     26     64    163    345    781   1587   3110   6173  11241  19495  32405  51847  79283 116024 162735 218692 281390 346707 410137 465100 507278 531757 536531 521504 488465 441778 384882 324314 263813 207717 158481 117183  84054  59132  40839  28118  19528  14026  10534   8455   7220   6327   5690   5107   4550   4053   3602   3138   2747   2363   1979   1634 
152      2      0      0      0      1      3      5     11     28     63    156    362    709   1453   2808   5169   9083  15251  24245  37436  54912  77105 103632 133470 164124 194034 220272 240254 252032 254609 247425 231285 208926 182221 153503 124636  97919  74455  55131  39515  27663  19089  13175   9072   6523   4889   3909   3291   2927   2616   2348   2097   1892   1684   1478   1283   1070    886    727 
153      2      0      0      0      0      0      1      5     24     69    152    337    699   1457   2749   5027   8730  14548  23225  35580  52055  73064  98017 125595 154863 183346 208041 226641 237176 239468 232953 218092 197568 172067 144818 118047  93075  70945  52506  37774  26637  18394  12628   8783   6305   4740   3757   3170   2787   2527   2291   2090   1871   1640   1409   1218   1047    858    701 
154      2      0      0      0      0      3      6     19     45     98    231    504   1015   2085   4008   7368  13028  21857  35133  53722  78817 110482 147992 191045 235437 278523 315819 344350 361366 364367 354386 331904 300210 261676 220526 179879 141758 108246  80255  57819  40612  27935  19192  13263   9615   7225   5703   4713   4053   3631   3236   2937   2638   2323   2044   1793   1582   1327   1105 
155      2      0      0      0      1      3     10     29     59    134    279    563   1205   2359   4497   8224  14279  23770  38229  58404  85672 120553 162061 208792 257439 304260 345422 376030 394242 398142 386399 362170 327196 285128 240425 195370 153606 117104  86445  62029  43552  30065  20760  14539  10434   7867   6278   5322   4680   4183   3755   3369   2966   2632   2300   1992   1643   1396   1129 
156      2      0      0      0      0      1      2     12     33     71    170    387    773   1541   3007   5483   9599  15984  25775  39361  57449  80532 108018 139465 172012 203384 230577 251685 263741 265972 258198 241799 218323 190241 160326 130410 102740  78182  57786  41381  28994  20143  13832   9570   6879   5142   4118   3467   3036   2707   2474   2215   1967   1743   1559   1370   1138    961    822 
157      2      0      0      0      0      3     12     25     75    189    455    997   2039   4088   7928  14465  25633  42754  68349 104957 153593 215061 288341 371392 457528 540875 613424 669180 702472 709394 689111 646064 584340 509618 429207 349101 274640 208769 154044 110657  77568  53721  36882  25747  18721  14103  11243   9450   8258   7319   6581   5902   5282   4717   4162   3574   3050   2542   2110 
158      2      0      0      0      3      7     15     35     83    202    474   1046   2193   4338   8277  15095  26450  44122  70758 108123 158885 222807 299339 384802 474567 560733 636302 694206 727855 733979 713701 668065 603196 525806 442924 360012 283299 216025 159657 114925  80974  55762  38456  26805  19255  14333  11412   9556   8426   7498   6813   6101   5511   4908   4316   3764   3222   2718   2228 
159      2      0      0      0      1      5     14     42     93    206    506   1073   2257   4449   8396  15363  26830  44957  72445 111188 162887 228334 306942 394603 485777 574503 651968 710590 745370 752239 731404 685033 618390 538693 453583 369297 290055 220876 163075 117320  82388  56917  39167  27115  19440  14634  11715   9884   8572   7632   6960   6317   5699   5065   4426   3869   3357   2849   2373 
160      2      0      0      0      1      1      7     16     43     94    235    486    952   1934   3682   6638  11650  19481  31140  48008  70611  98725 132561 170675 210294 248614 282428 308065 322799 325635 316798 296924 268313 234109 197041 160065 125872  96045  70604  50675  35584  24665  16987  11928   8564   6335   5043   4247   3680   3256   2960   2674   2446   2194   1932   1693   1455   1223   1006 
161      2      0      0      0      0      1      6     15     32     66    132    287    659   1330   2580   4846   8490  14338  22847  35028  51348  71679  96309 123583 152444 179958 203922 222223 233504 235421 229132 214721 193892 169270 142671 116261  91589  69777  51579  37035  26068  17998  12453   8612   6197   4622   3710   3108   2717   2401   2173   1933   1728   1538   1351   1135    973    847    687 
162      2      0      0      0      0      4      8     17     41     97    238    547   1165   2340   4504   8336  14555  24160  39050  59658  87135 121874 163805 210717 259700 307102 348740 380280 398208 401671 390420 365893 330177 287675 242447 197877 155502 118441  87620  62767  44021  30464  20949  14576  10341   7816   6218   5169   4561   4034   3652   3212   2869   2592   2292   1991   1730   1446   1252 
163      2      0      0      0      0      2      4     18     39     88    199    446    920   1799   3448   6307  11165  18736  30008  46098  67803  95159 127680 164291 202443 238672 270597 295048 308879 311965 302834 283867 255900 222937 187180 152317 119777  91265  67179  48312  33915  23375  16079  11157   8028   6108   4839   4113   3618   3217   2902   2620   2375   2100   1811   1533   1310   1112    942 
164      2      0      0      0      0      3     11     25     63    162    384    877   1803   3560   6741  12263  21412  35804  57411  87797 128797 180468 242732 312563 385260 455598 517440 563649 591207 596631 579772 543682 491025 427971 360573 293746 231576 176713 130680  93878  66004  45561  31220  21707  15602  11648   9340   7914   6990   6260   5675   5173   4660   4084   3586   3093   2616   2205   1832 
165      2      0      0      1      1      6     16     43    115    260    595   1201   2541   4955   9432  17074  30182  50575  80622 123826 181943 255022 342553 440924 543976 642792 729964 796547 835283 842727 819177 767295 692520 602894 507746 413321 325855 248446 183699 132441  93140  64542  44568  30942  22114  16588  13112  11065   9718   8701   7816   7095   6393   5697   4995   4360   3688   3110   2564 
166      2      0      0      1      1      6     18     44    102    235    507   1106   2325   4594   8692  15802  27694  45922  73693 112569 165355 232249 312229 401864 495408 586734 666151 726706 761883 769270 747567 700748 633215 552102 464811 377787 297457 226917 167868 120670  84644  58720  40746  28366  20351  15396  12148  10135   8859   7844   7009   6356   5672   5033   4423   3794   3215   2741   2293 
167      2      0      0      0      0      0      4     12     38     81    186    407    889   1801   3462   6343  11183  18835  30230  46084  67374  94739 127013 163318 201530 238208 269909 293886 308002 310742 302409 283322 256028 223311 188286 153371 120492  91745  67946  48930  34426  23608  16221  11310   8139   6108   4897   4177   3662   3295   2984   2681   2404   2133   1897   1623   1374   1155    961 
168      2      0      0      0      0      2      8     18     46     99    227    520   1021   2034   4057   7495  13198  22223  35790  54735  79874 112222 150242 193023 237481 280667 318546 347591 364207 367335 357516 334464 301977 263773 222281 181185 142482 108597  80509  58035  40763  28334  19469  13557   9692   7348   5843   4921   4313   3797   3422   3082   2732   2412   2131   1892   1596   1335   1144 
169      2      0      0      0      2      3      8     40    132    340    744   1672   3456   6872  13184  24131  42141  70164 112281 172449 253242 356037 477755 614259 757507 895760 1017047 1108268 1162059 1172222 1138591 1066674 964070 840669 707786 575908 453313 344295 254527 182465 128295  88849  61215  42437  30343  22918  18450  15533  13541  12210  10997   9875   8886   7944   6919   6008   5100   4289   3546 
170      2      0      0      1      3      3     13     36     98    231    508   1061   2192   4448   8520  15483  27131  45109  72086 110302 161471 226807 304574 392232 483489 571613 648613 707622 741016 747085 725968 679487 613501 534885 450083 366112 288089 219317 162187 116276  81823  56573  38678  26859  19358  14588  11599   9845   8496   7634   6909   6201   5459   4836   4275   3706   3109   2655   2203 
171      2      0      0      1      1      1      3      8     18     38     80    210    445    848   1603   2973   5142   8666  13854  21048  30867  43388  58247  75039  92386 109112 123987 135320 141948 143346 139653 130645 117874 102860  86552  70217  55268  42140  31107  22304  15790  10943   7609   5300   3812   2838   2265   1879   1617   1438   1311   1165   1040    919    797    694    611    522    421 
172      2      0      0      0      1      3      6     13     29     62    147    326    662   1314   2559   4664   8191  13605  21959  33812  49487  69510  93308 120085 148408 175696 199384 217142 227594 229556 223136 208950 188751 164674 138883 112970  88766  67781  50046  35862  25393  17556  12085   8427   6076   4607   3668   3069   2633   2387   2170   1987   1722   1542   1351   1145    983    849    698 
173      2      0      0      0      1      4     13     36     82    204    509   1118   2328   4550   8710  15818  27874  46662  74943 115108 169209 237466 318675 409907 505124 597116 677301 739042 774281 781568 759860 712124 643333 561199 472707 384678 302516 230596 170520 122485  86053  59314  40720  28284  20221  15285  12129  10138   8871   7979   7263   6649   5956   5277   4568   3915   3362   2771   2268 
174      2      0      0      0      2      5     18     44    121    293    613   1299   2709   5399  10298  19070  33431  55811  89254 136546 199645 279680 375671 483541 595580 705059 800403 872931 915252 923740 898287 841236 760028 662979 558431 454670 357879 272220 201375 144973 101873  70732  48533  33729  24134  18159  14477  12092  10532   9421   8567   7742   6962   6164   5454   4757   4041   3398   2790 
175      2      0      0      0      0      2     17     38     85    208    451    949   1936   3789   7121  13135  22879  38122  60895  92888 136055 191042 256764 330340 406978 481643 546869 595747 624396 629607 611830 573047 517161 450678 379493 309168 243414 185684 137523  98868  69358  47892  32852  23004  16511  12361   9864   8277   7190   6409   5791   5258   4744   4200   3704   3134   2668   2264   1877 
176      2      0      0      0      1      7     13     34     83    206    453   1033   2145   4292   8221  14989  26229  43991  70650 108145 158477 222362 298722 384002 472695 558815 633609 689735 723577 730425 709840 665063 601915 525398 442263 359710 282672 215327 159473 114306  80212  55473  38160  26660  19185  14448  11632   9699   8398   7487   6725   6102   5482   4861   4255   3676   3128   2595   2138 
177      2      0      0      0      0      0      3     11     26     60    137    281    570   1105   2055   3764   6773  11192  18158  27842  41076  57616  77420  99506 122711 144600 164273 178715 187391 188836 183461 171588 155139 135266 114144  92767  73346  55949  41390  29745  20838  14394  10020   6907   4893   3607   2917   2480   2118   1898   1687   1560   1378   1230   1097    968    837    694    558 
178      2      0      0      0      1      1      3      4     19     40     99    209    408    837   1668   3045   5300   8916  14355  21972  32369  45208  60541  77801  95929 113585 129126 140775 147633 148817 144924 135692 122808 107253  90204  73349  57814  44153  32643  23553  16551  11493   7984   5550   3969   2950   2372   1984   1731   1530   1399   1263   1134   1032    903    788    649    535    434 
179      2      0      0      0      0      0      0      5     25     68    146    302    626   1267   2369   4331   7512  12513  19933  30459  44642  62670  84342 108349 133257 157364 178631 194683 204060 205789 200174 187270 169356 147733 124748 101429  80199  60931  45092  32520  22811  15848  10963   7614   5417   4103   3234   2726   2401   2102   1855   1664   1478   1323   1169   1020    872    748    621 
180      2      0      0      0      0      0      1      8     17     44    114    238    464    915   1783   3317   5797   9655  15464  23710  34560  48542  65256  83763 103107 121781 138297 150780 157937 159311 154797 144846 130622 114254  96159  78081  61319  46727  34609  24862  17497  12198   8337   5722   4099   3130   2466   2067   1771   1602   1426   1293   1159   1066    932    824    726    611    498 
181      2      0      0      0      0      1      5     14     43     94    240    515   1077   2109   3877   7012  12311  20443  32552  50096  73280 103106 138429 178061 219507 259487 294643 321813 337589 340744 331137 309676 279962 244273 205414 167605 131881 100250  74197  53216  37455  25900  17785  12418   8870   6707   5344   4466   3932   3507   3150   2852   2587   2304   2030   1736   1470   1218    986 
182      2      0      0      0      1      2      9     24     61    149    353    782   1634   3268   6281  11376  19762  32892  52330  79741 117019 164313 221031 285028 351711 416004 471626 514080 538379 543035 527547 493496 445776 388883 327353 266470 209855 160115 118192  85145  59707  41516  28307  19575  13988  10475   8409   7059   6239   5507   4945   4441   4022   3610   3145   2700   2272   1925   1609 
183      2      0      0      0      1      2     11     30     82    213    458    980   2026   4026   7723  14325  25319  42294  67931 104279 152649 214469 288167 369889 455977 539096 611842 667548 700153 706295 686490 643698 581521 506540 425916 346396 272748 207541 153643 110223  77358  53365  36779  25683  18323  13653  10831   9246   8095   7199   6476   5856   5275   4725   4138   3555   3006   2527   2102 
184      2      0      0      0      0      2      4     16     34     79    175    381    811   1651   3123   5720  10020  16714  26721  41006  60002  84437 113429 146006 180158 213192 241418 263437 276189 278744 270740 253785 229802 200172 168492 137145 108132  82235  60678  43562  30553  21091  14538  10240   7330   5470   4348   3654   3191   2867   2598   2370   2146   1935   1715   1495   1237   1040    851 
185      2      0      0      0      1      3      8     23     67    168    375    871   1803   3545   6651  12325  21641  36126  57750  88464 129201 181454 243105 312387 385191 455572 516232 562169 589575 595182 577541 540925 488927 426630 359123 292538 230258 175346 129685  93309  65433  45237  31066  21507  15452  11558   9213   7709   6778   6103   5508   5037   4464   3945   3501   3056   2653   2221   1806 
186      2      0      0      0      2      5     16     43    109    270    637   1364   2747   5569  10574  19330  33828  56408  90855 138876 203252 285859 383937 493156 607880 719075 815067 888780 931838 939569 913649 856292 773800 675072 568334 462383 364012 277753 205463 147825 103773  71516  49049  34050  24521  18244  14430  12012  10578   9470   8525   7696   6977   6169   5466   4836   4139   3483   2932 
187      2      0      0      0      1      4      9     23     51    116    275    584   1164   2320   4400   7994  14125  23474  37512  57657  84369 118599 159332 205142 253057 299497 339552 370111 387621 390622 379815 355822 321405 279909 236209 192189 151324 115589  85238  61185  42769  29526  20375  14120  10260   7654   6135   5199   4529   4085   3698   3372   3031   2645   2301   1957   1671   1421   1160 
188      2      0      0      0      0      4     10     30     76    188    390    900   1867   3737   7140  12875  22463  37495  60053  92052 135304 189634 254730 328381 404832 478898 543769 593345 622155 626598 609875 570579 515861 449474 378222 307793 242555 184819 136863  98265  69045  47527  32668  22824  16323  12236   9695   8143   7081   6338   5786   5198   4686   4166   3676   3215   2768   2343   1914 
189      2      0      0      0      0      0      5     20     53    127    296    641   1317   2640   5072   9181  16140  27093  43082  66192  97060 136559 183890 236350 290892 344091 390230 426031 446421 450492 438385 410985 371137 323607 272870 222190 174602 132763  98133  70406  49769  34455  23719  16424  11797   8879   7169   5997   5156   4590   4167   3706   3350   2990   2623   2306   1992   1705   1383 
190      2      0      0      0      1      3      5     15     42     92    221    488   1021   2060   3900   7173  12624  21061  33853  51903  75863 106137 143181 184144 227134 268500 305085 332401 348338 351416 341258 319805 288824 251903 212191 172802 136144 103752  76500  54975  38517  26641  18327  12702   9151   6888   5592   4718   4092   3626   3259   2976   2672   2361   2087   1784   1535   1318   1117 
191      2      0      0      0      3      5      8     17     40    105    245    539   1143   2239   4211   7691  13334  22150  35592  54397  79782 111836 150268 193290 237897 281376 319410 348459 365174 368213 357486 334464 302584 263759 222137 181102 142538 108709  80156  57749  40561  28236  19374  13480   9589   7162   5744   4776   4178   3711   3339   3031   2701   2466   2178   1885   1591   1351   1101 
192      2      0      0      0      1      1      8     21     50    123    262    603   1210   2450   4691   8823  15337  25753  41536  63582  93009 129897 174540 224223 276388 326424 370288 403452 422664 426235 414299 388024 350495 305793 257621 209730 165200 125808  93018  66764  46759  32294  22303  15628  11287   8449   6814   5682   4908   4351   3940   3522   3144   2787   2468   2154   1829   1551   1316 
193      2      0      0      0      1      3     10     33     84    202    427    940   1896   3782   7324  13484  23527  39522  63082  96606 141706 199524 267927 344779 425302 503228 570848 622466 652461 657970 639190 598511 540480 471241 396216 322501 253777 193594 143546 102957  72155  49802  34396  24147  17356  13137  10424   8764   7598   6792   6146   5508   4922   4320   3786   3220   2773   2381   1959 
194      2      0      0      0      1      2      8     30     73    202    421    874   1795   3653   6868  12619  21947  36915  58979  90636 132771 186544 250755 322872 398078 470834 534835 583149 610516 615547 598812 560537 506471 441671 372016 302394 238215 181885 134082  96383  67776  46897  32296  22481  16123  12121   9628   8041   6992   6326   5661   5119   4599   4034   3581   3089   2636   2240   1822 
195      2      0      0      0      0      1      5     17     44    113    242    530   1141   2194   4188   7650  13419  22449  36034  55361  81194 113546 152447 196003 241806 284701 323050 352161 369467 372839 362363 339928 307153 267700 226058 183823 144768 110319  81478  58550  41110  28400  19576  13687   9932   7464   5943   4982   4345   3940   3578   3200   2881   2543   2220   1881   1616   1340   1102 
196      2      0      0      0      0      0      5     19     48    107    258    576   1216   2397   4632   8444  14791  25011  40228  61430  90201 126229 169970 218367 269083 317746 360921 393450 412833 416615 404469 378597 341768 298229 251229 204323 161032 123019  90770  65207  45940  31813  21824  15163  10828   8176   6543   5576   4905   4342   3908   3538   3116   2765   2406   2043   1731   1507   1276 
197      2      0      0      0      0      2      6     20     64    139    291    616   1229   2386   4559   8430  14846  24721  39566  60778  89148 125130 168086 216289 266734 315819 358228 391065 409773 413786 401923 376663 339832 296061 249167 202636 159375 121318  89600  64629  45409  31218  21571  14907  10772   8169   6560   5583   4810   4258   3891   3528   3160   2827   2462   2111   1779   1496   1244 
198      2      0      0      0      0      2      7     29     73    196    458    960   2043   4087   7809  14120  24798  41667  66548 101853 149289 209109 280964 361284 445498 527375 598576 652400 684094 690186 670916 628697 567665 494939 416459 339412 267016 203308 150598 108370  76125  52403  36009  25139  17939  13401  10617   8951   7911   7029   6395   5750   5192   4616   4127   3569   3066   2528   2049 
199      2      0      0      0      1      2     10     30     76    178    389    868   1802   3519   6769  12420  21545  36212  57875  88891 130402 182852 245515 316100 389539 460573 522337 569404 596823 602278 585356 548314 495339 432332 364258 296370 233065 177633 131211  94198  66238  45869  31525  22050  15858  11878   9446   7856   6918   6187   5594   5065   4501   4002   3515   3051   2586   2148   1759 
