000      0      0      0      0      0      0      0      0      0      0      0      0      0      0      0      0      0      0      1      1      2      5     14     48    116    246    507   1003   1879   3419   6093  10437  17166  27276  41747  61595  88063 121499 162834 211337 267077 328473 393200 459982 526222 590184 649726 703370 750409 789956 822970 849264 869179 884396 895614 903719 909504 913723 916679 
001      0      0      0      0      0      0      0      0      0      0      0      0      0      0      0      0      0      0      2      4     10     19     40     87    192    429    910   1744   3384   6172  10773  18253  29904  47163  71882 105927 150860 208473 278979 362332 457510 562722 674296 789374 903065 1012151 1114190 1206966 1287348 1355508 1411207 1455819 1490536 1516233 1535599 1549619 1559666 1566569 1571674 
002      0      0      0      0      0      0      0      0      0      0      0      0      0      0      0      0      0      0      0      1      7     15     43    109    243    493    983   1909   3617   6704  11853  20260  33424  53151  81085 119394 170224 235000 314703 409180 516563 635611 761698 891267 1020112 1143505 1258536 1362358 1452894 1529682 1592408 1642531 1681705 1711405 1733286 1748870 1760293 1768294 1773894 
003      0      0      0      0      0      0      0      0      0      0      0      0      0      0      0      0      0      0      0      1      2      3     11     21     65    166    333    644   1192   2160   3752   6242  10106  15911  24331  36122  51262  71009  95068 123558 156091 192428 230524 269733 308633 346225 381212 412142 439725 462895 482081 497379 509355 518372 524969 529761 533119 535543 537316 
004      0      0      0      0      0      0      0      0      0      0      0      0      0      0      0      0      0      0      0      3      6     14     31     71    153    313    649   1273   2384   4297   7551  12706  20892  33097  50554  74506 106528 146893 196731 255406 321921 395932 474265 554999 635174 711800 783596 848113 904315 951902 991596 1023005 1047086 1065706 1079372 1089377 1096459 1101329 1104934 
005      0      0      0      0      0      0      0      0      0      0      0      0      0      0      0      0      0      0      0      1      6     11     25     59    118    265    557   1100   2138   3876   6777  11545  18959  29888  45590  67089  95593 131968 176474 229793 290483 357356 427967 500927 573166 642261 707212 765162 815833 858844 893884 922286 944343 961042 973164 982101 988535 993072 996303 
006      0      0      0      0      0      0      0      0      0      0      0      0      0      0      0      0      0      0      0      4      8     21     53    135    281    647   1322   2566   4843   8837  15508  26601  43906  69675 106124 156655 223205 308089 412330 535585 676772 833017 997972 1167655 1336900 1499261 1650379 1786786 1905349 2005894 2088513 2154415 2205904 2244800 2273450 2293902 2308876 2319240 2326503 
007      0      0      0      0      0      0      0      0      0      0      0      0      0      0      0      0      0      0      1      2      6      9     28     62    120    292    615   1178   2309   4280   7666  13022  21489  34253  52437  77236 110352 152327 203967 265228 335943 413250 495329 579694 663647 744397 819876 887748 947418 997565 1038805 1071693 1096899 1116162 1130223 1140537 1147809 1152964 1156593 
008      0      0      0      0      0      0      0      0      0      0      0      0      0      0      0      0      0      0      0      0      0      2     11     34     72    151    317    647   1231   2198   3839   6621  10795  16955  25815  38190  54415  74950 100071 130102 164697 202887 242867 284644 326085 365327 401992 435262 464463 489005 509113 525318 537745 546980 554008 559145 562797 565370 567209 
009      0      0      0      0      0      0      0      0      0      0      0      0      0      0      0      0      0      0      0      2      7     14     25     49    105    234    465    908   1692   3097   5449   9291  15303  24126  36969  54454  77332 106747 143114 185619 234428 288291 345074 403566 461706 518050 570610 617203 658108 693087 721893 744580 762381 775782 785622 792699 797711 801423 804057 
010      0      0      0      0      0      0      0      0      0      0      0      0      0      0      0      0      0      1      1      3      9     18     37     84    177    370    779   1612   3090   5561   9742  16573  26998  43060  65995  97403 138480 191235 256278 333168 420772 516900 619123 724723 829282 930010 1023462 1108119 1182095 1244609 1296187 1337228 1369025 1393050 1410797 1423876 1433124 1439483 1444096 
011      0      0      0      0      0      0      0      0      0      0      0      0      0      0      0      0      0      0      0      0      2      7     15     44     99    217    433    869   1614   2914   5145   8768  14407  22829  34898  51656  73977 102252 136841 177814 224767 275948 330796 386808 443352 497466 547646 592836 632024 665358 692834 714611 731332 744069 753549 760337 765157 768695 771246 
012      0      0      0      0      0      0      0      0      0      0      0      0      0      0      0      0      0      0      0      2     10     23     53    117    248    515   1077   2191   4069   7449  13213  22414  36634  57900  88227 129985 185190 255593 342324 445423 562651 692463 830194 972182 1113362 1248231 1373877 1487490 1586145 1669894 1738618 1793763 1836355 1868733 1892602 1909923 1922114 1930926 1937127 
013      0      0      0      0      0      0      0      0      0      0      0      0      0      0      0      0      0      0      1      4      8     15     49    101    236    526   1088   2283   4272   7669  13576  23399  38538  60761  92709 136639 194640 268475 359378 467334 589995 725328 870323 1018497 1165502 1306325 1438609 1557253 1661054 1749211 1821674 1879292 1923989 1958020 1983208 2001228 2014204 2023210 2029663 
014      0      0      0      0      0      0      0      0      0      0      0      0      0      0      0      0      0      0      0      2      6      9     16     40     94    186    372    750   1402   2506   4436   7561  12193  19123  29350  43416  61780  85189 114009 148216 187166 230249 276026 323190 369835 414478 456085 493564 526621 554443 577348 595568 609904 620545 628373 634162 638232 641215 643253 
015      0      0      0      0      0      0      0      0      0      0      0      0      0      0      0      0      0      0      0      0      3      6     15     31     86    194    379    783   1460   2721   4795   8126  13312  21055  32216  47591  68102  93809 125980 163236 206037 253506 303565 355347 406708 456397 502499 543754 579674 610478 636034 656181 671962 683899 692710 699027 703497 706683 708960 
016      0      0      0      0      0      0      0      0      0      0      0      0      0      0      0      0      0      0      0      1      5     11     29     51    130    279    584   1149   2192   4092   7218  12175  19790  31407  48071  70718 100961 139476 186909 243052 306565 376510 451701 529164 605299 679156 747775 809493 863090 908664 946420 976415 999537 1017007 1030160 1039423 1046195 1050910 1054233 
017      0      0      0      0      0      0      0      0      0      0      0      0      0      0      0      0      0      0      1      4      4     10     26     59    138    296    616   1235   2303   4120   7213  12188  20307  32112  49236  72784 103809 143456 192178 249891 315426 387739 465062 543909 622580 698633 769245 832615 887918 934929 973485 1004283 1028060 1046299 1059696 1069323 1076226 1081091 1084584 
018      0      0      0      0      0      0      0      0      0      0      0      0      0      0      0      0      0      0      0      0      5     18     46    109    233    507    950   1933   3713   6746  11994  20525  33491  53144  81045 119535 170896 236121 316119 410371 518182 636834 763175 892776 1022550 1145916 1260612 1364128 1455111 1531538 1594646 1645226 1684641 1714084 1735940 1752053 1763290 1771277 1776889 
019      0      0      0      0      0      0      0      0      0      0      0      0      0      0      0      0      0      0      0      0      3      4     16     27     58    129    250    500    947   1705   3033   5045   8230  13081  20011  29638  42471  58597  78300 101609 128043 157562 188737 220831 252440 283367 311496 337223 359515 378532 394367 406873 416583 423992 429350 433304 436104 438122 439526 
020      0      0      0      0      0      0      0      0      0      0      0      0      0      0      0      0      0      0      0      1      2      9     23     53    109    210    432    868   1603   2953   5218   8962  14628  23004  35172  52114  74275 102972 137587 178625 225438 277213 332291 388888 444696 498204 548181 593587 633233 666918 694058 716140 733087 745877 755283 762096 766916 770389 772834 
021      0      0      0      0      0      0      0      0      0      0      0      0      0      0      0      0      0      0      2      3      8     19     41     79    182    335    683   1373   2633   4949   8637  14883  24474  38703  58984  87206 124786 172132 230457 299662 378406 464972 557367 651966 746598 837491 921543 997753 1064318 1120157 1166319 1203225 1231771 1253627 1269629 1281242 1289505 1295201 1299402 
022      0      0      0      0      0      0      0      0      0      0      0      0      0      0      0      0      1      1      1      2      7     19     37     67    138    297    580   1130   2126   3928   6961  11843  19481  30669  46658  68680  98078 135675 181143 235398 296968 365471 437552 512207 586179 657389 723483 782877 834477 878805 914954 943748 966162 983097 995515 1004609 1011064 1015633 1018834 
023      0      0      0      0      0      0      0      0      0      0      0      0      0      0      0      0      0      0      2      4      7     18     44     91    216    442    889   1697   3226   5844  10328  17461  28650  45056  69275 102144 145657 200998 269169 350540 443029 544594 652824 763710 874436 980484 1079257 1168121 1246552 1312332 1366414 1409388 1443154 1468764 1487579 1500953 1510688 1517470 1522331 
024      0      0      0      0      0      0      0      0      0      0      0      0      0      0      0      0      0      0      3      3      7     15     32     71    164    324    629   1225   2347   4284   7480  12727  21117  32942  50245  73796 105426 145509 194552 252972 319482 392264 470087 549929 629386 706039 776798 840719 897020 944039 983216 1014278 1038339 1056744 1070194 1080159 1087238 1092104 1095547 
025      0      0      0      0      0      0      0      0      0      0      0      0      0      0      0      0      0      1      1      2      4     16     41     95    215    424    891   1760   3259   5955  10552  18053  29521  46874  71721 105713 150868 208105 278743 362056 457935 563069 674658 789556 903905 1013180 1115269 1206830 1287052 1354985 1410830 1455340 1489975 1515978 1535133 1549113 1559069 1566122 1571221 
026      0      0      0      0      0      0      0      0      0      0      0      0      0      0      0      0      0      0      0      4     10     23     56    118    300    632   1316   2724   5209   9551  16797  28665  46703  73956 112918 166511 237382 328445 440379 573181 724385 890957 1067667 1249321 1430091 1603992 1765291 1910585 2037673 2145458 2234203 2305112 2360036 2401718 2432225 2454536 2470374 2481468 2489460 
027      0      0      0      0      0      0      0      0      0      0      0      0      0      0      0      0      0      0      0      1      3      7     23     54    131    272    553   1058   1973   3719   6607  11156  18051  28656  44123  65418  93402 129273 173616 225496 285118 350115 419500 490727 561998 629894 693120 750225 800231 842437 877545 905078 926527 942611 954704 963468 969747 974021 977087 
028      0      0      0      0      0      0      0      0      0      0      0      0      0      0      0      0      0      0      2      3      6     16     31     58    143    293    564   1135   2118   3816   6841  11614  19119  30085  45903  67656  96348 132969 178391 232249 293449 360848 432187 505731 578806 649020 714253 772736 823886 867231 903224 931851 953937 970929 983380 992425 998775 1003340 1006536 
029      0      0      0      0      0      0      0      0      0      0      0      0      0      0      0      0      0      0      0      3     10     16     28     76    171    358    707   1440   2854   5178   9073  15262  25201  39773  60546  89414 127563 176519 237119 308436 389845 479046 574422 672286 769550 862859 950063 1028610 1097064 1155075 1202729 1240553 1269963 1292240 1308715 1320468 1329030 1335015 1339285 
030      0      0      0      0      0      0      0      0      0      0      0      0      0      0      0      0      0      0      1      2      5     13     36     94    204    458    906   1764   3319   5966  10446  17750  29049  46052  70516 103769 147950 204418 274258 356644 450963 554678 665133 778594 890840 999459 1099907 1190055 1269343 1336338 1391359 1435427 1469505 1495289 1514460 1528353 1538044 1544985 1549787 
031      0      0      0      0      0      0      0      0      0      0      0      0      0      0      0      0      0      0      0      1     11     27     64    119    254    517   1075   2102   4113   7610  13382  22732  37468  58909  89526 131888 187877 259719 347791 452508 571997 703973 843876 987615 1130068 1266682 1393403 1508410 1609050 1694400 1764064 1819553 1862647 1895238 1919538 1937165 1949489 1958208 1964362 
032      0      0      0      0      0      0      0      0      0      0      0      0      0      0      0      0      0      0      0      2      4     14     37     66    166    360    747   1425   2702   4876   8585  14535  23671  37262  56995  84038 119373 165273 221900 288913 364515 448006 536603 627864 718445 806386 887483 960547 1023893 1077591 1121835 1157205 1184879 1205495 1220816 1232003 1239899 1245454 1249395 
033      0      0      0      0      0      0      0      0      0      0      0      0      0      0      0      0      0      0      0      2      2      9     17     45     92    183    402    851   1626   2937   5256   8945  14706  23120  35157  51823  73631 101628 136165 176403 222996 274276 329180 385018 440665 494104 544216 589187 628363 661444 688740 710543 727586 740540 750054 756939 761802 765185 767609 
034      0      0      0      0      0      0      0      0      0      0      0      0      0      0      0      0      0      0      0      3      4     13     34    106    253    518   1036   1994   3753   6789  11829  20204  33163  52359  79810 118110 168766 233406 313023 406775 514026 632066 757642 886482 1014807 1137925 1252703 1355362 1445275 1521641 1584035 1634093 1673090 1702376 1724136 1739988 1751223 1759155 1764754 
035      0      0      0      0      0      0      0      0      0      0      0      0      0      0      0      0      0      0      0      3      6     14     26     59    144    301    657   1307   2385   4420   7732  13142  21646  34010  51925  76418 108990 150337 201481 261712 331033 406945 488006 571188 653479 732752 806446 873274 931223 980180 1020447 1052720 1077828 1096790 1110804 1120656 1127779 1132776 1136440 
036      0      0      0      0      0      0      0      0      0      0      0      0      0      0      0      0      0      0      0      1      4      9     22     47     91    216    441    867   1685   3043   5274   9032  14823  23469  35644  52892  75414 104116 139632 181593 229290 282010 338022 395418 452455 507079 558300 604304 644641 678415 706434 728862 746233 759405 769105 775978 781043 784548 787050 
037      0      0      0      0      0      0      0      0      0      0      0      0      0      0      0      0      0      0      0      1      2     10     26     70    153    338    674   1250   2354   4283   7462  12660  20781  32805  50074  73958 105216 145324 194350 252473 319145 392796 470408 550240 629637 706160 777129 841418 896946 944320 983507 1014791 1038977 1057102 1070532 1080273 1087165 1092020 1095433 
038      0      0      0      0      0      0      0      0      0      0      0      0      0      0      0      0      0      0      1      2      2     14     36     69    154    339    669   1361   2605   4689   8266  14054  23152  36663  56160  82398 117654 162732 217888 283037 357258 439339 526311 615734 704532 789843 869177 940921 1003433 1056795 1100415 1135239 1161961 1182374 1197363 1208316 1216046 1221531 1225394 
039      0      0      0      0      0      0      0      0      0      0      0      0      0      0      0      0      0      0      0      2      7     13     24     50    108    242    490    980   1871   3369   5966  10024  16283  25824  39302  57869  82703 114121 152886 198720 250888 308257 369749 432413 494596 554458 610312 660417 704564 741600 772332 796648 815847 830278 840859 848570 853936 857768 860456 
040      0      0      0      0      0      0      0      0      0      0      0      0      0      0      0      0      0      0      1      1      6     13     33     71    169    355    709   1479   2853   5299   9376  16081  26147  41244  62898  93092 132791 182955 245110 318388 401821 493316 591320 691935 791405 887661 977234 1057785 1128421 1188213 1237609 1276917 1307465 1330502 1347662 1359786 1368605 1374837 1379196 
041      0      0      0      0      0      0      0      0      0      0      0      0      0      0      0      0      0      0      0      3      8     18     40     73    142    333    687   1307   2496   4653   8278  14112  23096  36729  56235  83296 118660 163779 218995 284502 359806 441960 529915 619800 709360 795203 874751 947219 1010233 1063396 1107417 1142840 1170072 1190569 1205796 1216778 1224523 1230136 1233965 
042      0      0      0      0      0      0      0      0      0      0      0      0      0      0      0      0      0      0      0      1      2     10     21     57    122    275    561   1089   2003   3641   6304  10650  17582  27880  42508  62607  89307 123460 165669 215201 272220 334358 400382 468612 535900 600920 661214 716207 763893 804322 837602 864010 884648 900164 911595 919939 925854 929983 932946 
043      0      0      0      0      0      0      0      0      0      0      0      0      0      0      0      0      0      0      1      2      3      8     16     34     69    154    315    593   1119   2015   3603   5985   9860  15555  23923  35315  50445  69939  93566 121657 153628 188522 226055 264483 303082 339715 373893 404555 431867 454470 473293 488219 499852 508428 515005 519713 523089 525510 527156 
044      0      0      0      0      0      0      0      0      0      0      0      0      0      0      0      0      0      0      0      0     11     20     42    101    224    511   1046   2038   3954   7038  12528  21332  35142  55724  84819 125348 178726 246278 329602 427689 540024 663511 795548 930468 1065119 1194712 1314981 1423048 1518116 1598423 1664313 1717086 1758191 1788694 1811426 1827614 1839543 1847962 1853779 
045      0      0      0      0      0      0      0      0      0      0      0      0      0      0      0      0      0      1      1      2      6     18     48    103    212    444    915   1826   3374   6195  10891  18457  30253  47776  72927 107790 153679 212126 283819 369130 466314 573585 686941 804431 920841 1032907 1137134 1231292 1313568 1382718 1439830 1485503 1520820 1547538 1567302 1581414 1591700 1598922 1604039 
046      0      0      0      0      0      0      0      0      0      0      0      0      0      0      0      0      0      0      0      0      0      4     11     32     65    129    283    629   1180   2145   3778   6288  10277  16292  24780  36687  52335  72336  96945 126129 159223 196152 235009 275035 314848 352975 388745 420868 449050 472913 492005 507557 519626 528783 535583 540578 544156 546591 548350 
047      0      0      0      0      0      0      0      0      0      0      0      0      0      0      0      0      0      0      0      1      2      7     17     32     74    151    302    620   1186   2147   3799   6487  10708  16895  25586  37742  53691  74291  99595 129580 163707 201305 241232 282508 323344 362308 398833 431917 460877 485224 505105 520958 533231 542583 549450 554610 558113 560624 562396 
048      0      0      0      0      0      0      0      0      0      0      0      0      0      0      0      0      0      0      0      0      0      3      7     22     39     81    155    300    565   1046   1801   3056   4946   7787  11747  17333  24706  33980  45642  59285  74703  91977 110097 128838 147396 165423 182247 197359 210365 221444 230588 237901 243603 247804 250975 253246 254894 256020 256872 
049      0      0      0      0      0      0      0      0      0      0      0      0      0      0      0      0      0      0      0      0      4     12     31     58    124    235    509    981   1932   3571   6307  10703  17546  27710  42089  62036  88381 122087 163487 212782 268700 330254 396414 463909 531584 596111 656708 710766 758062 797773 830678 857100 877741 893038 904399 912842 918740 922754 925741 
050      0      0      0      0      0      0      0      0      0      0      0      0      0      0      0      0      0      0      0      0      6     12     23     45    110    218    447    911   1713   3171   5620   9632  15803  25082  38610  57148  81485 112350 150525 195259 246728 303286 363260 425033 486398 545640 600496 649984 693264 730079 759963 784150 802731 816898 827353 834921 840263 843991 846648 
051      0      0      0      0      0      0      0      0      0      0      0      0      0      0      0      0      0      0      1      1      6     18     40    105    216    469    917   1838   3533   6490  11453  19454  31779  50263  76534 112731 160756 222332 298075 387412 489445 601205 720068 842691 965191 1082630 1191365 1289342 1375053 1448029 1507403 1554852 1592216 1619928 1640282 1655330 1665986 1673564 1678928 
052      0      0      0      0      0      0      0      0      0      0      0      0      0      0      0      0      0      0      1      1      4     13     37     94    208    394    789   1589   3061   5502   9808  16432  27056  43017  65802  96913 138744 191636 256619 333696 421912 518568 620823 726664 831076 931828 1025711 1110089 1184022 1247202 1298411 1339481 1371240 1395243 1413013 1425833 1434839 1441209 1445823 
053      0      0      0      0      0      0      0      0      0      0      0      0      0      0      0      0      0      0      1      2      4     12     27     71    156    327    715   1376   2626   4783   8403  14230  23312  37044  56614  83908 119497 164907 220819 286829 362243 444635 532716 623343 713767 800368 880871 953412 1017060 1070414 1114671 1149974 1177349 1198216 1213567 1224707 1232613 1238091 1242070 
054      0      0      0      0      0      0      0      0      0      0      0      0      0      0      0      0      0      0      1      1      2      4     16     57    135    267    562   1076   2058   3822   6795  11417  18880  29858  45668  67336  96334 133069 178238 231749 292737 360465 431719 505337 578870 649253 714977 773917 825464 869013 904674 933594 955706 972415 984783 993634 999890 1004364 1007601 
055      0      0      0      0      0      0      0      0      0      0      0      0      0      0      0      0      0      0      1      2      4     11     34     73    157    329    701   1368   2602   4691   8300  14041  22923  36339  55523  81806 116775 161442 215634 279930 354162 435684 522084 610944 699254 784491 863703 935141 997193 1049909 1093125 1127995 1154995 1175308 1190229 1201043 1208685 1214242 1218099 
056      0      0      0      0      0      0      0      0      0      0      0      0      0      0      0      0      0      0      0      2      3      6     15     42    102    195    393    753   1464   2757   4831   8212  13470  21178  32238  47406  67744  93471 125148 162926 205836 253080 303162 354935 406271 455954 501933 543131 579247 609698 634838 654984 670498 682187 690958 697332 701852 705070 707375 
057      0      0      0      0      0      0      0      0      0      0      0      0      0      0      0      0      0      0      0      0      2     10     26     59    119    265    605   1162   2245   4078   7200  12283  20097  31549  48180  70839 101108 139713 187456 243630 307416 377821 452590 530315 606861 680604 749261 811073 865250 911166 948453 978463 1001780 1019344 1032406 1041970 1048787 1053487 1056773 
058      0      0      0      0      0      0      0      0      0      0      0      0      0      0      0      0      0      0      0      3      7     15     27     68    150    341    712   1432   2705   4928   8573  14462  23767  37790  57584  84614 120738 166395 222718 289477 365150 448842 537843 629205 720283 807165 888592 961574 1025645 1079689 1124114 1159571 1187125 1208190 1223454 1234732 1242607 1248254 1252196 
059      0      0      0      0      0      0      0      0      0      0      0      0      0      0      0      0      0      0      1      3      6     14     39     84    209    454    923   1823   3406   6360  11349  19156  31246  49258  74781 109916 156776 216264 289287 375556 474453 583536 699072 818786 937032 1049814 1155490 1250504 1333872 1403993 1461955 1508155 1543505 1570195 1590197 1604803 1615111 1622419 1627517 
060      0      0      0      0      0      0      0      0      0      0      0      0      0      0      0      0      0      0      0      0      2      5     19     53    107    216    429    873   1661   2932   5218   9017  14942  23706  36279  53400  75927 104387 140128 181929 229913 282338 338643 395669 452746 507919 558881 604718 645195 679296 707060 729616 747061 760168 769930 777093 781960 785518 788094 
061      0      0      0      0      0      0      0      0      0      0      0      0      0      0      0      0      0      0      0      1      4     13     27     58    129    248    508    961   1836   3345   5963  10243  16886  26524  40641  60082  85598 117884 158006 205663 259644 319296 382374 447730 512680 574690 632036 684035 729693 768327 800119 825517 845018 860036 870932 878955 884613 888591 891396 
062      0      0      0      0      0      0      0      0      0      0      0      0      0      0      0      0      0      0      1      4      8     15     29     60    158    347    676   1322   2521   4599   7942  13561  22302  35146  53561  78855 112401 155192 208275 270828 342089 420813 504563 590859 676369 758327 834401 903813 964155 1015067 1057243 1090409 1116176 1136162 1150654 1161141 1168481 1173744 1177439 
063      0      0      0      0      0      0      0      0      0      0      0      0      0      0      0      0      0      0      2      2      5      9     22     58    148    297    624   1282   2418   4339   7723  13019  21321  33587  50992  75384 107451 148580 199108 258998 327614 402829 482375 564556 646305 724899 797889 864122 921513 969926 1009443 1041695 1066464 1085362 1099252 1109198 1116370 1121441 1125034 
064      0      0      0      0      0      0      0      0      0      0      0      0      0      0      0      0      0      0      1      2      6     14     43     83    192    417    822   1620   3159   5759  10275  17476  28538  45407  69402 102350 145906 201535 269534 350461 442697 543920 652091 763149 873386 978806 1076941 1166208 1243653 1309310 1363523 1406468 1439727 1465146 1483784 1497550 1507262 1514069 1518921 
065      0      0      0      0      0      0      0      0      0      0      0      0      0      0      0      0      0      0      0      0      2      8     11     34     89    207    432    858   1591   2912   5168   8885  14536  23050  35356  52319  74635 103183 138401 179774 227290 279722 335375 392729 450114 504989 555991 601823 642142 675902 703669 726187 743479 756819 766465 773437 778291 781832 784305 
066      0      0      0      0      0      0      0      0      0      0      0      0      0      0      0      0      0      0      0      0      2      6     16     33     52    122    257    487    948   1726   3067   5303   8645  13699  20858  30607  43672  60422  80774 104963 132858 163357 195730 229066 262059 293894 323487 350191 373363 393010 409104 422146 432197 439683 445226 449339 452219 454252 455667 
067      0      0      0      0      0      0      0      0      0      0      0      0      0      0      0      0      0      0      1      6     13     29     51     98    245    544   1133   2207   4198   7707  13691  23060  37921  60189  91804 135286 193042 266557 356614 463028 584258 718039 860705 1007316 1152516 1291910 1422631 1540264 1642835 1729512 1801239 1858186 1902611 1935913 1960360 1978097 1990735 1999940 2006260 
068      0      0      0      0      0      0      0      0      0      0      0      0      0      0      0      0      0      0      1      4     12     27     64    134    326    673   1401   2868   5409   9865  17581  29764  48615  76746 117224 173174 247449 341339 457258 593997 750327 922538 1105870 1294002 1481126 1660973 1828588 1979623 2111841 2222466 2314143 2387602 2444107 2487285 2518846 2541938 2558178 2569648 2577964 
069      0      0      0      0      0      0      0      0      0      0      0      0      0      0      0      0      0      0      0      1      1     11     21     43    111    215    492   1005   1911   3482   6117  10251  16885  26795  40878  60393  86280 119454 159637 207606 262274 322369 386577 452137 517561 580770 639262 691802 737643 776198 808077 833717 853720 868754 879739 887808 893580 897711 900607 
070      0      0      0      0      0      0      0      0      0      0      0      0      0      0      0      0      0      1      1      3      6     19     35     81    181    388    787   1557   2992   5467   9507  15904  25961  41157  62865  92833 132541 183707 246060 319843 403992 497156 595308 696012 796569 893367 983582 1064568 1135615 1195485 1245110 1284586 1315229 1338153 1355320 1367731 1376609 1382741 1387152 
071      0      0      0      0      0      0      0      0      0      0      0      0      0      0      0      0      0      0      0      0      0      6     24     56    114    255    511   1013   1912   3554   6305  10527  17225  27310  41550  61190  87315 120664 161732 210142 265456 326276 390898 457974 524243 587568 646754 700295 746766 786050 818610 844521 864627 879747 890924 899035 904802 908860 911829 
072      0      0      0      0      0      0      0      0      0      0      0      0      0      0      0      0      0      0      1      2      4      9     19     44    111    262    535   1052   2061   3684   6526  11052  17983  28354  43519  64315  91952 126945 170000 220786 279243 343352 411161 480936 550598 617560 679614 735455 783982 825002 859121 886313 907279 923299 935043 943567 949689 953969 956990 
073      0      0      0      0      0      0      0      0      0      0      0      0      0      0      0      0      0      0      0      1      1      7     13     43     95    198    402    771   1430   2677   4696   7895  12856  20327  31079  45874  65366  90231 121089 157595 199277 244493 293200 343070 392513 440396 485039 525332 560356 589975 614326 633725 648756 660273 668625 674772 679048 682151 684357 
074      0      0      0      0      0      0      0      0      0      0      0      0      0      0      0      0      0      0      0      0      1      5     17     52    117    243    487   1000   1941   3570   6306  10751  17538  27736  42191  62203  89185 123315 165378 215038 271474 333921 399856 467909 535631 600971 661450 715592 763318 803677 836867 862943 883362 898871 910207 918624 924616 928788 931691 
075      0      0      0      0      0      0      0      0      0      0      0      0      0      0      0      0      0      0      0      1      3     11     34     74    147    280    605   1146   2198   3994   7135  12052  19891  31394  47610  70438 100343 138609 185673 241645 305032 375050 449429 525409 601457 674429 742594 803539 856483 901809 938619 968284 991459 1008722 1021734 1031106 1037729 1042347 1045573 
076      0      0      0      0      0      0      0      0      0      0      0      0      0      0      0      0      0      0      0      0      1      7     12     29     76    155    321    662   1274   2302   4123   6981  11562  18374  28045  41318  59089  81369 108965 141708 179146 220122 263960 308866 353655 396579 436573 472398 503795 530420 552399 569969 583607 593919 601489 606878 610811 613625 615567 
077      0      0      0      0      0      0      0      0      0      0      0      0      0      0      0      0      0      1      3      4      6      8     24     52    103    219    454    855   1683   3063   5365   9055  14566  22833  34849  51480  73375 101789 136038 176729 223157 274355 328752 385218 441485 494906 544801 589697 628778 662287 689620 711719 728429 741187 750599 757464 762328 765771 768200 
078      0      0      0      0      0      0      0      0      0      0      0      0      0      0      0      0      0      0      1      1      1      1      4     24     53    123    244    485    924   1641   2934   5001   8133  12863  19664  29093  41383  57144  76601  99510 125666 154580 185186 216558 247785 277882 305664 330873 352837 371615 386803 399080 408426 415652 420870 424733 427475 429393 430722 
079      0      0      0      0      0      0      0      0      0      0      0      0      0      0      0      0      0      1      1      4      8     16     27     54    114    277    581   1155   2105   3903   7014  11927  19476  30762  46913  69423  99323 137202 183885 238588 301568 370739 444594 520708 596207 669233 736837 797653 850799 895816 932842 962550 985473 1002752 1015476 1024726 1031363 1036019 1039344 
080      0      0      0      0      0      0      0      0      0      0      0      0      0      0      0      0      0      1      1      1      1      3      6     20     45     98    178    381    730   1341   2353   4014   6683  10696  16098  23781  33805  46304  62115  80759 101973 125202 150148 176248 201624 226309 248914 269307 287349 302645 315234 324978 332762 338567 342870 346154 348373 349875 350937 
081      0      0      0      0      0      0      0      0      0      0      0      0      0      0      0      0      0      0      0      0      0      1     13     35     98    195    410    859   1570   2924   5250   8722  14274  22395  34436  50641  72468  99743 133667 174318 219725 270379 324005 379098 433652 486502 535535 580042 618645 651230 678110 699701 716401 728961 738082 744907 749711 753105 755536 
082      0      0      0      0      0      0      0      0      0      0      0      0      0      0      0      0      0      0      0      0      2      3     13     26     62    136    277    523    957   1759   3159   5384   8778  13950  21367  31401  44788  61943  83191 108437 137096 168409 201934 236221 270450 303478 334129 361660 385775 406113 422758 436174 446539 454396 460309 464581 467557 469710 471184 
083      0      0      0      0      0      0      0      0      0      0      0      0      0      0      0      0      0      1      1      1      1     10     30     67    141    314    676   1265   2347   4358   7702  13072  21544  34051  52167  77167 110034 152199 203599 264268 334096 410818 492010 575962 659396 739075 813380 880454 938648 988133 1028630 1061077 1086354 1105518 1119751 1130001 1137236 1142448 1146061 
084      0      0      0      0      0      0      0      0      0      0      0      0      0      0      0      0      0      1      2      4      9     20     35     90    203    423    840   1636   3028   5543   9731  16678  27212  43060  65422  96143 136995 189554 253800 330399 418133 515040 617339 722122 825773 925783 1018943 1103179 1176757 1238671 1289390 1330352 1361897 1386068 1403374 1416200 1425296 1431694 1436293 
085      0      0      0      0      0      0      0      0      0      0      0      0      0      0      0      0      0      0      0      1      2      6     11     36     67    136    323    623   1147   2137   3780   6399  10517  16720  25491  37459  53481  74107  99740 129537 163514 201290 241197 282234 323104 362598 399395 432129 460956 485672 505618 521531 533850 543346 550195 555137 558698 561167 562955 
086      0      0      0      0      0      0      0      0      0      0      0      0      0      0      0      0      0      0      0      0      4      9     22     53    129    269    533   1018   1910   3367   5964  10158  16531  26154  40017  59050  83975 116151 155654 202358 255922 314840 377292 441784 505499 566939 624019 675016 719949 757770 788863 813940 833613 848498 859331 867147 872709 876568 879296 
087      0      0      0      0      0      0      0      0      0      0      0      0      0      0      0      0      0      0      0      2      4     17     33     83    174    381    730   1451   2782   4964   8712  14795  24048  38174  58578  86397 123393 170505 228176 296668 374822 460785 552588 646658 740228 830371 914095 989576 1055220 1111020 1156794 1193459 1221769 1243262 1259200 1270746 1278879 1284569 1288685 
088      0      0      0      0      0      0      0      0      0      0      0      0      0      0      0      0      0      0      0      0      0      5     16     49     90    167    375    760   1389   2554   4498   7706  12630  20167  30878  45346  64467  89052 119001 154728 195859 240962 288300 337281 385764 432589 476042 515084 549703 578764 602612 621510 636229 647457 655526 661451 665738 668811 670967 
089      0      0      0      0      0      0      0      0      0      0      0      0      0      0      0      0      0      0      0      0      2      8     20     46     99    197    421    836   1551   2816   4953   8416  13733  21631  33036  48949  70063  96759 129606 168561 213235 261930 314136 367373 420363 471178 518654 561585 599159 630675 656857 677373 693594 705758 714655 721193 725809 729049 731363 
090      0      0      0      0      0      0      0      0      0      0      0      0      0      0      0      0      0      0      0      1      7     20     47    103    228    450    918   1824   3477   6444  11332  19349  31833  50270  76546 113077 161209 222384 297612 386482 487824 599723 718987 840925 962340 1079004 1187891 1285915 1371588 1444287 1504094 1551924 1588987 1616895 1637386 1652251 1662836 1670447 1675798 
091      0      0      0      0      0      0      0      0      0      0      0      0      0      0      0      0      0      0      0      0      1      5     13     42     83    196    372    747   1436   2621   4667   7948  13012  20541  31372  46242  66057  91356 122317 159140 201468 247961 297421 348044 398332 446542 491363 532066 567387 597526 621873 641639 656806 668486 677007 683084 687523 690670 692903 
092      0      0      0      0      0      0      0      0      0      0      0      0      0      0      0      0      0      0      0      4     10     16     39     77    171    376    792   1551   3011   5555   9646  16302  26706  42239  64271  94972 135787 187460 250478 325576 411110 505507 606042 709049 810888 908684 1000230 1082729 1154722 1215783 1266125 1306249 1337165 1360781 1378227 1390589 1399489 1405833 1410335 
093      0      0      0      0      0      0      0      0      0      0      0      0      0      0      0      0      0      0      0      1      3      7     24     55    120    279    559   1083   2087   3810   6683  11309  18536  29349  44514  65530  93557 129321 173307 225275 285454 350714 420200 491648 562318 630824 694503 751930 801970 844482 879260 907031 928831 945199 957322 965967 972208 976619 979741 
094      0      0      0      0      0      0      0      0      0      0      0      0      0      0      0      0      0      0      1      1      4      8     18     58    128    241    498   1007   1891   3434   6060  10289  16775  26464  40351  59445  84915 117459 157359 204325 258294 318006 381664 446941 510954 572917 630614 682725 728275 766290 797955 823581 843314 858328 869165 877041 882759 886823 889577 
095      0      0      0      0      0      0      0      0      0      0      0      0      0      0      0      0      0      1      1      2      6     21     51    103    249    541   1123   2261   4355   7956  14181  24154  39855  63025  96214 141954 202238 279316 374133 485961 614051 755719 906060 1060734 1213626 1361837 1498536 1621359 1730051 1821275 1896326 1955936 2002427 2037437 2063318 2082163 2095610 2105069 2111875 
096      0      0      0      0      0      0      0      0      0      0      0      0      0      0      0      0      0      0      0      1      1      8     19     43    116    222    410    774   1414   2577   4458   7546  12454  19639  30069  44299  63157  87065 116661 151361 190657 234558 281446 329129 376384 422044 465012 503515 536432 564945 588308 606657 621225 632332 640301 646308 650429 653347 655371 
097      0      0      0      0      0      0      0      0      0      0      0      0      0      0      0      0      0      0      0      0      3     11     33     76    167    321    709   1367   2603   4783   8384  14231  23242  36873  56356  83356 118899 163767 218983 284323 358724 440611 527565 617118 706249 791825 871435 943250 1006108 1059386 1103119 1137970 1165224 1185618 1200655 1211725 1219631 1225155 1229036 
098      0      0      0      0      0      0      0      0      0      0      0      0      0      0      0      0      0      0      0      2      4     14     22     41     77    162    320    649   1193   2227   3846   6448  10552  16774  25565  37771  53988  74395  99671 129925 164725 202610 242975 284600 325704 365783 402365 435600 464591 489157 509392 525317 537775 547410 554277 559432 563053 565584 567398 
099      0      0      0      0      0      0      0      0      0      0      0      0      0      0      0      0      0      1      1      2      5      9     26     54    115    232    483    939   1694   2981   5177   8767  14368  22744  34759  51140  72666 100293 134484 174749 220709 271561 325397 380931 435976 488710 537848 582437 621522 654200 681397 702889 719757 732459 741803 748556 753263 756649 759029 
100      0      0      0      0      0      0      0      0      0      0      0      0      0      0      0      0      0      0      1      3      8     21     47    110    245    573   1184   2256   4360   7893  13772  23515  38444  61112  93760 138280 197324 272397 364407 473124 597297 734025 878903 1028128 1177579 1320369 1453653 1573847 1678346 1767360 1839977 1897779 1943015 1977384 2002538 2020640 2033634 2042808 2049388 
101      0      0      0      0      0      0      0      0      0      0      0      0      0      0      0      0      0      0      1      1      6     15     35     82    194    394    853   1733   3384   6164  10904  18706  30601  47956  73357 108184 153872 212177 283893 369160 466216 573718 687162 804088 920312 1032027 1135739 1229327 1310849 1379942 1436713 1482127 1517289 1543872 1563595 1577813 1587912 1595156 1600236 
102      0      0      0      0      0      0      0      0      0      0      0      0      0      0      0      0      0      0      0      0      1      6     12     30     84    190    407    830   1550   2829   4953   8379  13763  21746  33223  49163  70220  96854 129749 168652 213426 262637 314695 368051 421303 472992 520468 563474 601198 633073 659138 680179 696350 708575 717574 724085 728794 732054 734390 
103      0      0      0      0      0      0      0      0      0      0      0      0      0      0      0      0      0      0      0      4      9     14     35     78    179    361    759   1544   2840   5183   9033  15388  25108  39702  60939  89864 127835 176702 236819 307528 388857 478287 572700 669948 766642 859115 945539 1023801 1091943 1149870 1197242 1234756 1264142 1286305 1302719 1314545 1322860 1328796 1332987 
104      0      0      0      0      0      0      0      0      0      0      0      0      0      0      0      0      0      1      3      4      7     27     48    108    250    580   1153   2281   4318   7939  13956  23728  38660  61187  92951 136668 195055 269598 361018 468826 592652 727637 872002 1019702 1166804 1307940 1439474 1558468 1662059 1749590 1822113 1880155 1924903 1958748 1983500 2001757 2014577 2023780 2030367 
105      0      0      0      0      0      0      0      0      0      0      0      0      0      0      0      0      0      0      0      1      5     19     53    102    214    468    993   1996   3875   7139  12530  21474  35246  55615  85248 125740 178974 247364 331765 431721 545474 670391 804195 941147 1078137 1208291 1330053 1439755 1535407 1616739 1683830 1737405 1778555 1809576 1832510 1849260 1861320 1869735 1875737 
106      0      0      0      0      0      0      0      0      0      0      0      0      0      0      0      0      0      0      0      0      0     10     19     46     97    197    427    833   1634   2967   5210   8896  14554  22952  34919  51359  73057 101188 135509 176229 223000 273754 327746 383812 439142 492398 541863 586386 625389 658545 685711 707487 724109 736863 746258 752976 757804 761188 763631 
107      0      0      0      0      0      0      0      0      0      0      0      0      0      0      0      0      0      1      1      2      4      7     20     48     99    204    417    764   1443   2558   4452   7655  12591  19993  30673  45136  64221  89128 119212 154660 195501 240278 288101 337241 385673 432704 476108 515370 549460 578560 602600 621483 636044 647303 655697 661753 665998 668962 671062 
108      0      0      0      0      0      0      0      0      0      0      0      0      0      0      0      0      0      0      1      2      4     12     26     63    130    286    611   1147   2263   4099   7213  12203  20182  31794  48425  71379 101380 139733 187369 243747 307565 377930 453472 530563 607609 681301 750446 812152 865840 911631 949511 979487 1003006 1020700 1033618 1042905 1049659 1054271 1057633 
109      0      0      0      0      0      0      0      0      0      0      0      0      0      0      0      0      0      0      0      4      5     10     26     50    106    202    399    803   1540   2873   5120   8745  14451  22893  34936  51396  73368 101421 135691 176263 222746 273722 328109 383866 439431 492993 542881 587455 626104 659311 686646 708410 725345 737900 747278 754111 758845 762367 764808 
110      0      0      0      0      0      0      0      0      0      0      0      0      0      0      0      0      0      1      2      2      5     12     24     68    142    299    624   1205   2269   4119   7329  12360  20353  32396  49590  72855 103952 143353 192220 249922 315678 388292 465378 543652 622317 697998 768360 831784 886786 933919 972663 1003467 1027174 1045435 1058765 1068370 1075178 1080018 1083463 
111      0      0      0      0      0      0      0      0      0      0      0      0      0      0      0      0      0      0      0      1      6     12     32     70    156    327    718   1396   2661   4925   8626  14764  24171  38255  58290  85931 122371 169078 226568 294749 371310 456722 547156 639842 732584 821376 904146 978597 1044264 1099504 1144960 1181059 1208969 1230424 1245935 1257293 1265323 1271132 1275093 
112      0      0      0      0      0      0      0      0      0      0      0      0      0      0      0      0      0      0      1      2      4      6     22     39     87    173    354    698   1296   2366   4109   7112  11805  18707  28490  41943  59746  82500 110563 143686 181744 223624 268087 313516 358959 402722 443405 479664 511350 538532 560791 578519 592310 602554 610218 615878 619725 622501 624562 
113      0      0      0      0      0      0      0      0      0      0      0      0      0      0      0      0      0      0      0      1      2     13     26     68    142    305    648   1253   2385   4306   7649  12851  21169  33404  50861  75224 107327 148417 198709 258216 326192 401802 481287 563221 644423 721982 794482 860551 917982 966352 1006474 1038780 1063593 1082382 1096186 1106099 1113246 1118223 1121752 
114      0      0      0      0      0      0      0      0      0      0      0      0      0      0      0      0      0      0      1      1      1      8     27     46     92    191    388    751   1459   2728   4837   8238  13514  21256  32111  47197  67258  92713 124026 161349 203629 250230 299758 351512 402565 451441 496646 537862 573565 603688 629025 648843 664159 675594 684160 690345 694937 697982 700245 
115      0      0      0      0      0      0      0      0      0      0      0      0      0      0      0      0      0      0      0      2      5     12     30     53    116    258    505   1013   1969   3711   6411  10893  17719  28233  42843  62777  89406 123865 165681 215358 271753 333962 400591 468279 536151 601317 661856 716172 763560 803795 836907 863460 884242 900030 911491 919754 925675 929824 932773 
116      0      0      0      0      0      0      0      0      0      0      0      0      0      0      0      0      0      0      0      1      6     19     34     79    164    339    657   1297   2366   4391   7756  13058  21501  33979  51737  76054 108503 149903 200860 261284 329807 405855 486578 569724 651840 730998 804680 871441 929280 978363 1018474 1050561 1075588 1094390 1108381 1118437 1125667 1130745 1134365 
117      0      0      0      0      0      0      0      0      0      0      0      0      0      0      0      0      0      0      0      1      3     10     26     55    119    283    609   1186   2174   4062   7052  11981  19601  30935  47320  69683  99065 136928 183473 238011 300768 369745 443513 518987 594302 666701 733535 794225 846955 891485 928207 957709 980552 997613 1010370 1019591 1026181 1030759 1034003 
118      0      0      0      0      0      0      0      0      0      0      0      0      0      0      0      0      0      0      0      0      0      4     16     39     85    185    361    694   1309   2450   4273   7309  12060  18913  28884  42960  61288  84560 113532 147829 187201 230510 276264 323412 369863 414758 456550 494243 527228 554877 578011 596340 610577 621069 628996 634742 638782 641679 643700 
119      0      0      0      0      0      0      0      0      0      0      0      0      0      0      0      0      0      0      0      1      7     15     34     75    168    403    825   1618   3075   5663   9908  16883  27675  43426  66153  97993 139466 192915 258302 335262 423878 521463 624868 730996 836619 938249 1032689 1117576 1191895 1254800 1306458 1347733 1379572 1403716 1421551 1434453 1443438 1449926 1454691 
120      0      0      0      0      0      0      0      0      0      0      0      0      0      0      0      0      0      0      0      1      6     12     37     80    168    314    621   1211   2360   4395   7642  13010  21354  33645  51531  76449 109272 151207 202304 263748 332458 408964 489914 573467 656449 735911 810322 877327 935441 985179 1025995 1058376 1083251 1102455 1116457 1126573 1133775 1138861 1142464 
121      0      0      0      0      0      0      0      0      0      0      0      0      0      0      0      0      0      0      0      2      4     17     35     68    156    295    616   1238   2446   4535   7992  13884  22793  35896  54710  80353 114645 158482 212521 276111 348332 428158 513135 600571 687581 771043 848383 918436 979474 1031223 1073856 1107670 1133851 1153829 1168504 1178969 1186542 1191788 1195612 
122      0      0      0      0      0      0      0      0      0      0      0      0      0      0      0      0      0      0      0      0      4     13     34     93    208    430    852   1630   3167   5821  10404  17906  29356  46340  70516 104340 148714 205769 276107 359432 454129 558993 669973 784457 897439 1006104 1107852 1198925 1278400 1346452 1401610 1446025 1480158 1506002 1525235 1539127 1548903 1556008 1560924 
123      0      0      0      0      0      0      0      0      0      0      0      0      0      0      0      0      0      0      0      1      4      8     19     62    155    354    733   1460   2726   5032   8795  14869  24258  38356  58407  85856 122491 169328 227105 294885 372548 457877 548678 642015 734496 823236 906559 982114 1047183 1103025 1148471 1184647 1212598 1233773 1249502 1261067 1269077 1274918 1279034 
124      0      0      0      0      0      0      0      0      0      0      0      0      0      0      0      0      1      1      1      6     10     19     42     92    187    401    779   1489   2867   5252   9159  15710  25638  40311  61499  90362 129189 178695 239421 311406 392717 483285 579249 678003 775868 869642 956915 1036473 1105318 1164045 1212332 1251004 1281045 1303558 1320198 1332170 1340773 1346945 1351239 
125      0      0      0      0      0      0      0      0      0      0      0      0      0      0      0      0      0      1      2      3      4     10     33     72    162    339    689   1330   2499   4576   8016  13674  22476  35475  54162  79954 113815 156966 209953 272687 344426 423256 506959 593013 678819 761812 838870 908268 968808 1019747 1061628 1095211 1121215 1140708 1155087 1165821 1173304 1178683 1182461 
126      0      0      0      0      0      0      0      0      0      0      0      0      0      0      0      0      0      0      0      1      4     17     42     95    198    453    919   1848   3641   6720  11696  19907  32444  51008  77686 114333 163229 225609 301628 392363 496123 609888 731320 855775 979059 1097489 1207837 1307037 1394046 1467721 1528530 1576838 1614165 1642741 1663744 1678858 1689530 1697163 1702582 
127      0      0      0      0      0      0      0      0      0      0      0      0      0      0      0      0      0      0      0      1      1      9     37     75    175    361    724   1444   2760   4942   8776  14911  24507  38706  58864  86845 123849 171277 229382 298528 376953 463193 555391 650278 744972 835421 919428 994744 1060937 1116939 1163329 1200234 1228765 1250429 1266480 1277963 1286220 1292058 1296076 
128      0      0      0      0      0      0      0      0      0      0      0      0      0      0      0      0      0      0      0      1      1      3     12     26     60    115    240    472    903   1603   2899   4910   7964  12674  19340  28778  41119  56670  75856  98567 124631 153243 184054 215533 246960 276736 304422 329348 351371 369761 385116 397294 406686 413781 419000 422896 425601 427511 428856 
129      0      0      0      0      0      0      0      0      0      0      0      0      0      0      0      0      0      0      0      3      8     20     49    103    196    389    785   1514   2858   5206   9089  15298  25299  39861  60899  89450 127471 175734 235365 305673 385958 474533 568859 666272 762455 855321 941258 1018851 1086411 1143822 1190686 1228360 1257680 1279930 1296299 1308138 1316650 1322848 1327064 
130      0      0      0      0      0      0      0      0      0      0      0      0      0      0      0      0      0      0      0      1      6     16     38     75    163    310    595   1154   2153   3869   6708  11385  18639  29490  44845  66109  94532 130763 175190 227509 287476 353621 423819 496749 568689 637904 701849 759856 810402 853002 888149 916373 938492 954986 967205 976115 982564 987028 990165 
131      0      0      0      0      0      0      0      0      0      0      0      0      0      0      0      0      0      0      0      2      7     25     56    117    235    504   1017   1998   3789   6904  12166  20559  33753  53373  81688 120401 172172 237838 318582 413953 522531 642445 770297 900600 1030545 1155476 1272318 1377128 1469181 1546875 1610548 1661467 1700854 1731048 1753131 1768963 1780247 1788318 1793998 
132      0      0      0      0      0      0      0      0      0      0      0      0      0      0      0      0      0      0      1      1      5     13     27     61    129    248    442    887   1682   3072   5467   9162  15026  23910  36387  53589  76346 105123 140540 182567 230614 283780 340063 398088 455066 510431 561844 608193 648909 682954 711225 733729 751459 764749 774355 781422 786382 789833 792345 
133      0      0      0      0      0      0      0      0      0      0      0      0      0      0      0      0      0      0      0      0      2      5     18     40     91    202    380    753   1430   2615   4566   7831  12729  20438  31083  45749  64975  89570 120155 156005 197098 242359 290742 340577 389682 436863 480925 520265 554719 583667 607667 626933 641950 653356 661720 667813 672150 675168 677312 
134      0      0      0      0      0      0      0      0      0      0      0      0      0      0      0      0      0      0      0      4      8     16     29     82    186    391    822   1578   3064   5600   9933  16851  27684  43958  67122  98736 141196 194909 260570 338985 427555 525724 630389 737313 844007 946458 1041438 1127258 1202223 1265637 1317503 1359365 1391585 1416117 1434155 1447100 1456415 1463056 1467657 
135      0      0      0      0      0      0      0      0      0      0      0      0      0      0      0      0      0      1      2      4      7     15     47    112    250    489    951   1874   3604   6582  11590  19842  32592  51593  78469 115844 165323 228432 306313 397650 502437 617523 739416 864861 989650 1109738 1221313 1321563 1410330 1484830 1546130 1595034 1632933 1661855 1683098 1698572 1709662 1717322 1722832 
136      0      0      0      0      0      0      0      0      0      0      0      0      0      0      0      0      0      0      1      3      8     15     32     96    209    434    839   1700   3162   5773  10181  17385  28377  44901  68661 101889 145272 201320 269766 350885 442963 544993 653621 764887 875587 982010 1080875 1169558 1248193 1314324 1368791 1411937 1445532 1470958 1489822 1503538 1513069 1519891 1524812 
137      0      0      0      0      0      0      0      0      0      0      0      0      0      0      0      0      0      0      1      1      3      4     15     28     64    160    323    636   1190   2198   3951   6633  10931  17258  26695  39318  55956  77092 103295 134010 169364 207977 249105 291400 333540 374459 412031 446181 475696 500851 521504 537845 550598 560312 567485 572773 576495 579144 581006 
138      0      0      0      0      0      0      0      0      0      0      0      0      0      0      0      0      0      0      1      1      2      5     16     36     96    203    420    802   1463   2616   4686   7969  13001  20525  31502  46305  65874  91203 122169 158859 200641 246753 295787 345813 395566 443379 488126 528437 563950 593684 618430 637988 653228 664597 672948 679077 683312 686361 688616 
139      0      0      0      0      0      0      0      0      0      0      0      0      0      0      0      0      0      0      0      1      4     11     19     46    115    247    490    961   1820   3351   5809   9697  15796  25056  38428  56673  80719 111619 149044 193568 244750 300983 360844 422445 483788 542779 597578 647027 690455 726993 756897 780827 799281 813260 823816 831301 836653 840300 843031 
140      0      0      0      0      0      0      0      0      0      0      0      0      0      0      0      0      0      0      0      0      1     12     25     59    122    262    536   1091   2102   3774   6628  11210  18236  28923  44027  64851  92497 127682 171299 222303 280505 344913 413683 484033 554051 621394 684377 741104 790178 832380 866792 894009 915166 931345 943215 951830 957969 962322 965430 
141      0      0      0      0      0      0      0      0      0      0      0      0      0      0      0      0      0      1      1      4      9     14     35     69    166    335    690   1352   2596   4738   8322  14197  23395  36936  56385  83208 118869 164078 219482 285108 359746 442029 529705 620110 709948 796630 877038 949355 1012028 1065584 1109659 1144966 1172433 1192945 1208005 1219137 1226981 1232500 1236557 
142      0      0      0      0      0      0      0      0      0      0      0      0      0      0      0      0      0      0      1      1      4     19     38     80    189    355    723   1453   2810   5140   8883  15024  24807  39211  59835  88306 125915 173711 232993 302801 382430 470090 563399 659167 754729 846094 930906 1008244 1075626 1132146 1178853 1216530 1245483 1267468 1283644 1295377 1303763 1309501 1313484 
143      0      0      0      0      0      0      0      0      0      0      0      0      0      0      0      0      0      0      0      2      4     10     27     55    116    242    487    931   1734   3309   5928   9997  16382  25848  39512  58080  83081 114788 153723 199724 252529 310371 371590 435193 498120 559047 615333 666007 710469 748257 779078 803721 822646 837176 847703 855576 861069 864937 867669 
144      0      0      0      0      0      0      0      0      0      0      0      0      0      0      0      0      0      0      0      0      2      5     15     36     66    142    281    567   1115   1980   3512   6076   9847  15471  23666  34653  49709  68877  92239 119611 151413 185798 222425 260536 298576 334644 368264 398940 425374 447596 466165 480843 492157 500813 507102 511690 514977 517342 519009 
145      0      0      0      0      0      0      0      0      0      0      0      0      0      0      0      0      0      1      3      5      6     17     49    100    222    455    956   1869   3424   6261  11032  18515  30453  48257  74013 108762 155261 214546 286997 372924 471216 579502 694939 812609 930296 1043152 1147962 1242564 1325077 1395036 1452243 1498344 1533982 1560601 1580341 1594548 1604775 1612023 1617223 
146      0      0      0      0      0      0      0      0      0      0      0      0      0      0      0      0      0      0      1      3      4     17     45    100    205    449    935   1888   3573   6470  11449  19233  31532  49802  76044 112177 160232 221112 295777 385183 486247 597859 716624 837905 958398 1074382 1182495 1280227 1365396 1437318 1496637 1544193 1580837 1608531 1629090 1643793 1654492 1661990 1667324 
147      0      0      0      0      0      0      0      0      0      0      0      0      0      0      0      0      0      0      0      0      1      5     11     38     94    190    424    849   1564   2796   5000   8467  13899  22094  33539  49307  70499  97503 130690 169890 214302 263369 315355 368892 422360 473601 521368 564243 601553 633319 659330 680073 696464 708669 717639 724243 728806 732174 734632 
148      0      0      0      0      0      0      0      0      0      0      0      0      0      0      0      0      0      0      0      0      1      7     18     56    120    261    556   1088   2069   3788   6696  11360  18639  29388  44552  65666  93512 129368 173352 225334 284604 349542 419074 490157 560891 628485 691839 749435 799199 841568 876080 903909 925565 941867 954109 962827 968998 973348 976474 
149      0      0      0      0      0      0      0      0      0      0      0      0      0      0      0      0      0      0      0      0      1      5     24     53    118    273    602   1185   2220   4003   7026  11919  19556  30746  46763  69278  99021 136794 183052 237981 300736 369921 443206 518248 593446 665003 732062 792564 844900 889655 926359 955365 978095 995114 1007872 1017111 1023712 1028302 1031551 
150      0      0      0      0      0      0      0      0      0      0      0      0      0      0      0      0      0      0      0      2      4     16     40     95    231    493    988   1966   3689   6790  12141  20714  33753  53151  81523 120074 171320 237055 318057 412954 521942 641306 768863 900219 1031244 1156136 1273325 1377805 1469752 1547364 1611412 1662487 1701931 1731606 1753593 1769536 1780946 1789038 1794767 
151      0      0      0      0      0      0      0      0      0      0      0      0      0      0      0      0      0      0      0      1      2      8     24     52    133    310    665   1343   2535   4624   8194  13765  22724  35995  55128  81316 115943 160018 214292 278820 351938 432378 518407 606719 694022 778304 856634 927444 988621 1041327 1084319 1118640 1145305 1165455 1180354 1191115 1198696 1204177 1208136 
152      0      0      0      0      0      0      0      0      0      0      0      0      0      0      0      0      0      0      0      1      1      6      9     26     66    151    320    644   1176   2143   3734   6448  10618  16883  25979  38243  54403  75427 101023 131442 166126 204197 244801 286765 328315 367767 404862 438226 467549 492421 512779 528812 541366 550821 557856 562844 566488 568985 570855 
153      0      0      0      0      0      0      0      0      0      0      0      0      0      0      0      0      0      0      0      0      0      3      9     26     65    133    305    607   1163   2109   3780   6422  10296  16255  24718  36298  51851  71509  95736 124477 157400 193449 231636 270927 309969 347525 382588 414173 441798 465121 484263 499749 511762 520868 527569 532418 535838 538194 539955 
154      0      0      0      0      0      0      0      0      0      0      0      0      0      0      0      0      0      0      1      1      2      3     24     45    109    222    435    876   1657   3085   5559   9393  15442  24288  37153  54872  78586 108346 145050 188556 238668 293191 351494 411313 470843 528108 581478 629822 671559 706823 736157 759545 777686 791344 801614 808939 814189 817913 820618 
155      0      0      0      0      0      0      0      0      0      0      0      0      0      0      0      0      0      0      0      1      2     12     27     63    127    241    502    995   1911   3500   6177  10335  16824  26513  40540  59930  85493 118363 159020 206691 260739 320883 384450 449546 514373 576602 634780 687277 733313 772045 803608 829087 848658 863621 874518 882570 888248 892236 894970 
156      0      0      0      0      0      0      0      0      0      0      0      0      0      0      0      0      0      0      0      0      1      2     10     38     75    161    346    669   1224   2280   4114   7023  11381  17897  27074  39990  57218  79080 105871 137645 174003 214166 256735 300189 343478 385355 423948 459088 489514 515197 536277 553278 566459 576449 583906 589205 592967 595653 597517 
157      0      0      0      0      0      0      0      0      0      0      0      0      0      0      0      0      0      0      0      2      6     13     38     85    185    406    856   1754   3311   6063  10695  18228  29876  47331  72669 107060 152471 210681 282648 366988 463419 569385 682626 799164 915285 1027005 1130433 1224132 1305641 1374210 1431077 1475953 1511242 1537488 1556843 1571064 1581090 1588141 1593233 
158      0      0      0      0      0      0      0      0      0      0      0      0      0      0      0      0      0      0      1      4      8     11     42     84    197    454    934   1824   3478   6344  11208  19098  31137  49229  75234 111013 158094 218315 292640 379965 479974 590959 708439 828952 948873 1063886 1170950 1267521 1351569 1423079 1481180 1528030 1564558 1592139 1612539 1627206 1637681 1645092 1650370 
159      0      0      0      0      0      0      0      0      0      0      0      0      0      0      0      0      1      1      2      4     10     17     40     78    188    432    907   1826   3452   6354  11341  19308  31826  50485  76839 113463 161940 223532 299022 389227 492161 605314 725312 848862 971888 1090356 1200066 1298748 1385192 1458410 1518024 1565702 1602830 1630911 1651530 1666716 1677594 1685281 1690628 
160      0      0      0      0      0      0      0      0      0      0      0      0      0      0      0      0      0      0      0      0      2      8     18     50    108    226    429    823   1569   2853   4987   8462  13776  21746  33184  49212  70176  96907 130017 168821 213083 261890 313897 367526 420654 471916 519661 562419 599637 631291 657611 678355 694376 706391 715403 722019 726720 730009 732336 
161      0      0      0      0      0      0      0      0      0      0      0      0      0      0      0      0      0      0      0      1      3      6     14     29     60    131    278    564   1110   2046   3549   6195  10100  16021  24379  35835  51163  70525  94203 122481 154718 189954 227858 266454 304649 341613 376058 407334 434525 457396 476495 491618 503238 511950 518518 523314 526726 529117 530825 
162      0      0      0      0      0      0      0      0      0      0      0      0      0      0      0      0      0      0      0      0      3      8     25     49    111    242    504    999   1928   3489   6111  10462  17142  27046  41165  60961  86532 119431 160217 208145 263478 323886 388164 453982 519273 582273 640886 693596 739643 778530 810761 836537 856560 871616 882594 890637 896292 900372 903297 
163      0      0      0      0      0      0      0      0      0      0      0      0      0      0      0      0      0      0      0      3      7     10     22     51    109    216    420    805   1461   2637   4655   8044  13147  20773  31792  47223  67438  93163 124764 162057 204706 251807 301617 353019 403878 452828 498568 539435 574693 605009 630034 649811 665267 676897 685326 691543 696075 699151 701382 
164      0      0      0      0      0      0      0      0      0      0      0      0      0      0      0      0      0      0      0      0      3     14     38     87    201    390    784   1543   2840   5234   9152  15445  25246  39678  60655  89836 128302 177854 237601 308562 390443 480135 575402 673895 771111 864913 952089 1030976 1099591 1157457 1205249 1243563 1273368 1295811 1312249 1324234 1332748 1338713 1343067 
165      0      0      0      0      0      0      0      0      0      0      0      0      0      0      0      0      0      0      1      3      9     27     52    115    241    518   1060   2032   3956   7217  12812  21718  35569  56413  86020 127319 181293 250727 335144 435662 550187 677490 812439 951124 1088850 1220872 1343215 1453506 1550110 1631959 1699496 1753125 1794780 1826374 1849670 1866481 1878457 1887139 1893148 
166      0      0      0      0      0      0      0      0      0      0      0      0      0      0      0      0      0      1      1      4      7     20     38    103    247    513   1018   1934   3665   6652  11566  19674  32387  51446  78395 115794 165184 228460 306067 397736 503147 618676 741410 867970 993563 1114149 1225647 1327084 1415549 1490286 1551573 1600288 1638376 1667286 1688717 1704324 1715299 1723012 1728602 
167      0      0      0      0      0      0      0      0      0      0      0      0      0      0      0      0      0      0      0      0      0      3     14     34     85    198    386    779   1475   2708   4672   8047  13115  20860  32003  47087  67184  92789 123940 161323 203784 250642 300395 351430 402134 451436 496584 537469 573623 603754 628384 648144 663604 675286 683938 690227 694682 697956 700151 
168      0      0      0      0      0      0      0      0      0      0      0      0      0      0      0      0      0      0      0      1      3     11     21     50     98    217    454    899   1709   3190   5663   9621  15832  24884  38048  55825  79250 109474 146456 190438 240750 296208 354864 415533 475747 533524 587145 635442 677566 713381 742740 766298 784727 798817 808926 816349 821700 825416 828089 
169      0      0      0      0      0      0      0      0      0      0      0      0      0      0      0      0      0      0      0      2      9     22     66    145    322    730   1480   2977   5587  10220  17971  30320  49657  78393 119397 176399 251924 348712 467227 607149 767676 943480 1130925 1322944 1514336 1698124 1869262 2024102 2158295 2272380 2366749 2441888 2499791 2543182 2575562 2599018 2615701 2627542 2635921 
170      0      0      0      0      0      0      0      0      0      0      0      0      0      0      0      0      0      0      1      2     14     22     54    100    216    468    931   1843   3609   6568  11507  19474  31959  50508  76833 112905 161188 222549 298103 387427 489613 602509 721659 844509 966512 1083712 1192397 1290393 1376242 1449496 1508416 1556037 1593163 1621028 1641609 1656455 1667051 1674632 1680013 
171      0      0      0      0      0      0      0      0      0      0      0      0      0      0      0      0      0      0      0      0      1      2      6     13     42     80    177    341    680   1244   2187   3720   6080   9536  14656  21584  30670  42427  56997  73947  93506 114973 137979 161503 184878 207403 228180 246892 263115 277206 288911 298008 305171 310505 314390 317309 319383 320775 321787 
172      0      0      0      0      0      0      0      0      0      0      0      0      0      0      0      0      0      0      1      1      3      6     10     25     65    128    291    555   1070   1969   3531   5908   9594  15156  23387  34464  49126  68023  91136 118535 150170 184751 221535 259227 296624 332594 366021 396246 422898 445580 463773 478379 489690 498335 504843 509344 512674 515042 516727 
173      0      0      0      0      0      0      0      0      0      0      0      0      0      0      0      0      0      0      0      2      6     23     44     92    207    485    982   1945   3717   6754  11808  20236  32959  52332  79798 118054 168592 232546 311400 404555 510780 628333 753724 882575 1009736 1132850 1247081 1350367 1440410 1516349 1579054 1629076 1667834 1697060 1718853 1734427 1745526 1753339 1758928 
174      0      0      0      0      0      0      0      0      0      0      0      0      0      0      0      0      0      0      1      3      9     23     47    114    253    532   1146   2248   4318   8025  13954  23744  39078  61958  94491 139498 198991 274607 367779 478150 603986 742866 890609 1042596 1193344 1338434 1472859 1594135 1700297 1790715 1864913 1923898 1969672 2004143 2029790 2048145 2061462 2070641 2077256 
175      0      0      0      0      0      0      0      0      0      0      0      0      0      0      0      0      0      0      2      4      7     14     35     85    182    384    824   1637   3067   5557   9760  16430  26832  42329  64697  95519 136032 187833 251802 327455 413421 508271 609282 711871 814569 912796 1004686 1087203 1159524 1221000 1271346 1311577 1342729 1366562 1384142 1396841 1405744 1412086 1416509 
176      0      0      0      0      0      0      0      0      0      0      0      0      0      0      0      0      0      0      0      2      6     18     33     81    200    422    889   1834   3457   6321  11169  19014  31024  49007  74984 110705 157783 218173 292342 380068 479722 589001 705849 826015 945474 1059921 1166685 1262585 1347295 1418494 1476691 1523573 1560045 1587490 1607812 1622322 1632804 1640260 1645638 
177      0      0      0      0      0      0      0      0      0      0      0      0      0      0      0      0      0      0      0      0      0      1      9     20     61    123    238    468    902   1694   2952   4877   8010  12604  19264  28529  40872  56248  75442  98147 124081 152699 182895 213946 244866 274301 301655 326643 348229 366698 381928 394202 403749 410862 416073 419852 422582 424522 425846 
178      0      0      0      0      0      0      0      0      0      0      0      0      0      0      0      0      0      0      1      1      2      6     10     21     47     93    184    353    675   1303   2283   3903   6277   9951  15201  22646  32058  44194  59325  77128  97261 119620 143512 167741 192106 215345 237317 256862 273780 288184 300084 309720 317240 322880 327052 330012 332208 333701 334764 
179      0      0      0      0      0      0      0      0      0      0      0      0      0      0      0      0      0      0      0      0      1      4     12     30     66    135    276    520    992   1807   3249   5413   8834  13826  21201  31286  44498  61422  82486 107209 135379 166387 199293 232823 266533 298663 328608 356076 379772 399672 416259 429448 439758 447419 453172 457500 460541 462564 464023 
180      0      0      0      0      0      0      0      0      0      0      0      0      0      0      0      0      0      0      1      2      4      6     11     21     39     82    171    376    751   1356   2451   4128   6840  10749  16368  24091  34448  47568  63594  82603 104332 128163 153791 180131 206588 231362 254390 275218 293525 309156 321740 332065 339914 346067 350528 353770 355999 357563 358693 
181      0      0      0      0      0      0      0      0      0      0      0      0      0      0      0      0      0      0      0      1      2      5     22     49    108    221    448    864   1620   2969   5172   8795  14480  22764  34816  51285  73056 100941 135582 176010 222352 273747 327656 383850 439771 493004 542663 587544 626355 659372 686750 708694 725623 738381 747793 754625 759507 762889 765328 
182      0      0      0      0      0      0      0      0      0      0      0      0      0      0      0      0      0      0      0      1      5     16     28     62    157    353    694   1364   2640   4751   8382  14141  23087  36342  55580  82078 116827 161442 216549 281872 356235 438200 524714 613622 702209 787001 866258 937354 999824 1052498 1095999 1130746 1157807 1178204 1193426 1204280 1211994 1217504 1221441 
183      0      0      0      0      0      0      0      0      0      0      0      0      0      0      0      0      0      1      2      2      8     17     37     86    188    430    894   1692   3268   5960  10584  18139  29890  47255  72394 106829 152216 210373 281123 365799 461768 567900 680556 796346 911317 1022425 1125474 1218252 1299270 1368520 1424505 1469560 1504393 1530526 1550050 1564034 1574276 1581261 1586285 
184      0      0      0      0      0      0      0      0      0      0      0      0      0      0      0      0      0      0      0      2      2      8     12     31     83    170    342    685   1295   2379   4159   7041  11676  18561  28314  42054  60074  83063 111151 144349 181995 224251 268677 314670 360225 404159 445008 481502 513704 540742 562984 580648 594264 604821 612647 618224 622260 625099 627089 
185      0      0      0      0      0      0      0      0      0      0      0      0      0      0      0      0      0      0      0      1      7     15     33     76    170    364    760   1494   2838   5211   9218  15568  25590  40168  61297  90421 128892 177782 238015 309523 391303 480903 575904 673193 769840 863378 949397 1028176 1097038 1154742 1202133 1240211 1269876 1292109 1308573 1320544 1329016 1335002 1339222 
186      0      0      0      0      0      0      0      0      0      0      0      0      0      0      0      0      0      0      0      4      9     24     54    131    275    606   1222   2390   4513   8140  14285  24373  39988  63400  96631 142470 203659 280332 375092 487277 615992 757618 908310 1062928 1216709 1363568 1500386 1624365 1732809 1824212 1899616 1959963 2007286 2042734 2068731 2087616 2100765 2110359 2117114 
187      0      0      0      0      0      0      0      0      0      0      0      0      0      0      0      0      0      0      0      3      7     12     23     51    112    236    494   1011   1859   3456   6040  10213  16628  26247  40215  59113  84157 116371 155836 202578 255878 314625 377080 441578 505757 567104 624249 675458 720220 757893 789468 814517 833781 848253 859139 866911 872389 876257 879042 
188      0      0      0      0      0      0      0      0      0      0      0      0      0      0      0      0      0      0      1      3      5      9     36     83    184    377    747   1541   2947   5490   9531  16372  26553  41928  63907  94480 134703 185743 249421 324429 409797 503957 604323 707472 810256 908783 999910 1082425 1154339 1215570 1265843 1305869 1336903 1360391 1377668 1390260 1399252 1405570 1410061 
189      0      0      0      0      0      0      0      0      0      0      0      0      0      0      0      0      0      0      0      3      6     16     32     71    142    279    564   1094   2097   3869   6730  11632  19083  29963  45932  68063  96920 133838 178984 233242 294732 362853 434565 508282 582311 652678 718646 778141 829503 873465 909728 938165 960657 977289 989647 998730 1005170 1009703 1012959 
190      0      0      0      0      0      0      0      0      0      0      0      0      0      0      0      0      0      0      0      0      4     10     24     44    103    220    458    879   1629   3045   5409   9117  14911  23483  35892  53067  75764 104706 140356 182490 230282 282898 338552 396240 453599 508969 560441 606698 647249 681480 709780 732305 749607 762815 772424 779380 784537 788190 790649 
191      0      0      0      0      0      0      0      0      0      0      0      0      0      0      0      0      0      0      0      0      1      7     19     57    116    277    509   1002   1818   3272   5723   9643  15764  24953  37913  55731  79593 110001 147134 190951 241351 296715 355571 416060 476063 533643 587655 636119 678491 714415 743534 767187 785586 799557 809747 817183 822437 826158 828765 
192      0      0      0      0      0      0      0      0      0      0      0      0      0      0      0      0      1      1      1      2      4     12     17     50    119    245    512   1049   1961   3600   6446  10996  18213  28751  44062  64817  92424 127567 170616 221446 279753 344241 412120 482106 551845 618512 681032 736964 786052 827736 861876 889281 910600 926753 938592 947108 953148 957453 960519 
193      0      0      0      0      0      0      0      0      0      0      0      0      0      0      0      0      0      0      0      0      3     11     33     83    191    397    825   1610   3027   5551   9891  16896  27697  43734  66974  98907 141500 195593 262120 340541 430018 529225 634193 742512 850415 953482 1049002 1135536 1211597 1275921 1328347 1370270 1402866 1427530 1445556 1458638 1468039 1474705 1479434 
194      0      0      0      0      0      0      0      0      0      0      0      0      0      0      0      0      0      0      0      1      3     12     30     83    190    405    816   1560   2919   5299   9357  15945  25940  41239  62826  92600 132232 182930 244848 318766 402928 495772 594071 695272 796194 892875 982869 1063629 1134426 1194319 1243794 1282946 1313223 1336363 1353550 1365815 1374722 1380967 1385409 
195      0      0      0      0      0      0      0      0      0      0      0      0      0      0      0      0      0      0      0      2      4     11     23     55    111    252    500    939   1763   3230   5626   9560  15819  25143  38460  56556  80540 111198 149271 194183 244807 300626 360039 421392 481943 540271 594694 644379 687154 723649 753514 777252 795915 810031 820531 828115 833316 837129 839777 
196      0      0      0      0      0      0      0      0      0      0      0      0      0      0      0      0      0      0      0      0      3     10     25     52    108    245    520   1020   1898   3481   6131  10586  17593  27990  42768  62837  89576 123702 165943 215641 272221 334960 401386 469964 537973 603373 664459 719355 767052 807397 840874 867435 888223 903663 915057 923480 929421 933633 936653 
197      0      0      0      0      0      0      0      0      0      0      0      0      0      0      0      0      0      0      0      1      3      7     25     67    144    293    541   1015   1948   3558   6258  10659  17281  27469  41969  62148  88885 122986 164785 214251 270543 332458 398571 466909 534095 599351 660006 714511 761663 801406 834421 860735 881394 896991 908460 916782 922658 926883 929870 
198      0      0      0      0      0      0      0      0      0      0      0      0      0      0      0      0      0      0      0      1      3     13     39    102    213    409    823   1665   3219   5939  10569  17883  29296  46401  70785 104345 148541 205259 274988 357836 451984 555659 665872 778832 892030 1000444 1101503 1192160 1271717 1338968 1393650 1437355 1471625 1497823 1516891 1530764 1540642 1547669 1552634 
199      0      0      0      0      0      0      0      0      0      0      0      0      0      0      0      0      0      0      0      0      4      7     23     72    156    362    730   1460   2831   5235   9103  15505  25529  40258  61682  90794 129587 178899 240190 312009 394544 485034 581067 680399 778326 872845 960846 1040493 1110212 1169109 1217100 1255235 1284835 1307535 1324242 1336202 1344839 1351153 1355489 
