000 6663394 6663391 6663389 6663383 6663373 6663358 6663335 6663294 6663240 6663193 6663138 6663075 6663025 6662995 6662965 6662957 6662952 6662945 6662945 6662945 6662945 6662945 6662944 6662944 
001 6663394 6663392 6663388 6663384 6663378 6663363 6663352 6663323 6663291 6663260 6663222 6663186 6663160 6663129 6663108 6663103 6663099 6663098 6663097 6663097 6663097 6663097 6663097 6663097 
002 6663394 6663393 6663386 6663380 6663369 6663347 6663328 6663287 6663239 6663182 6663127 6663062 6663007 6662967 6662946 6662932 6662923 6662922 6662920 6662919 6662918 6662918 6662916 6662916 
003 6663394 6663392 6663388 6663384 6663373 6663360 6663337 6663303 6663246 6663190 6663136 6663069 6663033 6662988 6662965 6662958 6662948 6662946 6662945 6662945 6662945 6662944 6662944 6662944 
004 6663394 6663393 6663389 6663385 6663374 6663360 6663342 6663320 6663279 6663247 6663197 6663156 6663129 6663111 6663098 6663091 6663088 6663087 6663087 6663086 6663086 6663086 6663086 6663086 
005 6663394 6663390 6663388 6663383 6663372 6663357 6663327 6663294 6663253 6663199 6663142 6663088 6663040 6663005 6662994 6662980 6662973 6662971 6662968 6662968 6662968 6662968 6662968 6662967 
006 6663394 6663392 6663391 6663387 6663381 6663376 6663366 6663345 6663320 6663287 6663250 6663215 6663186 6663166 6663159 6663150 6663148 6663147 6663146 6663146 6663145 6663145 6663145 6663145 
007 6663394 6663393 6663393 6663389 6663388 6663384 6663376 6663367 6663341 6663316 6663291 6663266 6663250 6663238 6663232 6663227 6663226 6663225 6663225 6663225 6663224 6663224 6663224 6663224 
008 6663394 6663393 6663390 6663389 6663383 6663374 6663362 6663343 6663316 6663285 6663249 6663220 6663192 6663175 6663165 6663161 6663157 6663155 6663154 6663154 6663154 6663154 6663154 6663154 
009 6663394 6663394 6663394 6663394 6663394 6663391 6663391 6663387 6663385 6663382 6663373 6663367 6663365 6663363 6663360 6663360 6663360 6663359 6663358 6663358 6663358 6663358 6663358 6663358 
010 6663394 6663392 6663389 6663386 6663375 6663348 6663313 6663270 6663213 6663153 6663093 6663019 6662968 6662927 6662897 6662882 6662871 6662868 6662866 6662866 6662865 6662865 6662864 6662864 
011 6663394 6663393 6663390 6663387 6663383 6663371 6663348 6663320 6663277 6663228 6663192 6663143 6663115 6663082 6663062 6663055 6663047 6663041 6663040 6663040 6663040 6663040 6663040 6663040 
012 6663394 6663394 6663389 6663386 6663381 6663377 6663362 6663343 6663315 6663276 6663243 6663209 6663180 6663151 6663139 6663129 6663128 6663126 6663125 6663125 6663124 6663124 6663124 6663124 
013 6663394 6663393 6663392 6663391 6663387 6663381 6663371 6663363 6663346 6663323 6663299 6663277 6663259 6663248 6663242 6663233 6663226 6663226 6663226 6663226 6663226 6663226 6663226 6663226 
014 6663394 6663394 6663393 6663391 6663386 6663375 6663366 6663352 6663332 6663305 6663280 6663251 6663233 6663218 6663205 6663199 6663196 6663195 6663194 6663194 6663193 6663192 6663192 6663192 
015 6663394 6663393 6663387 6663379 6663361 6663341 6663319 6663284 6663231 6663164 6663101 6663024 6662973 6662938 6662916 6662901 6662891 6662890 6662889 6662889 6662889 6662889 6662889 6662888 
016 6663394 6663394 6663394 6663394 6663391 6663384 6663376 6663366 6663354 6663339 6663322 6663311 6663303 6663295 6663287 6663286 6663286 6663286 6663286 6663286 6663286 6663285 6663285 6663285 
017 6663394 6663392 6663390 6663382 6663369 6663354 6663335 6663300 6663249 6663186 6663126 6663064 6663029 6662998 6662971 6662956 6662950 6662945 6662945 6662945 6662945 6662945 6662945 6662945 
018 6663394 6663390 6663384 6663372 6663357 6663335 6663303 6663246 6663167 6663082 6662977 6662899 6662813 6662762 6662722 6662697 6662692 6662687 6662685 6662683 6662682 6662682 6662682 6662681 
019 6663394 6663393 6663391 6663387 6663378 6663369 6663351 6663328 6663298 6663268 6663235 6663205 6663176 6663158 6663142 6663134 6663128 6663123 6663123 6663123 6663123 6663122 6663122 6663121 
020 6663394 6663392 6663388 6663381 6663367 6663348 6663317 6663263 6663183 6663116 6663033 6662949 6662886 6662829 6662800 6662790 6662781 6662780 6662778 6662778 6662778 6662777 6662777 6662777 
021 6663394 6663392 6663387 6663381 6663369 6663355 6663329 6663296 6663255 6663188 6663137 6663088 6663045 6663017 6662982 6662968 6662962 6662959 6662959 6662959 6662957 6662956 6662956 6662956 
022 6663394 6663390 6663384 6663372 6663362 6663343 6663309 6663267 6663207 6663138 6663061 6662986 6662930 6662876 6662839 6662815 6662809 6662807 6662805 6662805 6662805 6662803 6662802 6662801 
023 6663394 6663390 6663386 6663380 6663368 6663347 6663310 6663256 6663185 6663100 6663003 6662900 6662823 6662766 6662734 6662712 6662704 6662701 6662700 6662700 6662699 6662697 6662696 6662693 
024 6663394 6663393 6663390 6663386 6663379 6663361 6663341 6663309 6663272 6663223 6663168 6663109 6663051 6663009 6662990 6662982 6662975 6662971 6662969 6662969 6662969 6662969 6662968 6662968 
025 6663394 6663394 6663393 6663393 6663392 6663391 6663387 6663381 6663378 6663371 6663367 6663357 6663349 6663345 6663344 6663343 6663343 6663343 6663343 6663343 6663343 6663343 6663343 6663343 
026 6663394 6663392 6663390 6663385 6663380 6663370 6663345 6663314 6663275 6663235 6663181 6663134 6663104 6663071 6663055 6663043 6663038 6663035 6663035 6663034 6663034 6663034 6663033 6663033 
027 6663394 6663391 6663388 6663384 6663381 6663368 6663340 6663303 6663270 6663202 6663143 6663090 6663041 6663007 6662992 6662981 6662974 6662973 6662973 6662972 6662971 6662971 6662971 6662969 
028 6663394 6663389 6663381 6663372 6663362 6663333 6663297 6663242 6663167 6663087 6662981 6662900 6662829 6662771 6662744 6662727 6662717 6662712 6662709 6662709 6662709 6662709 6662709 6662708 
029 6663394 6663393 6663391 6663388 6663380 6663371 6663354 6663335 6663304 6663277 6663235 6663201 6663165 6663136 6663120 6663110 6663104 6663102 6663101 6663101 6663101 6663101 6663101 6663101 
030 6663394 6663394 6663393 6663391 6663387 6663382 6663367 6663354 6663333 6663301 6663270 6663248 6663229 6663220 6663209 6663203 6663199 6663194 6663194 6663194 6663194 6663194 6663194 6663194 
031 6663394 6663394 6663392 6663386 6663379 6663370 6663349 6663320 6663268 6663218 6663158 6663109 6663074 6663049 6663035 6663026 6663024 6663024 6663024 6663024 6663023 6663023 6663022 6663022 
032 6663394 6663394 6663394 6663392 6663388 6663386 6663382 6663376 6663355 6663340 6663335 6663329 6663321 6663315 6663311 6663307 6663307 6663304 6663304 6663304 6663304 6663303 6663303 6663303 
033 6663394 6663393 6663391 6663387 6663381 6663370 6663351 6663328 6663289 6663243 6663202 6663157 6663102 6663076 6663064 6663059 6663052 6663052 6663052 6663052 6663052 6663050 6663050 6663050 
034 6663394 6663392 6663384 6663377 6663362 6663341 6663316 6663267 6663199 6663123 6663044 6662965 6662915 6662865 6662835 6662820 6662809 6662802 6662800 6662799 6662797 6662797 6662797 6662797 
035 6663394 6663394 6663393 6663390 6663387 6663380 6663371 6663356 6663340 6663321 6663295 6663273 6663254 6663243 6663232 6663230 6663228 6663225 6663225 6663225 6663225 6663225 6663225 6663225 
036 6663394 6663391 6663387 6663380 6663374 6663359 6663336 6663297 6663248 6663203 6663150 6663083 6663044 6663020 6662994 6662980 6662977 6662974 6662973 6662973 6662973 6662973 6662973 6662973 
037 6663394 6663390 6663383 6663369 6663348 6663321 6663276 6663202 6663096 6662978 6662849 6662739 6662644 6662590 6662540 6662511 6662494 6662489 6662487 6662486 6662486 6662485 6662485 6662484 
038 6663394 6663393 6663391 6663389 6663385 6663378 6663370 6663351 6663333 6663300 6663280 6663255 6663236 6663223 6663217 6663212 6663210 6663208 6663208 6663207 6663207 6663207 6663207 6663207 
039 6663394 6663392 6663389 6663385 6663375 6663355 6663327 6663287 6663230 6663177 6663099 6663026 6662962 6662924 6662901 6662892 6662890 6662887 6662887 6662886 6662885 6662885 6662884 6662884 
040 6663394 6663394 6663391 6663384 6663375 6663364 6663343 6663314 6663280 6663233 6663179 6663143 6663109 6663075 6663060 6663057 6663047 6663042 6663042 6663042 6663041 6663041 6663040 6663040 
041 6663394 6663391 6663388 6663384 6663368 6663353 6663332 6663304 6663264 6663207 6663164 6663097 6663054 6663022 6663003 6662995 6662985 6662984 6662983 6662983 6662983 6662982 6662981 6662980 
042 6663394 6663394 6663391 6663385 6663376 6663356 6663331 6663296 6663226 6663164 6663093 6663025 6662970 6662926 6662893 6662878 6662872 6662867 6662866 6662866 6662866 6662865 6662865 6662863 
043 6663394 6663393 6663391 6663386 6663373 6663361 6663339 6663294 6663247 6663191 6663146 6663098 6663051 6663015 6662994 6662983 6662976 6662976 6662976 6662976 6662976 6662976 6662976 6662976 
044 6663394 6663392 6663385 6663375 6663362 6663328 6663284 6663239 6663149 6663055 6662952 6662855 6662774 6662719 6662685 6662668 6662656 6662651 6662649 6662648 6662648 6662648 6662647 6662646 
045 6663394 6663393 6663389 6663385 6663373 6663353 6663337 6663302 6663255 6663209 6663171 6663128 6663094 6663070 6663053 6663047 6663042 6663040 6663039 6663039 6663038 6663038 6663038 6663038 
046 6663394 6663394 6663391 6663388 6663382 6663376 6663363 6663340 6663314 6663289 6663257 6663226 6663202 6663181 6663174 6663169 6663163 6663162 6663161 6663160 6663160 6663160 6663160 6663160 
047 6663394 6663392 6663391 6663386 6663377 6663355 6663329 6663295 6663254 6663185 6663125 6663070 6663007 6662973 6662947 6662939 6662933 6662929 6662927 6662927 6662927 6662927 6662927 6662927 
048 6663394 6663391 6663387 6663377 6663368 6663349 6663321 6663282 6663224 6663159 6663091 6663024 6662982 6662942 6662925 6662910 6662902 6662899 6662898 6662898 6662897 6662896 6662896 6662896 
049 6663394 6663393 6663391 6663391 6663388 6663382 6663370 6663353 6663334 6663310 6663275 6663258 6663237 6663222 6663212 6663206 6663203 6663200 6663199 6663199 6663199 6663199 6663199 6663198 
050 6663394 6663393 6663392 6663389 6663385 6663382 6663375 6663359 6663333 6663299 6663275 6663257 6663245 6663233 6663220 6663215 6663213 6663211 6663211 6663211 6663211 6663211 6663211 6663211 
051 6663394 6663391 6663382 6663375 6663356 6663324 6663267 6663213 6663120 6663009 6662897 6662786 6662697 6662619 6662568 6662550 6662540 6662533 6662532 6662532 6662530 6662529 6662529 6662528 
052 6663394 6663392 6663390 6663383 6663368 6663350 6663319 6663282 6663222 6663146 6663089 6663030 6662980 6662954 6662925 6662912 6662906 6662905 6662905 6662904 6662903 6662903 6662903 6662903 
053 6663394 6663393 6663391 6663388 6663381 6663368 6663352 6663328 6663294 6663266 6663224 6663197 6663169 6663149 6663133 6663120 6663115 6663112 6663112 6663112 6663112 6663112 6663112 6663112 
054 6663394 6663393 6663391 6663381 6663371 6663354 6663321 6663288 6663238 6663173 6663115 6663076 6663032 6662995 6662979 6662968 6662963 6662959 6662957 6662957 6662956 6662955 6662955 6662955 
055 6663394 6663392 6663390 6663382 6663373 6663351 6663327 6663287 6663223 6663154 6663073 6663033 6662962 6662927 6662912 6662898 6662893 6662889 6662888 6662887 6662886 6662885 6662884 6662883 
056 6663394 6663391 6663388 6663382 6663370 6663342 6663317 6663275 6663221 6663149 6663073 6663006 6662950 6662916 6662887 6662869 6662857 6662850 6662849 6662849 6662847 6662847 6662846 6662844 
057 6663394 6663391 6663386 6663381 6663373 6663355 6663335 6663313 6663265 6663212 6663155 6663110 6663071 6663054 6663039 6663026 6663019 6663017 6663016 6663016 6663016 6663015 6663015 6663015 
058 6663394 6663392 6663385 6663376 6663361 6663333 6663291 6663227 6663148 6663046 6662956 6662869 6662788 6662730 6662696 6662672 6662661 6662652 6662652 6662651 6662651 6662651 6662650 6662650 
059 6663394 6663392 6663389 6663381 6663365 6663349 6663314 6663256 6663188 6663120 6663036 6662977 6662914 6662859 6662837 6662827 6662821 6662820 6662816 6662815 6662813 6662813 6662811 6662811 
060 6663394 6663393 6663393 6663387 6663375 6663361 6663351 6663319 6663288 6663249 6663203 6663161 6663127 6663107 6663086 6663076 6663072 6663068 6663067 6663067 6663067 6663064 6663063 6663063 
061 6663394 6663391 6663387 6663379 6663365 6663350 6663327 6663290 6663247 6663180 6663118 6663063 6663015 6662979 6662952 6662946 6662940 6662939 6662937 6662937 6662937 6662937 6662937 6662937 
062 6663394 6663392 6663390 6663387 6663377 6663366 6663348 6663324 6663282 6663235 6663202 6663157 6663125 6663100 6663088 6663079 6663073 6663072 6663071 6663070 6663069 6663069 6663069 6663068 
063 6663394 6663393 6663392 6663390 6663386 6663379 6663370 6663351 6663321 6663280 6663246 6663209 6663167 6663141 6663132 6663121 6663118 6663117 6663115 6663115 6663115 6663115 6663115 6663114 
064 6663394 6663390 6663385 6663374 6663362 6663338 6663300 6663240 6663170 6663083 6663022 6662940 6662856 6662803 6662769 6662745 6662733 6662732 6662730 6662729 6662729 6662729 6662727 6662725 
065 6663394 6663391 6663387 6663382 6663369 6663347 6663318 6663271 6663209 6663145 6663083 6663031 6662977 6662944 6662920 6662907 6662905 6662902 6662900 6662899 6662898 6662896 6662896 6662896 
066 6663394 6663389 6663385 6663381 6663365 6663331 6663289 6663243 6663183 6663092 6663002 6662916 6662837 6662794 6662765 6662742 6662734 6662732 6662732 6662732 6662732 6662732 6662732 6662731 
067 6663394 6663391 6663386 6663376 6663349 6663307 6663248 6663176 6663067 6662938 6662791 6662645 6662535 6662468 6662418 6662385 6662367 6662360 6662356 6662354 6662351 6662350 6662350 6662349 
068 6663394 6663393 6663392 6663390 6663386 6663379 6663368 6663353 6663338 6663313 6663289 6663264 6663241 6663225 6663216 6663211 6663203 6663199 6663198 6663198 6663198 6663198 6663198 6663198 
069 6663394 6663392 6663385 6663381 6663371 6663349 6663317 6663268 6663190 6663122 6663051 6662981 6662908 6662864 6662829 6662819 6662810 6662808 6662804 6662804 6662803 6662803 6662802 6662801 
070 6663394 6663386 6663380 6663370 6663351 6663317 6663253 6663164 6663060 6662947 6662823 6662702 6662598 6662540 6662498 6662468 6662455 6662449 6662446 6662443 6662442 6662442 6662442 6662439 
071 6663394 6663389 6663387 6663382 6663363 6663338 6663288 6663234 6663156 6663057 6662948 6662862 6662783 6662727 6662691 6662664 6662648 6662643 6662640 6662639 6662637 6662637 6662637 6662635 
072 6663394 6663393 6663389 6663374 6663357 6663331 6663279 6663209 6663125 6663023 6662916 6662832 6662746 6662688 6662653 6662632 6662621 6662620 6662618 6662618 6662618 6662618 6662617 6662617 
073 6663394 6663392 6663389 6663385 6663374 6663359 6663335 6663302 6663256 6663201 6663146 6663080 6663034 6662999 6662982 6662969 6662963 6662959 6662959 6662959 6662959 6662959 6662959 6662959 
074 6663394 6663392 6663389 6663380 6663364 6663342 6663307 6663259 6663187 6663100 6663009 6662937 6662858 6662803 6662777 6662757 6662749 6662747 6662747 6662746 6662746 6662745 6662745 6662745 
075 6663394 6663393 6663392 6663392 6663387 6663375 6663360 6663340 6663308 6663275 6663231 6663192 6663160 6663137 6663123 6663117 6663115 6663113 6663112 6663112 6663111 6663111 6663111 6663111 
076 6663394 6663394 6663394 6663393 6663393 6663389 6663385 6663378 6663370 6663359 6663348 6663337 6663324 6663322 6663319 6663315 6663315 6663315 6663315 6663315 6663315 6663315 6663315 6663315 
077 6663394 6663391 6663386 6663379 6663366 6663342 6663301 6663256 6663186 6663104 6663033 6662959 6662892 6662839 6662810 6662787 6662777 6662774 6662774 6662774 6662773 6662773 6662772 6662772 
078 6663394 6663393 6663391 6663385 6663373 6663356 6663334 6663298 6663244 6663173 6663113 6663055 6663007 6662968 6662951 6662938 6662932 6662930 6662927 6662926 6662926 6662926 6662926 6662925 
079 6663394 6663392 6663385 6663378 6663362 6663333 6663293 6663233 6663141 6663044 6662936 6662827 6662743 6662668 6662641 6662619 6662608 6662606 6662602 6662597 6662597 6662595 6662595 6662593 
080 6663394 6663392 6663390 6663384 6663376 6663365 6663341 6663305 6663266 6663203 6663147 6663092 6663041 6663026 6663004 6662994 6662989 6662988 6662987 6662987 6662987 6662987 6662986 6662986 
081 6663394 6663392 6663388 6663385 6663379 6663368 6663359 6663338 6663304 6663266 6663227 6663204 6663170 6663149 6663141 6663128 6663121 6663119 6663117 6663117 6663116 6663116 6663115 6663115 
082 6663394 6663394 6663393 6663391 6663386 6663383 6663374 6663360 6663347 6663328 6663309 6663292 6663274 6663265 6663256 6663253 6663253 6663250 6663250 6663250 6663250 6663249 6663249 6663249 
083 6663394 6663393 6663393 6663391 6663388 6663381 6663375 6663362 6663341 6663319 6663295 6663273 6663249 6663230 6663222 6663216 6663214 6663214 6663214 6663214 6663213 6663213 6663212 6663212 
084 6663394 6663394 6663393 6663391 6663386 6663379 6663373 6663362 6663349 6663334 6663312 6663285 6663267 6663252 6663241 6663234 6663233 6663233 6663232 6663232 6663232 6663232 6663232 6663231 
085 6663394 6663392 6663389 6663383 6663373 6663353 6663333 6663296 6663259 6663204 6663149 6663094 6663049 6663022 6663010 6663003 6662997 6662994 6662991 6662989 6662989 6662989 6662989 6662988 
086 6663394 6663391 6663391 6663386 6663375 6663351 6663321 6663286 6663241 6663181 6663116 6663069 6663027 6662993 6662973 6662961 6662955 6662952 6662951 6662951 6662951 6662950 6662950 6662950 
087 6663394 6663393 6663389 6663382 6663372 6663354 6663331 6663299 6663260 6663218 6663166 6663124 6663075 6663048 6663028 6663021 6663010 6663009 6663009 6663009 6663008 6663007 6663007 6663007 
088 6663394 6663389 6663386 6663379 6663362 6663343 6663308 6663262 6663198 6663108 6663023 6662946 6662879 6662824 6662801 6662786 6662775 6662772 6662769 6662769 6662769 6662769 6662768 6662767 
089 6663394 6663394 6663391 6663389 6663386 6663380 6663368 6663353 6663328 6663294 6663261 6663226 6663193 6663171 6663158 6663147 6663142 6663140 6663140 6663138 6663137 6663137 6663137 6663137 
090 6663394 6663394 6663390 6663381 6663361 6663332 6663296 6663233 6663151 6663069 6662968 6662855 6662777 6662724 6662682 6662656 6662649 6662645 6662645 6662645 6662643 6662642 6662642 6662642 
091 6663394 6663393 6663388 6663384 6663370 6663357 6663325 6663279 6663217 6663159 6663093 6663015 6662967 6662936 6662907 6662895 6662888 6662885 6662884 6662884 6662881 6662881 6662881 6662881 
092 6663394 6663391 6663388 6663385 6663377 6663359 6663332 6663308 6663268 6663221 6663164 6663102 6663062 6663033 6663015 6663010 6663003 6663001 6663001 6662999 6662998 6662998 6662998 6662997 
093 6663394 6663392 6663390 6663387 6663378 6663368 6663351 6663328 6663294 6663258 6663226 6663191 6663149 6663129 6663116 6663103 6663099 6663097 6663096 6663095 6663095 6663094 6663094 6663094 
094 6663394 6663392 6663388 6663385 6663375 6663353 6663319 6663266 6663208 6663138 6663067 6663003 6662938 6662891 6662867 6662850 6662843 6662839 6662838 6662838 6662837 6662837 6662837 6662837 
095 6663394 6663393 6663391 6663387 6663379 6663368 6663354 6663330 6663299 6663273 6663244 6663211 6663190 6663170 6663157 6663151 6663150 6663150 6663150 6663150 6663150 6663150 6663150 6663150 
096 6663394 6663394 6663393 6663392 6663388 6663381 6663369 6663354 6663331 6663306 6663277 6663258 6663233 6663218 6663207 6663205 6663202 6663202 6663202 6663202 6663202 6663202 6663201 6663200 
097 6663394 6663394 6663393 6663389 6663384 6663379 6663365 6663347 6663324 6663301 6663270 6663246 6663233 6663217 6663210 6663206 6663202 6663199 6663198 6663197 6663197 6663197 6663197 6663197 
098 6663394 6663391 6663388 6663381 6663370 6663358 6663336 6663306 6663261 6663201 6663133 6663070 6663021 6662993 6662968 6662963 6662956 6662953 6662952 6662952 6662952 6662952 6662951 6662950 
099 6663394 6663394 6663394 6663393 6663389 6663386 6663371 6663360 6663341 6663318 6663302 6663280 6663259 6663247 6663236 6663233 6663230 6663229 6663228 6663228 6663228 6663228 6663226 6663226 
100 6663394 6663394 6663393 6663390 6663387 6663380 6663370 6663355 6663330 6663306 6663287 6663267 6663247 6663232 6663224 6663221 6663220 6663220 6663220 6663219 6663219 6663219 6663219 6663218 
101 6663394 6663393 6663389 6663383 6663372 6663347 6663320 6663290 6663231 6663170 6663096 6663022 6662967 6662922 6662887 6662875 6662871 6662864 6662862 6662862 6662862 6662861 6662861 6662861 
102 6663394 6663393 6663392 6663386 6663379 6663372 6663350 6663318 6663286 6663252 6663225 6663192 6663163 6663144 6663123 6663111 6663108 6663108 6663107 6663106 6663106 6663106 6663106 6663105 
103 6663394 6663389 6663385 6663371 6663360 6663324 6663272 6663211 6663132 6663016 6662896 6662772 6662675 6662622 6662579 6662548 6662537 6662533 6662532 6662527 6662526 6662526 6662523 6662522 
104 6663394 6663392 6663390 6663381 6663369 6663348 6663332 6663290 6663251 6663189 6663133 6663078 6663022 6662997 6662978 6662969 6662968 6662967 6662967 6662965 6662964 6662964 6662964 6662962 
105 6663394 6663392 6663391 6663387 6663373 6663365 6663345 6663314 6663265 6663215 6663155 6663100 6663058 6663023 6663007 6662995 6662991 6662987 6662987 6662986 6662985 6662984 6662982 6662982 
106 6663394 6663393 6663390 6663385 6663379 6663373 6663356 6663340 6663320 6663278 6663248 6663210 6663184 6663172 6663161 6663159 6663156 6663153 6663152 6663152 6663151 6663150 6663150 6663150 
107 6663394 6663391 6663387 6663380 6663365 6663341 6663308 6663238 6663154 6663076 6662960 6662862 6662798 6662738 6662711 6662691 6662683 6662679 6662676 6662675 6662675 6662674 6662673 6662672 
108 6663394 6663394 6663392 6663389 6663381 6663367 6663345 6663314 6663268 6663226 6663182 6663140 6663109 6663076 6663061 6663055 6663049 6663048 6663047 6663047 6663047 6663046 6663044 6663044 
109 6663394 6663393 6663389 6663383 6663372 6663358 6663330 6663289 6663245 6663201 6663135 6663094 6663048 6663010 6662983 6662974 6662968 6662966 6662966 6662966 6662966 6662966 6662966 6662966 
110 6663394 6663390 6663384 6663376 6663361 6663343 6663308 6663249 6663174 6663088 6663015 6662928 6662868 6662813 6662782 6662760 6662753 6662748 6662748 6662748 6662747 6662747 6662745 6662745 
111 6663394 6663393 6663391 6663387 6663376 6663362 6663339 6663315 6663275 6663233 6663183 6663147 6663112 6663086 6663072 6663065 6663062 6663061 6663061 6663060 6663058 6663058 6663057 6663056 
112 6663394 6663391 6663386 6663378 6663363 6663329 6663290 6663219 6663122 6663020 6662915 6662820 6662724 6662634 6662584 6662563 6662548 6662541 6662539 6662539 6662539 6662539 6662538 6662537 
113 6663394 6663393 6663391 6663387 6663377 6663364 6663339 6663314 6663277 6663240 6663188 6663135 6663090 6663058 6663038 6663021 6663015 6663010 6663010 6663009 6663009 6663007 6663007 6663007 
114 6663394 6663392 6663390 6663383 6663374 6663354 6663326 6663292 6663255 6663191 6663134 6663080 6663038 6662999 6662976 6662965 6662959 6662957 6662954 6662954 6662953 6662953 6662953 6662952 
115 6663394 6663391 6663386 6663377 6663364 6663341 6663298 6663247 6663168 6663092 6663003 6662920 6662853 6662807 6662787 6662769 6662760 6662756 6662756 6662756 6662755 6662754 6662752 6662749 
116 6663394 6663392 6663390 6663384 6663373 6663360 6663339 6663296 6663246 6663191 6663127 6663063 6663013 6662963 6662935 6662922 6662919 6662917 6662916 6662916 6662916 6662915 6662914 6662913 
117 6663394 6663393 6663385 6663375 6663359 6663341 6663306 6663262 6663210 6663138 6663055 6662988 6662922 6662864 6662829 6662810 6662799 6662796 6662795 6662793 6662793 6662792 6662791 6662791 
118 6663394 6663390 6663383 6663372 6663356 6663331 6663281 6663227 6663159 6663073 6662963 6662861 6662787 6662735 6662701 6662682 6662672 6662671 6662669 6662669 6662668 6662668 6662668 6662667 
119 6663394 6663392 6663388 6663383 6663369 6663346 6663323 6663282 6663228 6663170 6663106 6663046 6663005 6662961 6662942 6662926 6662916 6662913 6662909 6662909 6662909 6662909 6662909 6662907 
120 6663394 6663393 6663392 6663386 6663377 6663360 6663342 6663314 6663275 6663223 6663170 6663112 6663072 6663033 6663013 6663003 6662990 6662990 6662990 6662987 6662987 6662987 6662986 6662986 
121 6663394 6663390 6663388 6663386 6663373 6663347 6663318 6663261 6663196 6663121 6663047 6662994 6662934 6662903 6662867 6662854 6662847 6662843 6662841 6662841 6662841 6662841 6662841 6662841 
122 6663394 6663394 6663390 6663385 6663376 6663357 6663337 6663302 6663266 6663219 6663170 6663117 6663056 6663026 6663002 6662993 6662989 6662988 6662988 6662988 6662987 6662985 6662985 6662985 
123 6663394 6663391 6663387 6663383 6663372 6663360 6663343 6663318 6663280 6663240 6663195 6663152 6663118 6663091 6663078 6663067 6663059 6663058 6663056 6663056 6663054 6663054 6663053 6663052 
124 6663394 6663394 6663392 6663391 6663386 6663378 6663369 6663357 6663344 6663323 6663304 6663286 6663269 6663253 6663248 6663246 6663245 6663242 6663242 6663242 6663242 6663241 6663241 6663241 
125 6663394 6663393 6663389 6663379 6663371 6663354 6663331 6663292 6663247 6663199 6663146 6663088 6663032 6662997 6662984 6662978 6662974 6662973 6662971 6662971 6662971 6662970 6662969 6662969 
126 6663394 6663393 6663387 6663383 6663376 6663364 6663345 6663314 6663277 6663230 6663176 6663132 6663097 6663061 6663050 6663040 6663036 6663035 6663034 6663034 6663032 6663032 6663031 6663031 
127 6663394 6663393 6663392 6663392 6663387 6663381 6663369 6663356 6663335 6663315 6663297 6663278 6663267 6663258 6663250 6663242 6663241 6663241 6663241 6663241 6663241 6663241 6663241 6663241 
128 6663394 6663394 6663393 6663390 6663383 6663372 6663349 6663329 6663298 6663265 6663228 6663186 6663154 6663139 6663120 6663115 6663113 6663112 6663112 6663111 6663111 6663110 6663109 6663108 
129 6663394 6663393 6663389 6663384 6663377 6663357 6663335 6663315 6663284 6663243 6663191 6663151 6663117 6663098 6663086 6663082 6663078 6663076 6663076 6663076 6663076 6663076 6663075 6663075 
130 6663394 6663392 6663389 6663380 6663369 6663352 6663322 6663284 6663230 6663154 6663084 6663013 6662963 6662920 6662901 6662889 6662881 6662877 6662877 6662877 6662876 6662875 6662875 6662875 
131 6663394 6663393 6663389 6663386 6663378 6663369 6663348 6663320 6663288 6663244 6663201 6663162 6663129 6663108 6663091 6663084 6663080 6663079 6663077 6663077 6663077 6663077 6663077 6663076 
132 6663394 6663392 6663390 6663384 6663380 6663365 6663349 6663322 6663284 6663234 6663188 6663149 6663114 6663080 6663062 6663054 6663051 6663049 6663049 6663049 6663049 6663049 6663048 6663048 
133 6663394 6663392 6663388 6663384 6663371 6663354 6663324 6663284 6663234 6663166 6663094 6663040 6662993 6662958 6662931 6662918 6662908 6662906 6662906 6662905 6662905 6662905 6662905 6662905 
134 6663394 6663390 6663386 6663379 6663363 6663343 6663313 6663257 6663192 6663111 6663045 6662993 6662939 6662893 6662863 6662850 6662840 6662837 6662834 6662833 6662829 6662828 6662828 6662827 
135 6663394 6663392 6663386 6663379 6663370 6663358 6663334 6663295 6663249 6663205 6663156 6663102 6663068 6663036 6663017 6663007 6663000 6662996 6662995 6662995 6662995 6662994 6662993 6662993 
136 6663394 6663393 6663391 6663389 6663384 6663372 6663359 6663335 6663299 6663264 6663220 6663183 6663153 6663139 6663125 6663120 6663118 6663116 6663114 6663113 6663113 6663113 6663113 6663112 
137 6663394 6663392 6663390 6663387 6663379 6663364 6663345 6663317 6663289 6663250 6663200 6663166 6663135 6663112 6663095 6663089 6663085 6663082 6663082 6663082 6663082 6663082 6663082 6663082 
138 6663394 6663392 6663387 6663380 6663371 6663360 6663333 6663298 6663247 6663184 6663124 6663074 6663020 6662983 6662956 6662945 6662940 6662937 6662936 6662936 6662936 6662934 6662934 6662934 
139 6663394 6663392 6663388 6663380 6663368 6663350 6663325 6663295 6663256 6663211 6663158 6663105 6663067 6663037 6663023 6663011 6663006 6663004 6663002 6663001 6663001 6663001 6663000 6663000 
140 6663394 6663392 6663387 6663381 6663363 6663339 6663293 6663239 6663167 6663084 6662990 6662895 6662824 6662781 6662740 6662723 6662710 6662708 6662707 6662705 6662705 6662704 6662704 6662703 
141 6663394 6663391 6663388 6663385 6663379 6663365 6663342 6663304 6663258 6663205 6663156 6663107 6663054 6663018 6662991 6662974 6662968 6662965 6662964 6662964 6662963 6662963 6662962 6662962 
142 6663394 6663391 6663386 6663378 6663363 6663343 6663319 6663275 6663221 6663145 6663072 6663000 6662946 6662901 6662863 6662845 6662837 6662833 6662831 6662830 6662830 6662828 6662827 6662827 
143 6663394 6663391 6663387 6663377 6663362 6663344 6663321 6663282 6663226 6663167 6663091 6663035 6662972 6662943 6662911 6662905 6662901 6662901 6662899 6662899 6662899 6662898 6662898 6662897 
144 6663394 6663393 6663388 6663381 6663371 6663354 6663315 6663256 6663182 6663107 6663017 6662948 6662888 6662836 6662804 6662783 6662772 6662765 6662764 6662762 6662761 6662759 6662759 6662758 
145 6663394 6663393 6663388 6663381 6663374 6663360 6663339 6663301 6663254 6663204 6663151 6663099 6663051 6663025 6662997 6662987 6662982 6662980 6662980 6662979 6662979 6662979 6662978 6662978 
146 6663394 6663392 6663388 6663382 6663373 6663366 6663348 6663319 6663287 6663249 6663202 6663162 6663132 6663105 6663086 6663077 6663072 6663068 6663066 6663066 6663066 6663066 6663066 6663065 
147 6663394 6663393 6663392 6663391 6663388 6663380 6663368 6663355 6663337 6663315 6663290 6663273 6663258 6663249 6663243 6663239 6663238 6663235 6663234 6663233 6663233 6663233 6663233 6663233 
148 6663394 6663393 6663391 6663385 6663377 6663359 6663335 6663298 6663250 6663197 6663148 6663087 6663050 6663009 6662993 6662983 6662979 6662977 6662976 6662976 6662976 6662975 6662974 6662974 
149 6663394 6663394 6663393 6663388 6663387 6663380 6663367 6663345 6663330 6663299 6663262 6663239 6663224 6663207 6663199 6663194 6663194 6663194 6663194 6663194 6663194 6663194 6663194 6663193 
150 6663394 6663393 6663388 6663381 6663371 6663350 6663324 6663283 6663232 6663160 6663088 6663034 6662984 6662955 6662933 6662918 6662917 6662913 6662911 6662911 6662911 6662911 6662910 6662909 
151 6663394 6663393 6663391 6663387 6663381 6663370 6663345 6663316 6663284 6663237 6663193 6663148 6663099 6663067 6663046 6663040 6663034 6663033 6663031 6663030 6663029 6663029 6663029 6663029 
152 6663394 6663392 6663390 6663386 6663381 6663373 6663358 6663338 6663312 6663277 6663242 6663202 6663176 6663160 6663148 6663139 6663129 6663126 6663126 6663125 6663124 6663124 6663124 6663124 
153 6663394 6663392 6663389 6663384 6663369 6663342 6663306 6663249 6663185 6663096 6663008 6662932 6662869 6662830 6662799 6662782 6662775 6662772 6662772 6662772 6662772 6662771 6662770 6662769 
154 6663394 6663391 6663384 6663373 6663359 6663329 6663287 6663237 6663155 6663043 6662920 6662824 6662747 6662690 6662656 6662630 6662620 6662613 6662611 6662610 6662609 6662608 6662606 6662605 
155 6663394 6663392 6663388 6663385 6663372 6663361 6663336 6663309 6663270 6663226 6663178 6663135 6663087 6663060 6663048 6663037 6663030 6663022 6663022 6663022 6663022 6663022 6663021 6663020 
156 6663394 6663394 6663394 6663392 6663388 6663384 6663376 6663367 6663348 6663323 6663294 6663273 6663250 6663246 6663239 6663233 6663230 6663226 6663226 6663226 6663226 6663225 6663225 6663225 
157 6663394 6663392 6663391 6663385 6663379 6663361 6663328 6663289 6663240 6663183 6663125 6663067 6663015 6662991 6662976 6662965 6662962 6662961 6662960 6662960 6662960 6662959 6662957 6662956 
158 6663394 6663394 6663393 6663391 6663388 6663386 6663376 6663365 6663347 6663310 6663282 6663261 6663241 6663226 6663218 6663214 6663207 6663204 6663203 6663203 6663203 6663203 6663203 6663203 
159 6663394 6663393 6663390 6663386 6663381 6663371 6663360 6663341 6663312 6663274 6663242 6663215 6663190 6663176 6663166 6663158 6663154 6663152 6663151 6663151 6663151 6663151 6663150 6663148 
160 6663394 6663393 6663387 6663378 6663368 6663350 6663327 6663286 6663229 6663176 6663113 6663055 6663009 6662973 6662956 6662940 6662933 6662930 6662930 6662930 6662929 6662929 6662928 6662928 
161 6663394 6663392 6663390 6663385 6663374 6663363 6663341 6663311 6663269 6663206 6663159 6663112 6663069 6663040 6663029 6663025 6663022 6663018 6663017 6663017 6663017 6663016 6663016 6663016 
162 6663394 6663392 6663387 6663378 6663361 6663340 6663305 6663255 6663182 6663092 6663002 6662913 6662847 6662787 6662763 6662748 6662740 6662738 6662738 6662736 6662734 6662731 6662730 6662729 
163 6663394 6663394 6663391 6663390 6663384 6663374 6663359 6663346 6663333 6663298 6663266 6663239 6663218 6663202 6663192 6663188 6663181 6663180 6663178 6663178 6663178 6663178 6663178 6663178 
164 6663394 6663393 6663391 6663387 6663377 6663364 6663342 6663307 6663254 6663194 6663131 6663065 6663016 6662986 6662969 6662957 6662948 6662944 6662942 6662941 6662939 6662938 6662938 6662938 
165 6663394 6663392 6663390 6663385 6663376 6663356 6663335 6663298 6663246 6663189 6663137 6663084 6663047 6663016 6662995 6662978 6662976 6662973 6662972 6662972 6662972 6662972 6662971 6662969 
166 6663394 6663393 6663392 6663388 6663385 6663377 6663367 6663344 6663321 6663287 6663255 6663230 6663204 6663194 6663181 6663173 6663171 6663171 6663171 6663170 6663169 6663169 6663169 6663169 
167 6663394 6663392 6663387 6663381 6663366 6663339 6663300 6663249 6663189 6663106 6663030 6662947 6662897 6662831 6662803 6662786 6662771 6662766 6662765 6662765 6662764 6662764 6662764 6662764 
168 6663394 6663392 6663389 6663384 6663378 6663371 6663351 6663323 6663271 6663228 6663181 6663129 6663096 6663069 6663057 6663045 6663044 6663040 6663039 6663039 6663039 6663039 6663039 6663039 
169 6663394 6663393 6663389 6663386 6663377 6663364 6663335 6663309 6663264 6663223 6663170 6663121 6663082 6663048 6663033 6663021 6663011 6663009 6663007 6663007 6663007 6663007 6663005 6663005 
170 6663394 6663394 6663394 6663394 6663393 6663387 6663378 6663370 6663359 6663337 6663321 6663307 6663291 6663281 6663274 6663270 6663265 6663264 6663264 6663264 6663263 6663263 6663263 6663263 
171 6663394 6663394 6663391 6663389 6663385 6663379 6663371 6663360 6663344 6663327 6663310 6663291 6663272 6663259 6663245 6663241 6663238 6663237 6663237 6663237 6663237 6663237 6663237 6663237 
172 6663394 6663392 6663386 6663375 6663360 6663338 6663301 6663242 6663154 6663057 6662954 6662874 6662798 6662748 6662709 6662694 6662685 6662679 6662676 6662676 6662675 6662672 6662670 6662670 
173 6663394 6663394 6663390 6663383 6663370 6663355 6663325 6663291 6663233 6663175 6663116 6663065 6663004 6662974 6662955 6662936 6662931 6662928 6662924 6662924 6662922 6662921 6662921 6662920 
174 6663394 6663392 6663386 6663377 6663355 6663327 6663289 6663229 6663157 6663084 6663006 6662915 6662839 6662779 6662744 6662722 6662708 6662704 6662701 6662701 6662700 6662698 6662698 6662696 
175 6663394 6663390 6663383 6663376 6663358 6663331 6663287 6663231 6663162 6663063 6662956 6662848 6662777 6662715 6662683 6662660 6662648 6662644 6662643 6662643 6662642 6662640 6662638 6662638 
176 6663394 6663394 6663394 6663394 6663389 6663384 6663378 6663370 6663357 6663343 6663330 6663310 6663300 6663292 6663288 6663283 6663280 6663280 6663280 6663280 6663279 6663279 6663279 6663279 
177 6663394 6663393 6663389 6663385 6663377 6663354 6663321 6663283 6663228 6663164 6663097 6663020 6662969 6662940 6662913 6662898 6662894 6662891 6662891 6662890 6662889 6662889 6662889 6662889 
178 6663394 6663393 6663393 6663391 6663383 6663374 6663354 6663330 6663292 6663253 6663214 6663174 6663143 6663127 6663113 6663106 6663101 6663099 6663098 6663098 6663098 6663098 6663098 6663098 
179 6663394 6663393 6663391 6663388 6663384 6663375 6663361 6663333 6663305 6663275 6663232 6663199 6663172 6663150 6663136 6663127 6663125 6663122 6663121 6663121 6663120 6663118 6663118 6663118 
180 6663394 6663391 6663388 6663383 6663372 6663353 6663328 6663275 6663206 6663141 6663070 6663009 6662947 6662920 6662892 6662874 6662864 6662860 6662859 6662859 6662858 6662858 6662858 6662858 
181 6663394 6663390 6663385 6663377 6663370 6663357 6663344 6663309 6663264 6663228 6663182 6663125 6663081 6663057 6663044 6663034 6663028 6663025 6663025 6663025 6663025 6663025 6663023 6663022 
182 6663394 6663394 6663393 6663391 6663389 6663385 6663376 6663367 6663352 6663332 6663310 6663289 6663275 6663266 6663257 6663252 6663252 6663252 6663252 6663252 6663252 6663251 6663251 6663251 
183 6663394 6663391 6663384 6663376 6663365 6663343 6663325 6663287 6663229 6663157 6663077 6663025 6662966 6662928 6662897 6662888 6662877 6662873 6662873 6662872 6662871 6662871 6662871 6662871 
184 6663394 6663391 6663386 6663383 6663376 6663370 6663357 6663335 6663308 6663276 6663242 6663192 6663164 6663140 6663126 6663117 6663111 6663110 6663108 6663107 6663107 6663107 6663104 6663104 
185 6663394 6663394 6663393 6663392 6663389 6663386 6663379 6663362 6663344 6663325 6663315 6663297 6663278 6663267 6663256 6663251 6663250 6663249 6663249 6663249 6663249 6663249 6663249 6663249 
186 6663394 6663392 6663390 6663387 6663379 6663365 6663348 6663321 6663299 6663255 6663203 6663157 6663132 6663109 6663088 6663081 6663074 6663072 6663072 6663072 6663072 6663072 6663072 6663072 
187 6663394 6663391 6663387 6663377 6663367 6663347 6663318 6663274 6663202 6663127 6663047 6662984 6662939 6662905 6662880 6662869 6662858 6662857 6662857 6662857 6662856 6662856 6662856 6662854 
188 6663394 6663394 6663393 6663391 6663386 6663380 6663363 6663344 6663321 6663286 6663257 6663226 6663203 6663181 6663171 6663163 6663159 6663158 6663157 6663157 6663156 6663156 6663156 6663155 
189 6663394 6663393 6663392 6663392 6663390 6663387 6663381 6663366 6663351 6663333 6663315 6663300 6663290 6663283 6663278 6663274 6663272 6663271 6663270 6663270 6663270 6663270 6663270 6663270 
190 6663394 6663392 6663391 6663389 6663383 6663374 6663362 6663335 6663309 6663272 6663240 6663209 6663181 6663156 6663139 6663135 6663130 6663129 6663129 6663129 6663129 6663129 6663129 6663129 
191 6663394 6663393 6663392 6663388 6663384 6663379 6663369 6663356 6663338 6663306 6663280 6663249 6663222 6663208 6663196 6663190 6663185 6663185 6663185 6663185 6663185 6663185 6663185 6663184 
192 6663394 6663394 6663391 6663390 6663386 6663382 6663375 6663367 6663356 6663337 6663321 6663313 6663305 6663297 6663289 6663287 6663287 6663286 6663286 6663286 6663286 6663286 6663286 6663286 
193 6663394 6663393 6663391 6663385 6663377 6663365 6663343 6663304 6663249 6663197 6663133 6663073 6663024 6662982 6662972 6662952 6662944 6662940 6662940 6662940 6662940 6662939 6662939 6662938 
194 6663394 6663390 6663384 6663375 6663351 6663309 6663254 6663176 6663072 6662947 6662816 6662700 6662605 6662545 6662493 6662464 6662454 6662443 6662439 6662439 6662438 6662438 6662437 6662437 
195 6663394 6663393 6663392 6663387 6663376 6663362 6663338 6663309 6663268 6663214 6663161 6663115 6663084 6663061 6663043 6663032 6663027 6663024 6663023 6663023 6663023 6663023 6663023 6663022 
196 6663394 6663391 6663387 6663381 6663372 6663349 6663321 6663280 6663216 6663145 6663067 6662993 6662928 6662861 6662820 6662807 6662796 6662792 6662791 6662790 6662790 6662790 6662790 6662789 
197 6663394 6663393 6663391 6663387 6663378 6663362 6663348 6663328 6663291 6663248 6663204 6663164 6663141 6663117 6663096 6663086 6663082 6663081 6663081 6663081 6663080 6663080 6663080 6663080 
198 6663394 6663394 6663392 6663389 6663382 6663370 6663357 6663334 6663302 6663275 6663244 6663212 6663192 6663174 6663163 6663154 6663149 6663146 6663145 6663145 6663145 6663145 6663145 6663145 
199 6663394 6663394 6663393 6663390 6663388 6663386 6663381 6663369 6663358 6663343 6663327 6663309 6663293 6663286 6663273 6663268 6663267 6663266 6663266 6663266 6663266 6663266 6663265 6663265 
