Versión 0.2.0 2020/04/20 02:10
(Simulador de Circuito Paralelizado con OpenMP)

Empleando la función Tasa de transmisión R0: A*e^(-(B/10*x+C/100*x^2+D/1000*X^3)) 
El archivo <./Madrid/ParInit_Optimos_08_006_Exp4.txt> contiene los siguientes valores
  -> 0 0 2 1 0.8 0.06 5.807 0.948 5.807 0.948 9 14 6.67 2.55 5 10 7 14 0.988 -1.016 0.37 0.774 0 0 0 0 0 

Leyendo archivo de comunidades de españa para <Madrid>
Los datos originales eran desde el día 2020-03-03 hasta el día 2020-04-19
Datos ajustados para que contengan 18 ceros en lugar de 2 al inicio.
El inicio de los datos se corresponde con 16 días antes de la fecha original.
El archivo de <Madrid> contiene los siguientes valores
  -> 0 0 0 0 0 0 0 0 0 0 0 0 0 0 0 0 0 0 1 2 4 8 8 21 31 56 81 86 213 213 355 390 498 628 804 1021 1263 1535 1825 2090 2412 2757 3082 3392 3603 3865 4175 4483 4723 4941 5136 5371 ...
  -> Tamaño del histórico: 64 días
  -> Población <Madrid>: 6663394

El archivo <./Madrid/ParInit_Optimos_08_006_Exp4.txt> contiene los siguientes valores
  -> Inicialmente hay 2 contagiados que en 1 días presentarán síntomas (I1->I3).
            	# 	#1	#2	#3	#4	#5	#6
  -> alfas: 	0.80	5.8070	5.8070	9.0000	6.6700	5.0000	7.0000
  -> betas: 	0.06	0.9480	0.9480	14.0000	2.5500	10.0000	14.0000
    ----------------------------------------------------------------------------------
   exp f/c  	         1           2           3
  ->   1    	+9.880e-01  +3.700e-01  +3.700e-01
  ->   2    	+7.740e-01  +0.000e+00  +0.000e+00
  ->   3    	+0.000e+00  +0.000e+00  +0.000e+00

(300) Simulaciones de 62 días empleando 6663394 personas ...
Resultados para el vector de Susceptibles (S)
--(3.000e+02)-------------------------------------------
Acumulado / Max / Min: 
  Ind  ->      0      1      2      3      4      5      6      7      8      9     10     11     12     13     14     15     16     17     18     19     20     21     22     23     24     25     26     27     28     29     30     31     32     33     34     35     36     37     38     39     40     41     42     43     44     45     46     47     48     49     50     51     52     53     54     55     56     57     58     59     60     61 
  Acum -> 1999018200 1999017553 1999016086 1999012680 1999004336 1998984638 1998938579 1998835099 1998616959 1998198740 1997485324 1996428417 1995091479 1993669371 1992400384 1991442746 1990823625 1990475659 1990301841 1990223940 1990193210 1990182203 1990178548 1990177528 1990177264 1990177191 1990177178 1990177176 1990177176 1990177176 1990177176 1990177176 1990177176 1990177176 1990177176 1990177176 1990177176 1990177176 1990177176 1990177176 1990177176 1990177176 1990177176 1990177176 1990177176 1990177176 1990177176 1990177176 1990177176 1990177176 1990177176 1990177176 1990177176 1990177176 1990177176 1990177176 1990177176 1990177176 1990177176 1990177176 1990177176 1990177176 
  Max  -> 6663394 6663394 6663394 6663393 6663389 6663379 6663360 6663320 6663230 6663037 6662712 6662205 6661572 6660845 6660220 6659745 6659473 6659313 6659208 6659163 6659142 6659138 6659138 6659138 6659138 6659138 6659138 6659138 6659138 6659138 6659138 6659138 6659138 6659138 6659138 6659138 6659138 6659138 6659138 6659138 6659138 6659138 6659138 6659138 6659138 6659138 6659138 6659138 6659138 6659138 6659138 6659138 6659138 6659138 6659138 6659138 6659138 6659138 6659138 6659138 6659138 6659138 
  Min  -> 6663394 6663386 6663373 6663343 6663267 6663104 6662679 6661799 6659875 6656298 6650213 6641068 6629475 6617197 6606242 6597939 6592499 6589481 6587997 6587319 6587062 6586961 6586931 6586925 6586923 6586921 6586921 6586921 6586921 6586921 6586921 6586921 6586921 6586921 6586921 6586921 6586921 6586921 6586921 6586921 6586921 6586921 6586921 6586921 6586921 6586921 6586921 6586921 6586921 6586921 6586921 6586921 6586921 6586921 6586921 6586921 6586921 6586921 6586921 6586921 6586921 6586921 
Promedio: 
  Prom -> 6.663e+06 6.663e+06 6.663e+06 6.663e+06 6.663e+06 6.663e+06 6.663e+06 6.663e+06 6.662e+06 6.661e+06 6.658e+06 6.655e+06 6.650e+06 6.646e+06 6.641e+06 6.638e+06 6.636e+06 6.635e+06 6.634e+06 6.634e+06 6.634e+06 6.634e+06 6.634e+06 6.634e+06 6.634e+06 6.634e+06 6.634e+06 6.634e+06 6.634e+06 6.634e+06 6.634e+06 6.634e+06 6.634e+06 6.634e+06 6.634e+06 6.634e+06 6.634e+06 6.634e+06 6.634e+06 6.634e+06 6.634e+06 6.634e+06 6.634e+06 6.634e+06 6.634e+06 6.634e+06 6.634e+06 6.634e+06 6.634e+06 6.634e+06 6.634e+06 6.634e+06 6.634e+06 6.634e+06 6.634e+06 6.634e+06 6.634e+06 6.634e+06 6.634e+06 6.634e+06 6.634e+06 6.634e+06 
Resultados para el vector de Infectados (I1) 
--(3.000e+02)-------------------------------------------
Acumulado / Max / Min: 
  Ind  ->      0      1      2      3      4      5      6      7      8      9     10     11     12     13     14     15     16     17     18     19     20     21     22     23     24     25     26     27     28     29     30     31     32     33     34     35     36     37     38     39     40     41     42     43     44     45     46     47     48     49     50     51     52     53     54     55     56     57     58     59     60     61 
  Acum -> 000000 001247 002114 005511 013766 033135 078294 179543 392253 797762 1482566 2478100 3691380 4886291 5773026 6154702 5991493 5387467 4515485 3553779 2638617 1857430 1244593 795873 488315 288241 164291 090435 048715 025210 012672 006270 002971 001383 000659 000319 000132 000053 000020 000008 000003 000001 000001 000000 000000 000000 000000 000000 000000 000000 000000 000000 000000 000000 000000 000000 000000 000000 000000 000000 000000 000000 
  Max  -> 000000 000010 000021 000051 000127 000286 000700 001562 003437 006889 012725 021336 031884 042186 049735 053057 051887 046617 039041 030804 022943 016094 010745 006851 004245 002542 001465 000829 000459 000229 000106 000064 000032 000014 000008 000006 000003 000003 000001 000001 000001 000001 000001 000000 000000 000000 000000 000000 000000 000000 000000 000000 000000 000000 000000 000000 000000 000000 000000 000000 000000 000000 
  Min  -> 000000 000002 000000 000001 000005 000015 000034 000072 000159 000344 000659 001145 001727 002348 002820 003023 002924 002610 002160 001716 001297 000941 000604 000374 000229 000136 000072 000041 000022 000009 000001 000001 000000 000000 000000 000000 000000 000000 000000 000000 000000 000000 000000 000000 000000 000000 000000 000000 000000 000000 000000 000000 000000 000000 000000 000000 000000 000000 000000 000000 000000 000000 
Promedio: 
  Prom -> 0.000e+00 4.157e+00 7.047e+00 1.837e+01 4.589e+01 1.105e+02 2.610e+02 5.985e+02 1.308e+03 2.659e+03 4.942e+03 8.260e+03 1.230e+04 1.629e+04 1.924e+04 2.052e+04 1.997e+04 1.796e+04 1.505e+04 1.185e+04 8.795e+03 6.191e+03 4.149e+03 2.653e+03 1.628e+03 9.608e+02 5.476e+02 3.014e+02 1.624e+02 8.403e+01 4.224e+01 2.090e+01 9.903e+00 4.610e+00 2.197e+00 1.063e+00 4.400e-01 1.767e-01 6.667e-02 2.667e-02 1.000e-02 3.333e-03 3.333e-03 0.000e+00 0.000e+00 0.000e+00 0.000e+00 0.000e+00 0.000e+00 0.000e+00 0.000e+00 0.000e+00 0.000e+00 0.000e+00 0.000e+00 0.000e+00 0.000e+00 0.000e+00 0.000e+00 0.000e+00 0.000e+00 0.000e+00 
Resultados para el vector de Infectados (I2) 
--(3.000e+02)-------------------------------------------
Acumulado / Max / Min: 
  Ind  ->      0      1      2      3      4      5      6      7      8      9     10     11     12     13     14     15     16     17     18     19     20     21     22     23     24     25     26     27     28     29     30     31     32     33     34     35     36     37     38     39     40     41     42     43     44     45     46     47     48     49     50     51     52     53     54     55     56     57     58     59     60     61 
  Acum -> 000600 000000 000000 000007 000074 000335 001055 002835 007139 017307 040021 088897 187062 367369 669739 1122545 1729906 2454159 3218550 3918600 4455443 4753659 4779990 4541626 4084666 3482958 2818573 2168591 1587020 1107098 737812 471706 289849 171406 097775 054018 029065 015255 007774 003844 001846 000896 000450 000219 000103 000050 000021 000007 000003 000001 000000 000000 000000 000000 000000 000000 000000 000000 000000 000000 000000 000000 
  Max  -> 000002 000000 000000 000001 000003 000006 000014 000028 000068 000176 000371 000807 001611 003172 005856 009775 014860 021168 027842 033800 038440 041176 041365 039308 035353 030211 024349 018749 013752 009660 006380 004067 002543 001516 000886 000501 000269 000133 000072 000041 000021 000011 000008 000004 000003 000003 000001 000001 000001 000001 000000 000000 000000 000000 000000 000000 000000 000000 000000 000000 000000 000000 
  Min  -> 000002 000000 000000 000000 000000 000000 000000 000000 000003 000008 000017 000032 000076 000163 000280 000500 000796 001168 001591 001910 002167 002297 002344 002210 001973 001689 001378 001052 000756 000526 000342 000221 000129 000072 000043 000021 000009 000004 000002 000000 000000 000000 000000 000000 000000 000000 000000 000000 000000 000000 000000 000000 000000 000000 000000 000000 000000 000000 000000 000000 000000 000000 
Promedio: 
  Prom -> 2.000e+00 0.000e+00 0.000e+00 2.333e-02 2.467e-01 1.117e+00 3.517e+00 9.450e+00 2.380e+01 5.769e+01 1.334e+02 2.963e+02 6.235e+02 1.225e+03 2.232e+03 3.742e+03 5.766e+03 8.181e+03 1.073e+04 1.306e+04 1.485e+04 1.585e+04 1.593e+04 1.514e+04 1.362e+04 1.161e+04 9.395e+03 7.229e+03 5.290e+03 3.690e+03 2.459e+03 1.572e+03 9.662e+02 5.714e+02 3.259e+02 1.801e+02 9.688e+01 5.085e+01 2.591e+01 1.281e+01 6.153e+00 2.987e+00 1.500e+00 7.300e-01 3.433e-01 1.667e-01 7.000e-02 2.333e-02 1.000e-02 3.333e-03 0.000e+00 0.000e+00 0.000e+00 0.000e+00 0.000e+00 0.000e+00 0.000e+00 0.000e+00 0.000e+00 0.000e+00 0.000e+00 0.000e+00 
Resultados para el vector de Infectados (I3) 
--(3.000e+02)-------------------------------------------
Acumulado / Max / Min: 
  Ind  ->      0      1      2      3      4      5      6      7      8      9     10     11     12     13     14     15     16     17     18     19     20     21     22     23     24     25     26     27     28     29     30     31     32     33     34     35     36     37     38     39     40     41     42     43     44     45     46     47     48     49     50     51     52     53     54     55     56     57     58     59     60     61 
  Acum -> 000000 000000 000600 000602 000624 000691 000871 001322 002447 004983 010819 022960 047758 093066 169402 284572 441495 631600 840186 1046327 1231200 1380846 1486214 1544282 1552866 1512398 1425154 1296525 1135030 956121 774270 603420 453472 330971 236325 166521 117184 083493 060911 045548 035073 027687 022291 018161 014869 012207 010049 008231 006705 005462 004397 003580 002853 002267 001808 001439 001133 000906 000698 000526 000419 000310 
  Max  -> 000000 000000 000002 000003 000003 000005 000008 000012 000024 000052 000094 000201 000420 000820 001504 002497 003865 005493 007290 009066 010627 011909 012804 013321 013409 012956 012236 011103 009762 008212 006725 005304 004001 002883 002089 001451 001048 000741 000543 000413 000308 000237 000194 000157 000135 000108 000086 000072 000062 000052 000044 000042 000031 000025 000019 000017 000014 000013 000012 000008 000006 000005 
  Min  -> 000000 000000 000002 000002 000002 000002 000002 000002 000002 000003 000005 000011 000021 000040 000073 000122 000191 000279 000387 000511 000588 000658 000720 000754 000754 000736 000710 000640 000561 000478 000391 000297 000213 000163 000116 000076 000050 000029 000022 000018 000013 000008 000007 000004 000003 000003 000002 000001 000001 000001 000000 000000 000000 000000 000000 000000 000000 000000 000000 000000 000000 000000 
Promedio: 
  Prom -> 0.000e+00 0.000e+00 2.000e+00 2.007e+00 2.080e+00 2.303e+00 2.903e+00 4.407e+00 8.157e+00 1.661e+01 3.606e+01 7.653e+01 1.592e+02 3.102e+02 5.647e+02 9.486e+02 1.472e+03 2.105e+03 2.801e+03 3.488e+03 4.104e+03 4.603e+03 4.954e+03 5.148e+03 5.176e+03 5.041e+03 4.751e+03 4.322e+03 3.783e+03 3.187e+03 2.581e+03 2.011e+03 1.512e+03 1.103e+03 7.878e+02 5.551e+02 3.906e+02 2.783e+02 2.030e+02 1.518e+02 1.169e+02 9.229e+01 7.430e+01 6.054e+01 4.956e+01 4.069e+01 3.350e+01 2.744e+01 2.235e+01 1.821e+01 1.466e+01 1.193e+01 9.510e+00 7.557e+00 6.027e+00 4.797e+00 3.777e+00 3.020e+00 2.327e+00 1.753e+00 1.397e+00 1.033e+00 
Resultados para el vector de Recuperados (R1) 
--(3.000e+02)-------------------------------------------
Acumulado / Max / Min: 
  Ind  ->      0      1      2      3      4      5      6      7      8      9     10     11     12     13     14     15     16     17     18     19     20     21     22     23     24     25     26     27     28     29     30     31     32     33     34     35     36     37     38     39     40     41     42     43     44     45     46     47     48     49     50     51     52     53     54     55     56     57     58     59     60     61 
  Acum -> 000000 000000 000000 000000 000000 000000 000000 000000 000001 000007 000069 000424 001118 002698 006242 014223 032253 069849 142537 275661 499239 842321 1324436 1948931 2693884 3514333 4348422 5127062 5788260 6278679 6562780 6623992 6465297 6109916 5590376 4954942 4249813 3527833 2836118 2206167 1661038 1210224 855130 583929 386891 247894 153900 092800 054229 030870 017046 009292 004982 002575 001288 000629 000286 000124 000058 000024 000007 000004 
  Max  -> 000000 000000 000000 000000 000000 000000 000000 000000 000001 000001 000002 000006 000011 000026 000059 000133 000285 000637 001226 002405 004318 007229 011503 016898 023312 030428 037768 044482 050129 054275 056767 057243 055782 052906 048374 042869 036769 030559 024534 019016 014306 010393 007422 005097 003410 002191 001369 000822 000498 000279 000163 000095 000056 000026 000015 000008 000005 000003 000002 000001 000001 000001 
  Min  -> 000000 000000 000000 000000 000000 000000 000000 000000 000000 000000 000000 000000 000000 000000 000002 000005 000011 000025 000049 000094 000198 000358 000584 000912 001288 001669 002057 002453 002798 003054 003200 003236 003174 003001 002744 002427 002072 001733 001397 001069 000798 000567 000398 000277 000201 000128 000083 000048 000020 000011 000007 000003 000001 000000 000000 000000 000000 000000 000000 000000 000000 000000 
Promedio: 
  Prom -> 0.000e+00 0.000e+00 0.000e+00 0.000e+00 0.000e+00 0.000e+00 0.000e+00 0.000e+00 3.333e-03 2.333e-02 2.300e-01 1.413e+00 3.727e+00 8.993e+00 2.081e+01 4.741e+01 1.075e+02 2.328e+02 4.751e+02 9.189e+02 1.664e+03 2.808e+03 4.415e+03 6.496e+03 8.980e+03 1.171e+04 1.449e+04 1.709e+04 1.929e+04 2.093e+04 2.188e+04 2.208e+04 2.155e+04 2.037e+04 1.863e+04 1.652e+04 1.417e+04 1.176e+04 9.454e+03 7.354e+03 5.537e+03 4.034e+03 2.850e+03 1.946e+03 1.290e+03 8.263e+02 5.130e+02 3.093e+02 1.808e+02 1.029e+02 5.682e+01 3.097e+01 1.661e+01 8.583e+00 4.293e+00 2.097e+00 9.533e-01 4.133e-01 1.933e-01 8.000e-02 2.333e-02 1.333e-02 
Resultados para el vector de Recuperados (R2) 
--(3.000e+02)-------------------------------------------
Acumulado / Max / Min: 
  Ind  ->      0      1      2      3      4      5      6      7      8      9     10     11     12     13     14     15     16     17     18     19     20     21     22     23     24     25     26     27     28     29     30     31     32     33     34     35     36     37     38     39     40     41     42     43     44     45     46     47     48     49     50     51     52     53     54     55     56     57     58     59     60     61 
  Acum -> 000000 000000 000000 000000 000000 000000 000000 000000 000000 000000 000000 000000 000000 000000 000000 000000 000002 000007 000076 000254 000606 001510 003564 008167 018097 038193 077379 148198 268194 455843 730677 1107475 1595467 2187628 2870205 3613726 4387484 5151354 5867865 6512072 7065234 7520316 7877670 8150022 8347626 8486928 8581068 8642233 8680827 8704189 8718016 8725772 8730082 8732490 8733777 8734436 8734779 8734941 8735007 8735041 8735058 8735061 
  Max  -> 000000 000000 000000 000000 000000 000000 000000 000000 000000 000000 000000 000000 000000 000000 000000 000000 000001 000001 000002 000004 000007 000019 000037 000072 000173 000333 000665 001270 002322 003957 006332 009598 013867 018872 024777 031259 037913 044501 050732 056376 061159 065103 068087 070428 072118 073368 074191 074744 075062 075263 075381 075459 075493 075512 075519 075525 075530 075531 075531 075531 075531 075531 
  Min  -> 000000 000000 000000 000000 000000 000000 000000 000000 000000 000000 000000 000000 000000 000000 000000 000000 000000 000000 000000 000000 000000 000000 000001 000003 000006 000016 000031 000061 000109 000174 000305 000483 000719 001002 001332 001700 002086 002452 002795 003129 003405 003638 003808 003930 004007 004080 004121 004160 004186 004197 004201 004205 004207 004207 004207 004208 004208 004208 004208 004208 004208 004208 
Promedio: 
  Prom -> 0.000e+00 0.000e+00 0.000e+00 0.000e+00 0.000e+00 0.000e+00 0.000e+00 0.000e+00 0.000e+00 0.000e+00 0.000e+00 0.000e+00 0.000e+00 0.000e+00 0.000e+00 0.000e+00 6.667e-03 2.333e-02 2.533e-01 8.467e-01 2.020e+00 5.033e+00 1.188e+01 2.722e+01 6.032e+01 1.273e+02 2.579e+02 4.940e+02 8.940e+02 1.519e+03 2.436e+03 3.692e+03 5.318e+03 7.292e+03 9.567e+03 1.205e+04 1.462e+04 1.717e+04 1.956e+04 2.171e+04 2.355e+04 2.507e+04 2.626e+04 2.717e+04 2.783e+04 2.829e+04 2.860e+04 2.881e+04 2.894e+04 2.901e+04 2.906e+04 2.909e+04 2.910e+04 2.911e+04 2.911e+04 2.911e+04 2.912e+04 2.912e+04 2.912e+04 2.912e+04 2.912e+04 2.912e+04 
Resultados para el vector de muertes (M)
--(3.000e+02)-------------------------------------------
Acumulado / Max / Min: 
  Ind  ->      0      1      2      3      4      5      6      7      8      9     10     11     12     13     14     15     16     17     18     19     20     21     22     23     24     25     26     27     28     29     30     31     32     33     34     35     36     37     38     39     40     41     42     43     44     45     46     47     48     49     50     51     52     53     54     55     56     57     58     59     60     61 
  Acum -> 000000 000000 000000 000000 000000 000001 000001 000001 000001 000001 000001 000002 000003 000005 000007 000012 000025 000058 000124 000237 000483 000829 001453 002391 003706 005484 007801 010811 014403 018671 023411 028759 034566 040318 046282 052096 057944 063634 068934 073983 078428 082498 086080 089291 092133 094543 096584 098351 099858 101100 102163 102978 103705 104290 104749 105118 105424 105651 105859 106031 106138 106247 
  Max  -> 000000 000000 000000 000000 000000 000001 000001 000001 000001 000001 000001 000001 000001 000001 000001 000001 000001 000002 000003 000004 000007 000011 000016 000024 000035 000055 000078 000108 000132 000167 000207 000250 000301 000349 000412 000449 000501 000563 000609 000640 000690 000737 000775 000797 000822 000849 000861 000875 000889 000896 000900 000902 000913 000920 000926 000930 000938 000939 000940 000940 000940 000941 
  Min  -> 000000 000000 000000 000000 000000 000000 000000 000000 000000 000000 000000 000000 000000 000000 000000 000000 000000 000000 000000 000000 000000 000000 000000 000000 000000 000000 000000 000004 000004 000008 000011 000014 000016 000020 000022 000024 000027 000031 000033 000033 000035 000036 000038 000040 000041 000041 000041 000042 000043 000044 000044 000044 000045 000045 000045 000045 000045 000045 000045 000046 000046 000046 
Promedio: 
  Prom -> 0.000e+00 0.000e+00 0.000e+00 0.000e+00 0.000e+00 3.333e-03 3.333e-03 3.333e-03 3.333e-03 3.333e-03 3.333e-03 6.667e-03 1.000e-02 1.667e-02 2.333e-02 4.000e-02 8.333e-02 1.933e-01 4.133e-01 7.900e-01 1.610e+00 2.763e+00 4.843e+00 7.970e+00 1.235e+01 1.828e+01 2.600e+01 3.604e+01 4.801e+01 6.224e+01 7.804e+01 9.586e+01 1.152e+02 1.344e+02 1.543e+02 1.737e+02 1.931e+02 2.121e+02 2.298e+02 2.466e+02 2.614e+02 2.750e+02 2.869e+02 2.976e+02 3.071e+02 3.151e+02 3.219e+02 3.278e+02 3.329e+02 3.370e+02 3.405e+02 3.433e+02 3.457e+02 3.476e+02 3.492e+02 3.504e+02 3.514e+02 3.522e+02 3.529e+02 3.534e+02 3.538e+02 3.542e+02 

Promedios estimados vs datos reales de muertes diarias (M) <Madrid>
       -> 0.000e+00 0.000e+00 0.000e+00 0.000e+00 0.000e+00 3.333e-03 3.333e-03 3.333e-03 3.333e-03 3.333e-03 3.333e-03 6.667e-03 1.000e-02 1.667e-02 2.333e-02 4.000e-02 8.333e-02 1.933e-01 4.133e-01 7.900e-01 1.610e+00 2.763e+00 4.843e+00 7.970e+00 1.235e+01 1.828e+01 2.600e+01 3.604e+01 4.801e+01 6.224e+01 7.804e+01 9.586e+01 1.152e+02 1.344e+02 1.543e+02 1.737e+02 1.931e+02 2.121e+02 2.298e+02 2.466e+02 2.614e+02 2.750e+02 2.869e+02 2.976e+02 3.071e+02 3.151e+02 3.219e+02 3.278e+02 3.329e+02 3.370e+02 3.405e+02 3.433e+02 3.457e+02 3.476e+02 3.492e+02 3.504e+02 3.514e+02 3.522e+02 3.529e+02 3.534e+02 3.538e+02 3.542e+02 
       -> 0.000e+00 0.000e+00 0.000e+00 0.000e+00 0.000e+00 0.000e+00 0.000e+00 0.000e+00 0.000e+00 0.000e+00 0.000e+00 0.000e+00 0.000e+00 0.000e+00 0.000e+00 0.000e+00 0.000e+00 0.000e+00 1.000e+00 2.000e+00 4.000e+00 8.000e+00 8.000e+00 2.100e+01 3.100e+01 5.600e+01 8.100e+01 8.600e+01 2.130e+02 2.130e+02 3.550e+02 3.900e+02 4.980e+02 6.280e+02 8.040e+02 1.021e+03 1.263e+03 1.535e+03 1.825e+03 2.090e+03 2.412e+03 2.757e+03 3.082e+03 3.392e+03 3.603e+03 3.865e+03 4.175e+03 4.483e+03 4.723e+03 4.941e+03 5.136e+03 5.371e+03 5.586e+03 5.800e+03 5.972e+03 6.084e+03 6.278e+03 6.423e+03 6.568e+03 6.724e+03 6.877e+03 7.007e+03 
Función tasa de contagio (R0): 
       -> 1.089e+00 1.185e+00 1.269e+00 1.331e+00 1.359e+00 1.346e+00 1.287e+00 1.183e+00 1.039e+00 8.693e-01 6.891e-01 5.152e-01 3.617e-01 2.372e-01 1.447e-01 8.176e-02 4.256e-02 2.032e-02 8.860e-03 3.510e-03 1.258e-03 4.060e-04 1.174e-04 3.029e-05 6.939e-06 1.405e-06 2.502e-07 3.903e-08 5.306e-09 6.257e-10 6.373e-11 5.578e-12 4.178e-13 2.665e-14 1.440e-15 6.570e-17 2.517e-18 8.058e-20 2.147e-21 4.737e-23 8.616e-25 1.286e-26 1.567e-28 1.553e-30 1.245e-32 8.043e-35 4.164e-37 0.000e+00 0.000e+00 0.000e+00 0.000e+00 0.000e+00 0.000e+00 0.000e+00 0.000e+00 0.000e+00 0.000e+00 0.000e+00 0.000e+00 0.000e+00 0.000e+00 
Suma muertes reales: 
  -> 7.007e+03 (err: 5.536e+04)

Tiempo de cómputo: 3.036e+00

