000      0      0      0      0      0      0      0      0      0      0      0      0      0      0      0      0      0      0      0      0      0      0      0      4     14     27     53    118    247    554   1032   1970   3470   5584   8511  12288  16814  21904  27293  32772  38009  42672  46892  50276  53073  55154  56671  57717  58455  58918  59216  59450  59603  59723  59802  59883  59935  60000  60048 
001      0      0      0      0      0      0      0      0      0      0      0      0      0      0      0      0      0      0      0      0      0      1      3      5     12     20     44     94    211    466    912   1656   2869   4576   6910   9840  13465  17515  21885  26375  30514  34370  37738  40439  42556  44212  45423  46282  46856  47252  47544  47702  47831  47923  47985  48034  48083  48123  48161 
002      0      0      0      0      0      0      0      0      0      0      0      0      0      0      0      0      0      0      0      0      1      1      2      6     12     29     66    155    333    665   1271   2357   4124   6527  10113  14625  19957  26071  32520  39044  45406  51153  56146  60221  63531  65985  67784  69052  69937  70542  70955  71200  71369  71497  71600  71666  71738  71795  71857 
003      0      0      0      0      0      0      0      0      0      0      0      0      0      0      0      0      0      0      0      0      1      1      2      6      8     18     47    106    250    493    947   1767   3016   4861   7425  10803  14832  19457  24341  29323  33921  38131  41798  44796  47216  49011  50346  51340  51983  52440  52736  52912  53043  53145  53229  53292  53339  53396  53445 
004      0      0      0      0      0      0      0      0      0      0      0      0      0      0      0      0      0      0      0      0      1      3      3      5      9     16     33     65    145    348    688   1222   2121   3471   5222   7558  10275  13468  16731  20162  23284  26244  28827  30977  32667  33923  34858  35559  35989  36299  36512  36640  36746  36809  36857  36896  36937  36970  36995 
005      0      0      0      0      0      0      0      0      0      0      0      0      0      0      0      0      0      0      0      0      1      1      2      7     14     34     77    147    291    649   1267   2343   4119   6672  10213  14651  19963  25995  32433  38999  45192  51031  55928  60040  63215  65634  67386  68631  69485  70064  70441  70657  70827  70957  71056  71152  71216  71287  71336 
006      0      0      0      0      0      0      0      0      0      0      0      0      0      0      0      0      0      0      0      0      2      3      6     11     24     44     86    197    389    817   1566   2824   4800   7753  11758  16879  23036  29929  37458  45012  52291  58974  64641  69446  73148  75955  78016  79504  80591  81259  81714  81971  82168  82336  82454  82553  82645  82721  82785 
007      0      0      0      0      0      0      0      0      0      0      0      0      0      0      0      0      0      0      0      1      1      3      4      5      6     17     31     68    132    242    480    889   1541   2501   3834   5502   7592   9892  12345  14884  17296  19463  21384  22999  24273  25194  25855  26356  26658  26903  27037  27127  27177  27220  27255  27301  27329  27355  27379 
008      0      0      0      0      0      0      0      0      0      0      0      0      0      0      0      0      0      0      0      0      1      2      6     13     24     42     93    186    375    760   1502   2653   4543   7259  11177  16166  21974  28746  35864  43073  50005  56160  61718  66115  69708  72336  74323  75659  76624  77244  77657  77908  78107  78253  78355  78443  78519  78582  78649 
009      0      0      0      0      0      0      0      0      0      0      0      0      0      0      0      0      0      0      0      0      0      0      1     10     22     42     93    223    453    947   1884   3453   5873   9374  14245  20608  28099  36572  45520  54573  63307  71366  78253  83907  88510  91931  94437  96127  97337  98120  98650  98998  99253  99429  99589  99706  99799  99881  99968 
010      0      0      0      0      0      0      0      0      0      0      0      0      0      0      0      0      0      0      0      1      1      2      4     11     22     40     69    135    291    603   1202   2268   3944   6417   9737  14020  19114  24777  30978  37282  43265  48762  53612  57444  60577  62903  64672  65833  66690  67229  67559  67792  67933  68036  68117  68185  68266  68335  68394 
011      0      0      0      0      0      0      0      0      0      0      0      0      0      0      0      0      0      0      0      1      3      4      6     10     20     37     96    218    481   1003   1978   3626   6211   9992  15203  22111  30323  39574  49404  59305  68747  77334  84751  91099  96064  99720 102479 104330 105585 106428 106971 107354 107617 107824 107957 108081 108192 108280 108386 
012      0      0      0      0      0      0      0      0      0      0      0      0      0      0      0      0      0      0      0      0      0      1      3      4     10     20     38     66    141    299    532    968   1758   2872   4331   6227   8516  11113  13905  16607  19290  21702  23752  25506  26831  27872  28642  29183  29525  29765  29913  30022  30101  30154  30195  30225  30253  30281  30304 
013      0      0      0      0      0      0      0      0      0      0      0      0      0      0      0      0      0      0      0      0      0      0      1      1      5     10     22     47    115    217    443    833   1414   2241   3409   4948   6765   8830  11059  13268  15409  17443  19099  20477  21565  22365  23006  23453  23747  23924  24061  24163  24228  24262  24294  24331  24358  24383  24398 
014      0      0      0      0      0      0      0      0      0      0      0      0      0      0      0      0      0      0      0      0      0      1      2      9     17     40     81    189    387    795   1534   2768   4756   7722  11842  17014  23161  30224  37702  45342  52649  59357  65129  69917  73590  76478  78532  79991  80941  81615  82072  82383  82585  82742  82854  82947  83024  83110  83172 
015      0      0      0      0      0      0      0      0      0      0      0      0      0      0      0      0      0      0      0      0      1      1      1      5      8     15     36     73    145    305    592   1075   1918   3172   4761   6860   9437  12189  15206  18223  21140  23854  26195  28118  29691  30879  31730  32290  32728  32983  33171  33292  33381  33448  33491  33524  33561  33592  33618 
016      0      0      0      0      0      0      0      0      0      0      0      0      0      0      0      0      0      0      0      1      2      3      4      7     15     36     77    167    339    712   1478   2770   4762   7718  11729  16803  22950  29727  37046  44566  51801  58369  64143  68802  72427  75249  77255  78699  79652  80279  80694  80990  81188  81342  81440  81534  81608  81678  81754 
017      0      0      0      0      0      0      0      0      0      0      0      0      0      0      0      0      0      0      0      0      0      1      1      7     13     33     72    154    329    671   1381   2528   4403   7104  10822  15520  21068  27554  34350  41416  48155  54298  59647  63883  67376  70038  71892  73255  74151  74746  75138  75402  75623  75758  75838  75936  76033  76111  76169 
018      0      0      0      0      0      0      0      0      0      0      0      0      0      0      0      0      0      1      1      1      2      4     10     16     26     55    105    235    498   1039   1990   3663   6417  10299  15615  22528  30792  40183  50045  59903  69687  78412  86193  92343  97276 101129 103861 105774 107097 107973 108588 108966 109266 109466 109617 109747 109857 109961 110054 
019      0      0      0      0      0      0      0      0      0      0      0      0      0      0      0      0      0      0      0      1      1      1      6     11     19     34     60    134    278    572   1131   2063   3572   5924   8995  12745  17501  22695  28228  33881  39337  44382  48723  52348  55055  57177  58713  59774  60492  60986  61293  61505  61670  61776  61869  61937  62009  62068  62127 
020      0      0      0      0      0      0      0      0      0      0      0      0      0      0      0      0      0      0      0      0      0      0      2      3     11     25     52     98    199    374    753   1382   2360   3803   5777   8354  11413  14903  18654  22268  25792  29133  32090  34399  36292  37692  38734  39476  39955  40277  40495  40640  40747  40824  40874  40918  40960  40997  41027 
021      0      0      0      0      0      0      0      0      0      0      0      0      0      0      0      0      0      0      0      0      1      1      2      5     11     19     43     91    172    343    643   1183   2008   3245   4914   6973   9550  12504  15454  18650  21652  24414  26781  28673  30208  31384  32235  32815  33222  33497  33678  33803  33889  33951  33999  34037  34064  34091  34120 
022      0      0      0      0      0      0      0      0      0      0      0      0      0      0      0      0      0      0      0      1      1      1      1      4      7      9     18     32     72    161    332    596    995   1608   2393   3435   4688   6083   7627   9190  10706  12150  13376  14312  15059  15646  16061  16346  16555  16679  16761  16821  16854  16872  16897  16917  16931  16948  16963 
023      0      0      0      0      0      0      0      0      0      0      0      0      0      0      0      0      0      0      0      0      0      0      3      6      8     17     41     94    217    431    814   1496   2575   4109   6253   9089  12369  16053  20058  24150  27971  31597  34608  37130  39167  40741  41882  42635  43204  43580  43820  43990  44101  44184  44241  44282  44325  44369  44399 
024      0      0      0      0      0      0      0      0      0      0      0      0      0      0      0      0      0      0      0      0      0      0      2      2      6     15     46    100    228    499   1006   1842   3166   5194   7952  11530  15780  20590  25822  31128  36128  40670  44670  47899  50491  52418  53784  54779  55474  55912  56203  56385  56511  56591  56664  56723  56781  56831  56889 
025      0      0      0      0      0      0      0      0      0      0      0      0      0      0      0      0      0      0      0      0      0      1      4     10     21     53    120    243    503    976   1928   3574   6175   9998  15287  21935  29966  39169  48994  58952  68546  77149  84757  91035  96061  99796 102484 104401 105679 106536 107080 107491 107755 107954 108121 108255 108386 108480 108575 
026      0      0      0      0      0      0      0      0      0      0      0      0      0      0      0      0      0      0      0      0      0      2      5     11     25     69    143    315    684   1416   2747   5075   8681  14031  21275  30551  41883  54606  68000  81819  95038 107032 117527 126130 132786 138018 141737 144343 146152 147299 148107 148626 148993 149243 149442 149650 149822 149961 150090 
027      0      0      0      0      0      0      0      0      0      0      0      0      0      0      0      0      0      0      0      0      0      0      5      7     11     23     44    106    222    447    854   1601   2781   4500   6788   9681  13241  17267  21421  25751  29992  33803  37080  39873  41947  43517  44699  45538  46098  46458  46718  46872  46989  47071  47134  47188  47243  47289  47331 
028      0      0      0      0      0      0      0      0      0      0      0      0      0      0      0      0      0      0      0      0      2      2      2      5      9     11     30     74    153    313    622   1200   2064   3294   5059   7301   9997  12968  16239  19477  22634  25479  27984  30014  31654  32910  33835  34469  34932  35237  35441  35576  35669  35745  35795  35845  35887  35915  35952 
029      0      0      0      0      0      0      0      0      0      0      0      0      0      0      0      0      0      0      0      0      1      3      3      6     15     28     66    135    312    659   1329   2433   4207   6811  10420  15106  20710  26863  33547  40334  46878  52835  57888  62031  65378  67914  69783  71048  71918  72548  72951  73214  73400  73522  73618  73719  73782  73855  73913 
030      0      0      0      0      0      0      0      0      0      0      0      0      0      0      0      0      0      0      0      0      1      1      2      5      6     11     20     45    107    223    413    769   1326   2137   3240   4703   6440   8430  10389  12415  14481  16224  17830  19130  20197  20926  21500  21872  22169  22362  22486  22571  22621  22663  22691  22721  22744  22761  22782 
031      0      0      0      0      0      0      0      0      0      0      0      0      0      0      0      0      0      0      0      0      0      2      3      5     22     36     76    174    340    710   1389   2562   4429   7161  10912  15706  21516  27872  34816  41713  48413  54629  59832  64224  67651  70226  72112  73469  74387  74967  75385  75636  75800  75931  76032  76127  76219  76284  76353 
032      0      0      0      0      0      0      0      0      0      0      0      0      0      0      0      0      0      0      0      0      1      1      1      1      8     14     42     82    165    370    747   1359   2372   3902   5825   8285  11337  14809  18418  22109  25789  29121  31886  34224  36073  37480  38496  39192  39699  40016  40241  40367  40471  40537  40598  40639  40680  40712  40740 
033      0      0      0      0      0      0      0      0      0      0      0      0      0      0      0      0      0      0      0      0      1      1      7     17     24     55    110    217    443    867   1746   3226   5504   8860  13472  19268  26467  34297  42802  51345  59491  67067  73599  78983  83225  86400  88714  90344  91406  92139  92659  92950  93194  93317  93451  93545  93620  93706  93785 
034      0      0      0      0      0      0      0      0      0      0      0      0      0      0      0      0      0      0      0      0      1      2      2      2      6     16     47    107    254    502   1023   1854   3251   5224   8016  11461  15620  20395  25326  30358  35298  39774  43426  46652  49284  51170  52580  53600  54224  54677  54947  55157  55286  55381  55462  55521  55563  55622  55671 
035      0      0      0      0      0      0      0      0      0      0      0      0      0      0      0      0      0      0      0      1      1      1      3      6     16     43     96    211    417    869   1675   3019   5227   8475  12991  18782  25607  33292  41545  49965  57858  65150  71546  76707  80799  83988  86276  87881  89027  89773  90245  90565  90784  90935  91083  91193  91288  91392  91483 
036      0      0      0      0      0      0      0      0      0      0      0      0      0      0      0      0      0      0      1      1      2      2      4      8     14     29     65    121    227    493   1043   1929   3355   5471   8320  11972  16344  21432  26825  32234  37344  41997  46215  49450  52205  54172  55743  56764  57440  57906  58183  58365  58503  58603  58673  58746  58807  58850  58887 
037      0      0      0      0      0      0      0      0      0      0      0      0      0      0      0      0      0      0      0      0      0      1      2      3      6     19     62    109    208    442    877   1551   2693   4323   6521   9336  12893  16816  21107  25287  29421  33127  36414  39120  41158  42750  43914  44743  45303  45689  45924  46088  46200  46276  46337  46372  46432  46472  46510 
038      0      0      0      0      0      0      0      0      0      0      0      0      0      0      0      0      0      0      0      0      1      2      2      2      3      6     16     27     55    103    211    380    656   1063   1593   2261   3044   3976   4994   6013   7041   7941   8701   9323   9826  10167  10445  10659  10778  10870  10922  10955  10978  10996  11004  11018  11031  11044  11050 
039      0      0      0      0      0      0      0      0      0      0      0      0      0      0      0      0      0      0      0      0      1      1      1      3      8     15     35     76    147    296    507    907   1541   2479   3732   5375   7341   9589  11889  14157  16378  18343  20161  21628  22792  23648  24328  24786  25069  25267  25398  25500  25557  25608  25648  25679  25706  25732  25751 
040      0      0      0      0      0      0      0      0      0      0      0      0      0      0      0      0      0      0      0      0      0      3      6      8     14     31     76    173    385    809   1577   2985   5093   8299  12646  18160  24809  32248  40384  48511  56259  63360  69598  74611  78629  81652  83732  85312  86441  87146  87652  87963  88151  88319  88449  88549  88648  88738  88814 
041      0      0      0      0      0      0      0      0      0      0      0      0      0      0      0      0      0      0      0      0      0      2      4     11     20     40     81    174    355    734   1452   2680   4557   7389  11291  16206  22086  28830  35872  43206  50110  56352  61858  66314  69944  72655  74546  75946  76857  77520  77930  78214  78415  78539  78666  78750  78820  78897  78963 
042      0      0      0      0      0      0      0      0      0      0      0      0      0      0      0      0      0      0      0      0      1      1      2      3     10     24     57    103    234    468    870   1591   2719   4478   6816   9816  13497  17667  22289  26762  31055  35027  38285  41165  43368  45012  46229  47130  47715  48121  48394  48578  48679  48753  48823  48885  48930  48972  49020 
043      0      0      0      0      0      0      0      0      0      0      0      0      0      0      0      0      0      0      0      0      1      2      4      7     17     30     69    154    336    710   1399   2540   4320   7052  10855  15672  21428  28106  34867  41872  48704  54779  60116  64576  68108  70825  72722  74081  75078  75728  76109  76371  76565  76699  76792  76884  76970  77044  77110 
044      0      0      0      0      0      0      0      0      0      0      0      0      0      0      0      0      0      0      0      0      0      0      1      3      7     10     22     62    134    241    468    871   1492   2467   3736   5367   7427   9647  12009  14404  16659  18779  20672  22159  23331  24246  24896  25353  25674  25869  25981  26075  26146  26194  26235  26260  26292  26317  26340 
045      0      0      0      0      0      0      0      0      0      0      0      0      0      0      0      0      0      0      0      0      0      0      1      3     15     30     57    141    281    604   1204   2127   3674   6087   9312  13422  18365  23992  30190  36335  42204  47461  52072  55871  58895  61171  62877  64075  64893  65460  65783  66029  66209  66322  66400  66474  66543  66602  66652 
046      0      0      0      0      0      0      0      0      0      0      0      0      0      0      0      0      0      0      0      1      1      2      2     12     17     22     53    117    261    534   1037   1898   3223   5251   7972  11561  15769  20564  25658  30766  35719  40302  44131  47364  49954  51965  53319  54301  54988  55408  55723  55917  56048  56145  56214  56278  56338  56389  56434 
047      0      0      0      0      0      0      0      0      0      0      0      0      0      0      0      0      0      0      0      0      0      1      2      2      5      8     32     76    155    305    609   1126   1887   3013   4548   6534   8912  11718  14587  17515  20379  22980  25164  27030  28453  29611  30408  30962  31382  31648  31825  31935  32034  32092  32144  32180  32219  32247  32265 
048      0      0      0      0      0      0      0      0      0      0      0      0      0      0      0      0      0      0      0      1      1      2      6     12     20     45     89    180    367    747   1492   2738   4637   7429  11460  16571  22848  29753  37053  44413  51539  58059  63594  68237  71931  74707  76704  78157  79186  79807  80252  80543  80724  80878  80987  81077  81169  81235  81294 
049      0      0      0      0      0      0      0      0      0      0      0      0      0      0      0      0      0      0      0      0      2      2      4     13     32     59    117    266    535   1116   2081   3930   6760  10994  16777  24093  32987  42939  53660  64316  74581  83812  92009  98694 103917 107887 110821 112825 114303 115249 115845 116263 116546 116786 116911 117064 117181 117306 117417 
050      0      0      0      0      0      0      0      0      0      0      0      0      0      0      0      0      0      0      0      0      1      4      6     12     20     34     82    186    405    875   1779   3389   5781   9321  14160  20362  27915  36324  45270  54530  63375  71392  78344  84005  88487  92043  94571  96330  97502  98335  98863  99190  99426  99596  99728  99830  99931 100017 100098 
051      0      0      0      0      0      0      0      0      0      0      0      0      0      0      0      0      0      0      0      0      2      3      5     11     22     44     87    199    415    853   1634   3071   5312   8740  13388  19244  26326  34411  42892  51455  59694  67116  73582  79000  83343  86513  88946  90598  91711  92424  92933  93261  93472  93634  93755  93861  93958  94050  94125 
052      0      0      0      0      0      0      0      0      0      0      0      0      0      0      0      0      0      0      0      1      1      3      4      4      9     21     42    110    214    432    851   1580   2782   4552   6916   9918  13592  17733  22014  26497  30720  34676  38146  40914  43107  44759  45944  46769  47359  47747  47988  48167  48294  48377  48448  48504  48545  48588  48626 
053      0      0      0      0      0      0      0      0      0      0      0      0      0      0      0      0      0      0      0      0      0      0      0      0      0      5     15     41     90    192    393    718   1252   2036   3097   4462   6113   7982   9929  11989  13907  15740  17310  18641  19607  20388  20941  21322  21607  21784  21898  21979  22037  22087  22115  22144  22162  22187  22201 
054      0      0      0      0      0      0      0      0      0      0      0      0      0      0      0      0      0      0      0      1      1      1      2      2      2      4     10     22     49     83    166    291    506    850   1295   1868   2525   3292   4065   4900   5685   6381   6975   7449   7878   8185   8414   8577   8683   8768   8814   8845   8865   8878   8892   8900   8906   8921   8929 
055      0      0      0      0      0      0      0      0      0      0      0      0      0      0      0      0      0      0      0      0      0      0      0      1      3      6     15     35     68    150    294    557    977   1583   2449   3451   4736   6160   7750   9319  10761  12101  13264  14222  14995  15584  15996  16303  16513  16635  16728  16781  16821  16853  16874  16888  16904  16919  16931 
056      0      0      0      0      0      0      0      0      0      0      0      0      0      0      0      0      0      0      0      0      0      1      2      3      4     12     23     63    127    267    560   1027   1826   2878   4353   6200   8450  10980  13698  16391  18911  21309  23372  25027  26402  27427  28199  28680  29058  29292  29441  29538  29611  29655  29691  29737  29766  29788  29814 
057      0      0      0      0      0      0      0      0      0      0      0      0      0      0      0      0      0      0      0      0      0      0      0      5      8     25     60    152    318    642   1250   2312   4001   6477   9884  14115  19195  25022  31123  37380  43414  48798  53528  57441  60470  62826  64456  65700  66507  67056  67407  67657  67841  67955  68041  68118  68185  68251  68300 
058      0      0      0      0      0      0      0      0      0      0      0      0      0      0      0      0      0      0      0      1      2      4      4      7     11     21     32     59    111    219    453    830   1430   2365   3539   5139   7058   9247  11474  13743  15999  18087  19887  21364  22476  23338  23956  24411  24700  24893  25031  25130  25201  25245  25285  25320  25338  25359  25379 
059      0      0      0      0      0      0      0      0      0      0      0      0      0      0      0      0      0      0      0      0      0      1      7     10     16     30     63    163    337    669   1276   2388   4062   6474   9949  14363  19466  25316  31655  38019  44147  49673  54523  58451  61615  63935  65623  66802  67702  68288  68645  68900  69063  69178  69271  69343  69403  69464  69536 
060      0      0      0      0      0      0      0      0      0      0      0      0      0      0      0      0      0      0      0      1      2      4      6     10     19     38     91    198    419    913   1810   3328   5643   9002  13724  19699  26832  34918  43529  52317  60709  68336  74992  80457  84903  88062  90336  92016  93117  93884  94381  94690  94932  95122  95269  95359  95452  95550  95648 
061      0      0      0      0      0      0      0      0      0      0      0      0      0      0      0      0      0      0      0      0      2      2      4      8     15     24     59    133    339    735   1483   2682   4578   7357  11255  16168  21999  28671  35801  43047  50057  56417  61899  66423  69974  72610  74551  75916  76775  77391  77800  78068  78270  78394  78511  78603  78683  78758  78822 
062      0      0      0      0      0      0      0      0      0      0      0      0      0      0      0      0      0      0      0      0      2      2      2      4     11     27     45    109    261    541   1082   2043   3570   5705   8714  12469  17107  22203  27654  33249  38596  43552  47844  51385  54108  56129  57644  58706  59420  59890  60220  60448  60592  60714  60801  60866  60919  60984  61034 
063      0      0      0      0      0      0      0      0      0      0      0      0      0      0      0      0      0      0      0      0      0      1      1      4     10     29     59    145    304    600   1152   2044   3499   5653   8516  12225  16582  21492  26902  32384  37539  42239  46301  49693  52375  54348  55815  56850  57602  58060  58401  58623  58746  58861  58947  59012  59072  59118  59169 
064      0      0      0      0      0      0      0      0      0      0      0      0      0      0      0      0      0      0      0      0      0      0      1      2      3     10     14     26     66    135    264    474    818   1353   2051   2984   4094   5359   6629   7977   9260  10445  11373  12184  12848  13368  13742  13995  14162  14280  14361  14418  14449  14480  14495  14510  14521  14530  14540 
065      0      0      0      0      0      0      0      0      0      0      0      0      0      0      0      0      0      0      0      0      0      0      0      2     10     21     42    113    254    525    990   1819   3153   5034   7703  11132  15132  19870  24823  29789  34667  39035  42942  46160  48667  50569  51949  52896  53557  53973  54238  54439  54568  54663  54726  54810  54867  54922  54974 
066      0      0      0      0      0      0      0      0      0      0      0      0      0      0      0      0      0      0      0      2      3      3      3      9     21     48    103    246    481    982   1944   3584   6116   9894  15043  21685  29618  38609  48259  57876  67272  75653  82961  88989  93683  97328  99943 101849 103134 103945 104489 104852 105128 105296 105467 105586 105690 105799 105914 
067      0      0      0      0      0      0      0      0      0      0      0      0      0      0      0      0      0      0      0      1      1      1      2      3      7     13     27     46    106    201    372    688   1176   1921   2882   4142   5652   7459   9281  11194  13090  14698  16071  17214  18082  18740  19296  19661  19888  20054  20166  20235  20273  20300  20331  20354  20372  20393  20412 
068      0      0      0      0      0      0      0      0      0      0      0      0      0      0      0      0      0      0      0      0      1      2      3      6     16     31     74    180    370    724   1424   2579   4423   7155  10807  15550  21283  27684  34460  41366  48093  54207  59486  63937  67231  69793  71704  73067  73937  74555  74930  75196  75375  75519  75629  75711  75782  75850  75913 
069      0      0      0      0      0      0      0      0      0      0      0      0      0      0      0      0      0      0      0      0      0      0      0      1      5     11     24     59    112    245    475    851   1538   2421   3680   5313   7349   9536  11907  14192  16449  18524  20332  21889  23088  23952  24615  25042  25335  25528  25665  25744  25801  25853  25900  25938  25966  25987  26002 
070      0      0      0      0      0      0      0      0      0      0      0      0      0      0      0      0      0      0      0      0      0      0      0      0      1      7     15     36     81    152    283    522    892   1402   2063   2991   4087   5359   6663   7963   9263  10409  11384  12158  12791  13311  13682  13927  14112  14228  14314  14367  14410  14440  14465  14480  14494  14510  14521 
071      0      0      0      0      0      0      0      0      0      0      0      0      0      0      0      0      0      0      0      0      1      3      3      7     14     27     57    111    251    507    989   1844   3175   5153   7769  11144  15465  20248  25193  30293  35204  39730  43764  46876  49396  51296  52695  53666  54328  54768  55057  55240  55368  55464  55536  55597  55660  55709  55759 
072      0      0      0      0      0      0      0      0      0      0      0      0      0      0      0      0      0      0      1      1      1      2      3      4      5      7     10     17     36     72    121    224    402    645   1011   1404   1914   2470   3137   3754   4335   4861   5322   5702   6014   6237   6410   6532   6623   6674   6708   6731   6744   6757   6765   6773   6783   6787   6791 
073      0      0      0      0      0      0      0      0      0      0      0      0      0      0      0      0      0      0      0      0      0      0      0      4     15     29     62    123    261    504    953   1753   3031   4798   7306  10526  14322  18600  23325  28018  32506  36651  40253  43183  45533  47255  48530  49404  50012  50421  50692  50870  50981  51058  51133  51185  51239  51292  51340 
074      0      0      0      0      0      0      0      0      0      0      0      0      0      0      0      0      0      0      0      0      1      1      4     13     23     56    113    232    480    954   1871   3489   6096   9850  14972  21633  29612  38539  48103  57844  67271  75701  83108  89392  94227  97905 100571 102442 103752 104629 105217 105570 105809 106008 106171 106280 106392 106483 106587 
075      0      0      0      0      0      0      0      0      0      0      0      0      0      0      0      0      0      0      0      0      2      3      7     10     14     29     65    131    318    666   1313   2362   4108   6618  10132  14609  19932  25934  32467  38959  45346  51096  56052  60161  63402  65888  67644  68827  69670  70262  70618  70887  71045  71178  71254  71327  71400  71466  71525 
076      0      0      0      0      0      0      0      0      0      0      0      0      0      0      0      0      0      0      0      0      0      0      0      2      6     11     23     39     72    174    359    640   1137   1821   2733   3932   5381   7054   8838  10669  12317  13868  15227  16355  17242  17966  18443  18800  19048  19189  19281  19353  19409  19440  19464  19483  19507  19527  19541 
077      0      0      0      0      0      0      0      0      0      0      0      0      0      0      0      0      0      0      0      0      0      0      1      4     10     15     30     64    148    330    660   1200   2027   3197   4835   6974   9473  12266  15320  18438  21429  24160  26506  28449  29980  31106  31943  32494  32877  33163  33343  33449  33509  33571  33616  33653  33685  33716  33754 
078      0      0      0      0      0      0      0      0      0      0      0      0      0      0      0      0      0      0      0      0      0      2      3      9     15     44    113    237    546   1082   2094   3855   6586  10647  16317  23490  32000  41920  52300  62709  72907  82190  90254  96899 102123 106006 108835 110783 112088 113043 113663 114083 114355 114567 114750 114888 115012 115114 115204 
079      0      0      0      0      0      0      0      0      0      0      0      0      0      0      0      0      0      0      0      0      0      0      0      1      2      6     14     30     62    124    232    429    735   1216   1876   2675   3659   4809   6022   7260   8377   9376  10289  11044  11629  12076  12426  12652  12819  12923  12985  13027  13059  13085  13104  13114  13128  13141  13150 
080      0      0      0      0      0      0      0      0      0      0      0      0      0      0      0      0      0      0      0      0      0      1      3      7     15     25     62    139    278    593   1219   2259   3820   6138   9273  13375  18252  23784  29737  35773  41491  46660  51249  55019  57951  60074  61688  62844  63664  64214  64580  64790  64956  65068  65160  65243  65298  65379  65440 
081      0      0      0      0      0      0      0      0      0      0      0      0      0      0      0      0      0      0      0      0      1      4      4      4      7     22     55    138    272    582   1147   2079   3561   5767   8790  12611  17146  22463  28015  33599  38947  43846  48074  51541  54231  56344  57842  58943  59651  60144  60459  60649  60779  60899  60976  61051  61118  61184  61232 
082      0      0      0      0      0      0      0      0      0      0      0      0      0      0      0      0      0      0      0      0      1      1      3      8     15     32     68    164    337    736   1407   2506   4234   6863  10416  14982  20464  26777  33388  40136  46577  52369  57371  61609  65000  67503  69387  70654  71534  72093  72492  72741  72915  73042  73143  73217  73296  73367  73439 
083      0      0      0      0      0      0      0      0      0      0      0      0      0      0      0      0      0      0      0      0      1      1     10     13     25     57    129    287    595   1206   2294   4147   7032  11297  17185  24800  33765  44124  55365  66574  77392  87044  95300 102167 107789 111986 114979 117158 118599 119574 120230 120630 120906 121133 121289 121421 121539 121644 121759 
084      0      0      0      0      0      0      0      0      0      0      0      0      0      0      0      0      0      0      0      1      1      6     10     18     30     66    168    358    758   1630   3179   5812  10064  16289  25051  35986  49172  63868  79916  96064 111617 125759 138071 148146 156273 162183 166676 169772 171846 173298 174253 174903 175311 175630 175863 176073 176256 176408 176566 
085      0      0      0      0      0      0      0      0      0      0      0      0      0      0      0      0      0      0      0      1      1      1      1      4      9     15     27     61    114    252    482    872   1482   2381   3674   5251   7212   9359  11702  14093  16401  18459  20292  21772  22953  23843  24495  24963  25299  25521  25684  25783  25845  25896  25931  25968  25988  26023  26044 
086      0      0      0      0      0      0      0      0      0      0      0      0      0      0      0      0      0      0      0      0      1      1      1      2      3     15     48    105    226    458    928   1790   3145   5079   7592  10967  15056  19734  24624  29602  34311  38708  42508  45647  48105  49899  51136  52051  52701  53128  53391  53568  53687  53791  53856  53902  53955  53997  54049 
087      0      0      0      0      0      0      0      0      0      0      0      0      0      0      0      0      0      0      0      0      0      1      2      5     11     28     43     97    207    425    826   1517   2615   4306   6532   9482  12982  16955  21131  25289  29334  33046  36221  38944  41096  42718  43898  44718  45308  45678  45945  46104  46212  46288  46350  46385  46430  46475  46506 
088      0      0      0      0      0      0      0      0      0      0      0      0      0      0      0      0      0      0      0      1      1      2      4      5      9     23     54    102    200    442    858   1554   2637   4308   6578   9511  12980  16915  21139  25476  29590  33377  36585  39197  41288  42888  44058  44874  45432  45788  46016  46182  46304  46381  46443  46507  46565  46605  46654 
089      0      0      0      0      0      0      0      0      0      0      0      0      0      0      0      0      0      0      0      0      1      3      4     11     19     35     84    191    409    844   1667   3047   5286   8534  13053  18730  25505  33172  41432  49825  57772  65087  71386  76640  80650  83799  86098  87697  88737  89436  89956  90298  90507  90677  90780  90871  90969  91063  91132 
090      0      0      0      0      0      0      0      0      0      0      0      0      0      0      0      0      0      0      1      1      1      3      5      6      8     29     68    141    257    499    961   1737   2958   4755   7196  10333  14166  18391  23054  27732  32187  36315  39843  42716  44971  46627  47850  48760  49380  49738  50033  50193  50318  50422  50488  50540  50594  50644  50688 
091      0      0      0      0      0      0      0      0      0      0      0      0      0      0      0      0      0      1      1      1      1      2      5      7     11     24     43     95    196    423    835   1486   2578   4148   6347   9122  12501  16259  20218  24176  28222  31832  34927  37532  39517  41060  42204  43010  43570  43953  44156  44326  44426  44512  44572  44626  44678  44719  44760 
092      0      0      0      0      0      0      0      0      0      0      0      0      0      0      0      0      0      0      0      2      2      2      5      5     19     38     84    200    464    937   1826   3385   5818   9401  14203  20323  27636  36137  45052  53992  62331  70317  77254  83023  87412  90768  93256  95001  96127  96956  97514  97858  98075  98253  98404  98500  98609  98681  98769 
093      0      0      0      0      0      0      0      0      0      0      0      0      0      0      0      0      0      0      0      1      1      2      4      5      8     14     41     88    174    349    698   1277   2154   3474   5389   7706  10448  13586  17061  20598  23923  26940  29477  31635  33408  34763  35710  36368  36869  37184  37373  37529  37608  37664  37721  37761  37797  37827  37850 
094      0      0      0      0      0      0      0      0      0      0      0      0      0      0      0      0      0      0      0      1      1      1      3      6     10     23     44    119    237    449    876   1607   2776   4466   6767   9653  13076  16999  21338  25723  29859  33610  36899  39638  41730  43346  44456  45280  45847  46226  46477  46639  46738  46808  46870  46923  46960  47011  47059 
095      0      0      0      0      0      0      0      0      0      0      0      0      0      0      0      0      0      0      0      0      1      2      5      7     16     33     67    136    278    555   1130   2080   3551   5727   8714  12479  17063  22108  27494  33162  38629  43584  47797  51273  54067  56140  57702  58761  59507  59985  60313  60523  60661  60761  60843  60919  60956  61009  61066 
096      0      0      0      0      0      0      0      0      0      0      0      0      0      0      0      0      0      0      0      0      1      3      5     13     25     59    141    292    607   1276   2453   4540   7698  12343  18838  27030  36907  47929  59825  71894  83638  94220 103388 111066 117069 121561 124945 127191 128764 129820 130553 130994 131297 131517 131708 131851 131977 132090 132208 
097      0      0      0      0      0      0      0      0      0      0      0      0      0      0      0      0      0      0      0      0      0      1      2      7     12     25     58    112    256    499   1005   1838   3083   5027   7637  11099  15264  19980  24929  29794  34552  38819  42615  45742  48177  50048  51417  52365  53054  53489  53793  53972  54124  54225  54296  54362  54414  54462  54506 
098      0      0      0      0      0      0      0      0      0      0      0      0      0      0      0      0      0      0      0      0      0      1      2      8     15     29     50    120    241    507    945   1720   3013   4823   7461  10705  14785  19324  24079  29070  33690  38055  41774  44757  47261  49058  50353  51226  51868  52327  52613  52803  52929  53012  53080  53150  53211  53268  53321 
099      0      0      0      0      0      0      0      0      0      0      0      0      0      0      0      0      0      0      0      0      1      1      3      5      7      8     16     22     44     93    180    317    539    855   1306   1863   2522   3291   4106   4873   5638   6428   7017   7585   7991   8288   8510   8659   8776   8877   8932   8968   8992   9006   9013   9018   9032   9041   9051 
100      0      0      0      0      0      0      0      0      0      0      0      0      0      0      0      0      0      0      0      0      0      1      2      4     16     33     73    180    389    827   1670   3045   5285   8618  13096  18766  25699  33459  41833  50297  58514  65893  72292  77530  81615  84803  87106  88634  89759  90513  91029  91330  91539  91700  91830  91916  92006  92109  92190 
101      0      0      0      0      0      0      0      0      0      0      0      0      0      0      0      0      0      0      0      0      0      0      0      4      5     10     26     37     77    157    296    516    905   1461   2240   3212   4342   5637   7046   8398   9768  11007  12084  12939  13643  14189  14608  14890  15073  15178  15259  15310  15357  15384  15410  15423  15437  15463  15474 
102      0      0      0      0      0      0      0      0      0      0      0      0      0      0      0      0      0      0      0      0      0      1      3      5      8     12     27     74    161    334    651   1246   2098   3404   5206   7485  10206  13373  16724  20093  23366  26180  28780  30992  32661  33924  34825  35512  35957  36232  36401  36531  36625  36697  36752  36797  36835  36866  36905 
103      0      0      0      0      0      0      0      0      0      0      0      0      0      0      0      0      0      0      0      0      0      1      6     15     29     55    133    316    712   1444   2818   5129   8815  14281  22008  31841  43428  56730  71018  85421  99154 111695 122489 131417 138557 143901 147857 150581 152424 153695 154476 155023 155396 155682 155919 156128 156312 156452 156598 
104      0      0      0      0      0      0      0      0      0      0      0      0      0      0      0      0      0      0      0      0      0      0      0      0      0      4     25     56    147    322    598   1120   1895   2984   4484   6441   8873  11629  14580  17550  20303  22873  25141  26985  28406  29497  30320  30881  31263  31513  31666  31772  31844  31892  31936  31978  32006  32038  32068 
105      0      0      0      0      0      0      0      0      0      0      0      0      0      0      0      0      0      0      1      1      1      2      2      4      4      8     24     41     73    144    297    538    980   1586   2371   3367   4729   6190   7700   9291  10782  12143  13311  14319  15111  15712  16182  16442  16642  16801  16903  16958  17001  17027  17053  17075  17087  17103  17118 
106      0      0      0      0      0      0      0      0      0      0      0      0      0      0      0      0      0      0      0      0      1      2      4     16     26     66    153    324    676   1329   2627   4776   8201  13371  20209  29278  39867  51868  64650  77502  89845 101257 111147 119291 125616 130486 134130 136668 138334 139506 140240 140746 141091 141358 141555 141718 141843 141990 142123 
107      0      0      0      0      0      0      0      0      0      0      0      0      0      0      0      0      0      0      0      1      1      2      5     17     25     44    101    257    548   1149   2313   4307   7451  11992  18138  26116  35589  46238  57645  69430  80328  90429  99080 106479 112185 116519 119698 121933 123435 124492 125136 125591 125904 126143 126327 126476 126611 126718 126831 
108      0      0      0      0      0      0      0      0      0      0      0      0      0      0      0      0      0      1      2      2      3      4      9     17     38     88    177    388    838   1769   3431   6246  10698  17199  26056  37517  51325  66911  83343 100224 116363 131102 143703 154067 162470 168714 173251 176490 178781 180234 181231 181897 182324 182687 182917 183144 183317 183484 183666 
109      0      0      0      0      0      0      0      0      0      0      0      0      0      0      0      0      0      0      0      0      0      0      1      3      6     21     46    110    245    487    895   1694   2852   4656   7117  10259  13924  18182  22664  27462  31833  35839  39331  42182  44502  46316  47512  48391  49051  49470  49730  49926  50045  50132  50204  50259  50302  50345  50385 
110      0      0      0      0      0      0      0      0      0      0      0      0      0      0      0      0      0      1      2      3      3      3      6      7     17     42     99    182    373    792   1462   2690   4662   7599  11492  16643  22794  29641  36907  44459  51507  57845  63319  67986  71796  74504  76536  77947  78927  79551  79987  80288  80467  80593  80696  80798  80871  80945  81021 
111      0      0      0      0      0      0      0      0      0      0      0      0      0      0      0      0      0      0      0      0      1      2      5      5     12     34     87    185    408    897   1820   3389   5800   9372  14352  20626  28167  36689  45863  55139  64111  72197  79252  85143  89718  93170  95708  97566  98787  99547 100036 100363 100619 100795 100928 101056 101161 101266 101351 
112      0      0      0      0      0      0      0      0      0      0      0      0      0      0      0      0      0      0      0      0      1      1      1      2      5     15     28     57    133    259    475    907   1517   2474   3760   5381   7309   9492  11835  14121  16507  18605  20300  21795  22933  23799  24392  24847  25147  25349  25484  25564  25619  25661  25707  25732  25762  25787  25809 
113      0      0      0      0      0      0      0      0      0      0      0      0      0      0      0      0      0      0      0      0      0      0      0      0      1      5     15     29     75    176    349    649   1093   1723   2634   3841   5225   6836   8486  10230  11850  13274  14540  15567  16386  16999  17452  17781  17994  18148  18248  18318  18369  18404  18431  18454  18475  18489  18499 
114      0      0      0      0      0      0      0      0      0      0      0      0      0      0      0      0      0      0      0      1      1      2      2      2      3      7     16     40     77    162    322    582   1037   1703   2631   3722   5063   6534   8159   9750  11363  12845  14085  15084  15806  16408  16832  17159  17360  17514  17610  17676  17716  17745  17767  17786  17804  17822  17831 
115      0      0      0      0      0      0      0      0      0      0      0      0      0      0      0      0      0      0      0      0      0      0      0      2      5     10     35     79    152    279    535    970   1659   2648   3981   5709   7809  10231  12680  15183  17695  19903  21814  23475  24741  25672  26379  26833  27195  27407  27551  27629  27687  27721  27760  27790  27824  27836  27862 
116      0      0      0      0      0      0      0      0      0      0      0      0      0      0      0      0      0      0      0      0      0      0      1      1      1      4      7      9     21     49     95    179    303    466    711   1018   1428   1867   2335   2752   3219   3606   3949   4251   4484   4653   4784   4868   4923   4965   4998   5013   5030   5034   5041   5048   5054   5058   5067 
117      0      0      0      0      0      0      0      0      0      0      0      0      0      0      0      0      0      0      0      0      1      2      3      5     13     25     47     89    191    381    754   1377   2354   3800   5801   8453  11518  14970  18755  22491  26034  29450  32290  34592  36571  37951  38976  39690  40211  40553  40776  40938  41028  41100  41172  41212  41253  41282  41321 
118      0      0      0      0      0      0      0      0      0      0      0      0      0      0      0      0      0      0      0      0      0      3      9     10     19     40    112    253    544   1056   2124   3889   6628  10609  16077  23310  31750  41345  51583  61878  71886  80867  88609  95042 100159 104043 106826 108865 110161 111088 111659 112036 112300 112505 112630 112766 112881 112988 113083 
119      0      0      0      0      0      0      0      0      0      0      0      0      0      0      0      0      0      0      0      0      0      0      3      5     12     17     33     62    142    299    562   1023   1750   2735   4083   5874   8043  10592  13206  15881  18452  20743  22749  24479  25758  26737  27441  27919  28319  28546  28686  28795  28868  28919  28965  28999  29030  29058  29083 
120      0      0      0      0      0      0      0      0      0      0      0      0      0      0      0      0      0      0      0      1      1      1      1      1      5     10     18     29     71    142    285    511    872   1405   2151   3075   4132   5478   6781   8172   9491  10649  11657  12558  13204  13716  14079  14354  14517  14622  14707  14763  14810  14829  14845  14863  14875  14893  14910 
121      0      0      0      0      0      0      0      0      0      0      0      0      0      0      0      0      0      0      1      1      1      3      6      8     14     40     82    164    354    737   1423   2518   4257   6869  10458  14984  20512  26527  33191  39847  46243  52065  57227  61452  64801  67392  69171  70459  71421  71990  72403  72668  72821  72940  73036  73125  73188  73264  73329 
122      0      0      0      0      0      0      0      0      0      0      0      0      0      0      0      0      0      0      0      1      1      1      1      3      7      8     10     24     56    113    204    419    706   1086   1671   2366   3202   4189   5218   6278   7333   8222   9027   9676  10187  10602  10904  11092  11215  11322  11382  11420  11441  11458  11481  11495  11507  11518  11533 
123      0      0      0      0      0      0      0      0      0      0      0      0      0      0      0      0      0      0      0      0      1      2      2      3      9     20     37     71    156    333    656   1227   2075   3336   5107   7308  10105  13138  16420  19806  23041  26002  28461  30536  32106  33371  34273  34897  35324  35593  35790  35927  36006  36070  36121  36170  36208  36236  36270 
124      0      0      0      0      0      0      0      0      0      0      0      0      0      0      0      0      0      0      0      0      0      0      2      6     13     26     51     90    210    450    873   1593   2715   4360   6673   9696  13234  17094  21393  25731  29964  33769  37104  39707  41849  43508  44648  45486  46065  46423  46646  46824  46926  46999  47063  47112  47161  47194  47246 
125      0      0      0      0      0      0      0      0      0      0      0      0      0      0      0      0      0      0      1      2      2      3      3      8     15     37     72    154    349    765   1536   2905   4938   7981  12274  17684  24072  31381  39217  47057  54603  61370  67188  72033  75874  78778  80994  82518  83463  84154  84629  84928  85147  85276  85399  85495  85575  85658  85735 
126      0      0      0      0      0      0      0      0      0      0      0      0      0      0      0      0      0      0      0      0      0      1      4      7     13     34     65    151    301    607   1163   2137   3665   5900   9024  13100  17842  23161  28916  34707  40264  45187  49625  53259  56187  58251  59879  60997  61773  62292  62623  62842  62986  63105  63195  63284  63355  63417  63483 
127      0      0      0      0      0      0      0      0      0      0      0      0      0      0      0      0      0      0      0      0      1      2      5     14     22     36     92    195    390    767   1506   2835   4831   7857  11965  17300  23629  30895  38779  46465  53804  60681  66642  71419  75205  78094  80142  81637  82601  83267  83707  83975  84204  84358  84474  84567  84647  84719  84805 
128      0      0      0      0      0      0      0      0      0      0      0      0      0      0      0      0      0      0      0      0      0      0      4     10     20     47    115    249    512   1081   2117   3881   6724  10810  16465  23732  32499  42342  52671  63325  73546  83001  91050  97806 103079 107062 109996 111991 113365 114254 114858 115266 115552 115749 115895 116027 116151 116275 116364 
129      0      0      0      0      0      0      0      0      0      0      0      0      0      0      0      0      0      0      0      0      0      1      5      8     11     20     44    118    313    687   1310   2411   4158   6766  10324  14885  20273  26546  33011  39594  46034  51878  56901  61001  64388  66998  68827  70091  70973  71519  71905  72149  72331  72464  72576  72653  72712  72784  72847 
130      0      0      0      0      0      0      0      0      0      0      0      0      0      0      0      0      0      0      0      0      1      1      1      7     15     31     76    149    309    659   1274   2432   4228   6889  10503  15126  20563  26821  33519  40162  46841  52788  57904  62160  65548  68150  69999  71306  72185  72791  73177  73418  73593  73743  73844  73926  73998  74072  74128 
131      0      0      0      0      0      0      0      0      0      0      0      0      0      0      0      0      0      0      0      0      0      0      0      4      8     16     37     79    143    293    553   1020   1806   2902   4334   6183   8426  10949  13619  16347  19052  21470  23654  25367  26768  27839  28615  29179  29550  29781  29962  30079  30165  30215  30259  30297  30328  30358  30389 
132      0      0      0      0      0      0      0      0      0      0      0      0      0      0      0      0      0      0      0      0      0      1      3      4     12     24     63    126    258    564   1122   2075   3557   5793   8843  12591  17293  22605  28268  34145  39448  44453  48727  52219  55110  57251  58795  59919  60652  61176  61529  61751  61915  62046  62133  62213  62275  62326  62392 
133      0      0      0      0      0      0      0      0      0      0      0      0      0      0      0      0      0      0      1      1      2      3      5      7     12     17     52    119    269    563   1071   1981   3479   5574   8413  12135  16453  21400  26854  32364  37393  42171  46209  49429  52047  54085  55546  56608  57298  57750  58062  58262  58417  58519  58600  58661  58721  58786  58846 
134      0      0      0      0      0      0      0      0      0      0      0      0      0      0      0      0      0      0      0      0      0      1      1      2      7     16     40     77    161    326    652   1206   2069   3391   5160   7415  10150  13214  16453  19690  22840  25752  28332  30411  31978  33264  34132  34839  35262  35557  35775  35900  35980  36055  36101  36150  36191  36228  36263 
135      0      0      0      0      0      0      0      0      0      0      0      0      0      0      0      0      0      0      0      1      1      1      2      5     14     30     58    147    332    629   1226   2196   3725   6050   9204  13223  18105  23552  29369  35224  40811  46002  50479  54164  57095  59239  60923  62075  62880  63407  63738  63946  64088  64207  64301  64368  64422  64465  64514 
136      0      0      0      0      0      0      0      0      0      0      0      0      0      0      0      0      0      0      0      0      2      5      8     14     24     54    110    233    517   1088   2145   4003   6919  11270  17071  24450  33539  43660  54549  65636  76239  85844  94137 100888 106348 110485 113460 115540 116934 117957 118594 118984 119219 119428 119605 119746 119875 119975 120084 
137      0      0      0      0      0      0      0      0      0      0      0      0      0      0      0      0      0      0      0      1      2      2      2      6     12     19     42     72    165    313    620   1193   2082   3351   5026   7165   9779  12746  15800  18943  21975  24843  27264  29273  30795  31926  32805  33405  33823  34101  34275  34418  34497  34567  34615  34644  34676  34713  34748 
138      0      0      0      0      0      0      0      0      0      0      0      0      0      0      0      0      0      0      0      0      0      1      5     12     31     55    114    218    469    945   1771   3300   5654   9165  14010  20152  27565  35771  44652  53582  62189  69914  76776  82493  86894  90189  92550  94241  95425  96187  96665  96996  97223  97383  97534  97661  97773  97875  97954 
139      0      0      0      0      0      0      0      0      0      0      0      0      0      0      0      0      0      0      0      0      1      3      7     14     37     73    159    348    763   1546   3024   5657   9781  15688  23842  34461  46979  61227  76453  91742 106700 120224 131958 141618 149233 154904 159065 162022 164100 165451 166336 166928 167346 167646 167903 168094 168254 168411 168558 
140      0      0      0      0      0      0      0      0      0      0      0      0      0      0      0      0      0      0      0      0      3      5      6     10     23     54    117    269    533   1077   2120   3891   6612  10687  16130  23153  31663  41329  51535  62051  72055  81228  89165  95763 100906 104808 107651 109686 111104 112065 112676 113077 113352 113548 113711 113859 113966 114077 114179 
141      0      0      0      0      0      0      0      0      0      0      0      0      0      0      0      0      0      0      0      0      0      0      2      5     15     28     60    133    288    601   1182   2162   3710   6097   9296  13351  18265  23855  29874  35765  41591  46843  51450  55241  58231  60532  62206  63392  64131  64639  64980  65231  65377  65489  65567  65647  65717  65773  65824 
142      0      0      0      0      0      0      0      0      0      0      0      0      0      0      0      0      0      0      0      0      1      4      6     11     19     35     78    169    320    669   1291   2364   4065   6618  10146  14602  19993  25954  32289  38715  44983  50629  55482  59474  62615  65004  66714  67888  68695  69224  69570  69805  69980  70099  70197  70259  70352  70428  70493 
143      0      0      0      0      0      0      0      0      0      0      0      0      0      0      0      0      0      0      0      1      1      3      3      5      6     22     41     82    150    328    662   1144   2001   3269   5005   7060   9607  12529  15573  18662  21718  24491  26904  28859  30447  31658  32526  33153  33555  33834  34032  34147  34239  34307  34363  34400  34430  34452  34483 
144      0      0      0      0      0      0      0      0      0      0      0      0      0      0      0      0      0      0      0      0      0      0      2      6     18     52    121    241    528   1139   2181   4038   6916  11111  16740  24234  33167  43268  53873  64475  74874  84226  92569  99230 104578 108722 111603 113619 115052 116007 116636 117041 117321 117561 117701 117834 117949 118066 118174 
145      0      0      0      0      0      0      0      0      0      0      0      0      0      0      0      0      0      0      1      1      1      1      4      6     12     20     38     85    162    368    719   1319   2327   3670   5651   8177  11130  14470  18020  21650  25114  28339  31154  33380  35159  36514  37535  38240  38689  39040  39245  39371  39480  39553  39610  39650  39690  39729  39756 
146      0      0      0      0      0      0      0      0      0      0      0      0      0      0      0      0      0      0      0      0      0      0      2      4     16     36     65    160    353    746   1443   2625   4570   7317  11196  16138  21960  28633  35658  42865  49738  56045  61452  65986  69448  72086  74036  75493  76394  77058  77482  77775  77987  78106  78221  78301  78380  78465  78526 
147      0      0      0      0      0      0      0      0      0      0      0      0      0      0      0      0      0      0      0      1      2      2      3      4     13     25     60    121    257    525   1008   1948   3426   5420   8307  11822  15952  20691  25947  31186  36400  40985  44916  48145  50649  52650  54059  55092  55802  56269  56567  56783  56928  57024  57110  57181  57245  57295  57346 
148      0      0      0      0      0      0      0      0      0      0      0      0      0      0      0      0      0      0      0      0      0      1      2      4      4      7     15     30     75    153    305    567    959   1591   2458   3574   4841   6256   7771   9330  10798  12205  13422  14439  15198  15806  16200  16491  16691  16815  16907  16958  17006  17035  17059  17081  17103  17125  17143 
149      0      0      0      0      0      0      0      0      0      0      0      0      0      0      0      0      0      0      2      2      3      3      4      8     17     32     79    176    372    794   1493   2756   4770   7613  11645  16802  22982  30041  37494  44954  52241  58771  64485  69259  73056  75903  77906  79322  80290  80925  81352  81645  81846  81978  82094  82176  82252  82317  82388 
150      0      0      0      0      0      0      0      0      0      0      0      0      0      0      0      0      0      0      0      0      0      1      2      4     12     29     73    158    336    737   1456   2679   4619   7439  11337  16455  22457  29160  36434  43734  50739  57103  62576  67023  70552  73266  75213  76642  77626  78261  78697  78965  79162  79314  79424  79517  79594  79669  79734 
151      0      0      0      0      0      0      0      0      0      0      0      0      0      0      0      0      0      0      0      1      1      2      6      6      8     12     22     55    124    256    488    860   1477   2428   3683   5289   7228   9453  11816  14153  16410  18524  20281  21811  22957  23833  24505  24968  25283  25526  25651  25755  25814  25860  25889  25918  25943  25975  26000 
152      0      0      0      0      0      0      0      0      0      0      0      0      0      0      0      0      0      0      0      0      0      0      0      1      3     13     22     47    111    210    411    736   1331   2113   3208   4631   6231   8151  10252  12257  14241  16062  17671  18968  20010  20759  21286  21709  21998  22192  22319  22382  22433  22471  22486  22504  22522  22543  22568 
153      0      0      0      0      0      0      0      0      0      0      0      0      0      0      0      0      0      0      0      0      0      0      2      5     13     24     48    117    253    490    928   1726   3015   4821   7293  10505  14263  18533  23078  27790  32395  36519  40112  43049  45317  47055  48236  49198  49764  50197  50442  50605  50716  50816  50881  50939  50982  51042  51081 
154      0      0      0      0      0      0      0      0      0      0      0      0      0      0      0      0      0      0      0      0      1      2      3      7     14     34     78    156    391    831   1630   3099   5367   8637  12986  18667  25365  33143  41578  50007  57911  65048  71260  76577  80681  83809  86178  87765  88828  89574  90048  90362  90580  90737  90861  90976  91055  91130  91213 
155      0      0      0      0      0      0      0      0      0      0      0      0      0      0      0      0      0      0      0      0      0      0      1      2      9     19     52    120    246    505   1019   1882   3187   5156   7817  11143  15361  20093  25083  30128  35025  39575  43485  46538  49023  50989  52377  53369  53995  54451  54690  54886  55015  55119  55206  55274  55339  55384  55439 
156      0      0      0      0      0      0      0      0      0      0      0      0      0      0      0      0      0      0      0      0      1      3      4      5      6     11     26     56    114    209    399    756   1324   2142   3334   4770   6493   8375  10377  12434  14413  16287  17890  19180  20197  20989  21549  21975  22271  22445  22563  22650  22702  22741  22776  22804  22819  22836  22855 
157      0      0      0      0      0      0      0      0      0      0      0      0      0      0      0      0      0      0      0      0      1      2      3      6     12     22     46     90    193    391    803   1473   2562   4162   6302   8986  12282  15951  19889  23864  27761  31267  34276  36797  38832  40345  41445  42207  42737  43074  43310  43476  43596  43669  43731  43790  43830  43879  43912 
158      0      0      0      0      0      0      0      0      0      0      0      0      0      0      0      0      0      0      1      1      1      2      4      7     13     22     52     98    198    449    910   1706   3022   4910   7504  10709  14606  19174  24005  28806  33340  37580  41212  44274  46728  48479  49749  50661  51269  51677  51960  52158  52281  52368  52453  52521  52570  52623  52677 
159      0      0      0      0      0      0      0      0      0      0      0      0      0      0      0      0      0      0      0      2      2      2      2      4      5      8     24     51     89    182    358    629   1072   1746   2663   3795   5176   6745   8510  10291  11929  13474  14783  15835  16706  17335  17819  18142  18350  18507  18604  18681  18726  18753  18780  18799  18815  18829  18841 
160      0      0      0      0      0      0      0      0      0      0      0      0      0      0      0      0      0      0      0      0      2      4      7     11     17     39     86    183    404    795   1545   2929   5122   8236  12496  18013  24545  31844  39782  47716  55370  62225  68174  73088  77135  80220  82344  83906  85006  85677  86146  86461  86661  86804  86914  86999  87068  87136  87234 
161      0      0      0      0      0      0      0      0      0      0      0      0      0      0      0      0      0      0      0      0      1      1      2      2      4     22     39     81    176    371    703   1267   2236   3730   5734   8311  11344  14760  18415  22121  25557  28674  31529  33804  35703  37077  38101  38813  39315  39640  39851  39998  40094  40174  40216  40263  40310  40354  40380 
162      0      0      0      0      0      0      0      0      0      0      0      0      0      0      0      0      0      0      0      0      1      1      5      7     10     18     48     94    211    432    845   1500   2620   4147   6417   9207  12538  16454  20545  24662  28743  32259  35471  38055  40046  41589  42716  43493  44031  44400  44630  44794  44906  44979  45033  45081  45133  45174  45222 
163      0      0      0      0      0      0      0      0      0      0      0      0      0      0      0      0      0      0      0      0      0      1      1      2      7     12     29     69    160    315    607   1155   2033   3296   5034   7149   9725  12580  15737  18858  21833  24639  27044  29092  30670  31845  32779  33413  33796  34071  34254  34378  34463  34522  34566  34601  34634  34670  34703 
164      0      0      0      0      0      0      0      0      0      0      0      0      0      0      0      0      0      0      0      0      1      1      4      6     10     18     42     97    224    445    936   1695   2886   4584   6892   9978  13662  17778  22223  26670  30986  34744  38029  40724  42892  44568  45785  46645  47274  47633  47928  48072  48181  48263  48333  48392  48448  48508  48558 
165      0      0      0      0      0      0      0      0      0      0      0      0      0      0      0      0      0      0      0      0      1      2      2      4      7     10     19     37     68    152    296    527    928   1508   2283   3199   4352   5623   7039   8436   9833  11047  12137  13013  13767  14311  14724  14985  15173  15313  15397  15450  15481  15511  15527  15549  15561  15577  15596 
166      0      0      0      0      0      0      0      0      0      0      0      0      0      0      0      0      0      0      0      0      0      0      0      3     13     26     62    136    299    603   1154   2085   3599   5780   8806  12687  17348  22599  28287  34155  39620  44535  48882  52376  55148  57353  58972  60043  60797  61299  61628  61846  62004  62131  62215  62290  62343  62396  62459 
167      0      0      0      0      0      0      0      0      0      0      0      0      0      0      0      0      0      0      0      1      1      1      3      6     14     24     52    110    217    460    911   1653   2832   4556   6970  10005  13684  17823  22233  26710  31026  34954  38308  41155  43380  45115  46339  47161  47705  48097  48394  48572  48678  48757  48828  48879  48930  48979  49021 
168      0      0      0      0      0      0      0      0      0      0      0      0      0      0      0      0      0      0      0      0      1      1      3      6     17     26     54     98    219    464    852   1532   2657   4297   6539   9360  12751  16522  20704  24905  28921  32535  35741  38371  40443  41974  43107  43944  44516  44837  45079  45239  45343  45426  45502  45565  45613  45647  45684 
169      0      0      0      0      0      0      0      0      0      0      0      0      0      0      0      0      0      0      0      0      0      1      4      5      6     19     49    138    288    579   1177   2177   3782   6041   9106  13106  17936  23187  28870  34831  40373  45472  49875  53565  56445  58665  60295  61396  62171  62681  63044  63269  63404  63541  63616  63708  63783  63853  63918 
170      0      0      0      0      0      0      0      0      0      0      0      0      0      0      0      0      0      0      0      1      1      2      2      6     10     21     42     98    187    416    824   1512   2685   4294   6512   9448  12978  16791  21054  25262  29363  33160  36360  38998  41105  42697  43868  44714  45293  45653  45877  46023  46127  46199  46256  46317  46369  46418  46455 
171      0      0      0      0      0      0      0      0      0      0      0      0      0      0      0      0      0      0      0      0      0      0      1      4      7     11     23     49    111    221    439    831   1415   2226   3383   4936   6675   8725  10925  13125  15203  17164  18816  20153  21300  22070  22616  23049  23356  23559  23702  23787  23856  23897  23937  23961  23982  24010  24038 
172      0      0      0      0      0      0      0      0      0      0      0      0      0      0      0      0      0      0      0      0      2      2      3      5     14     28     55    103    241    532    989   1785   3079   4920   7558  10789  14575  19005  23792  28495  33073  37248  40919  43972  46360  48147  49379  50276  50866  51292  51548  51715  51836  51938  52008  52054  52103  52148  52209 
173      0      0      0      0      0      0      0      0      0      0      0      0      0      0      0      0      0      0      0      1      1      2      3      6      8     17     43    110    222    424    862   1592   2655   4281   6548   9404  12870  16825  20948  25011  28991  32591  35711  38306  40400  41960  43114  43898  44499  44890  45126  45285  45401  45491  45545  45598  45639  45686  45720 
174      0      0      0      0      0      0      0      0      0      0      0      0      0      0      0      0      0      0      0      0      0      1      2      2      3      7     28     71    155    315    629   1147   2024   3262   4986   7211   9857  12913  16259  19598  22724  25592  28040  30046  31621  32845  33763  34413  34807  35095  35301  35427  35527  35591  35637  35670  35710  35740  35767 
175      0      0      0      0      0      0      0      0      0      0      0      0      0      0      0      0      0      0      0      1      1      3      7     13     22     41     76    195    382    811   1630   3020   5132   8318  12690  18149  24689  32235  40135  48121  55784  62746  68953  74091  77989  81090  83310  84912  85948  86637  87097  87423  87641  87772  87890  87987  88082  88167  88247 
176      0      0      0      0      0      0      0      0      0      0      0      0      0      0      0      0      0      0      0      0      0      1      1      3      6     19     32     78    152    307    597   1097   1898   3050   4537   6468   8798  11513  14349  17292  20042  22469  24595  26387  27807  28894  29653  30209  30582  30845  31004  31122  31194  31248  31288  31321  31349  31391  31419 
177      0      0      0      0      0      0      0      0      0      0      0      0      0      0      0      0      0      0      0      0      0      1      4      8     13     33     69    146    306    631   1233   2257   3873   6154   9373  13545  18464  23981  30029  36145  41946  47201  51816  55738  58724  61065  62755  63905  64696  65229  65540  65794  65956  66081  66168  66238  66301  66355  66404 
178      0      0      0      0      0      0      0      0      0      0      0      0      0      0      0      0      0      0      1      1      1      1      1      3     18     36     87    207    456    960   1913   3457   5949   9642  14844  21533  29536  38467  47992  57947  67078  75713  83049  89184  93974  97552 100166 102130 103386 104199 104757 105113 105364 105537 105659 105773 105903 106004 106099 
179      0      0      0      0      0      0      0      0      0      0      0      0      0      0      0      0      0      0      0      0      0      0      2      5     14     17     50     99    214    407    817   1533   2655   4340   6620   9586  13168  17133  21251  25532  29704  33525  36699  39426  41612  43270  44457  45316  45865  46222  46463  46623  46740  46836  46897  46962  47016  47061  47104 
180      0      0      0      0      0      0      0      0      0      0      0      0      0      0      0      0      0      0      0      0      1      1      2      2      3     11     34     82    153    340    633   1144   1926   3151   4824   6917   9550  12453  15636  18805  21765  24527  26945  28876  30381  31493  32332  32950  33380  33665  33856  33974  34059  34124  34175  34213  34245  34282  34308 
181      0      0      0      0      0      0      0      0      0      0      0      0      0      0      0      0      0      0      0      0      1      2      3      3      3      7     16     27     57    111    220    434    731   1166   1794   2549   3516   4554   5693   6885   7993   8989   9849  10555  11098  11507  11816  12035  12194  12302  12381  12428  12460  12478  12499  12508  12514  12528  12545 
182      0      0      0      0      0      0      0      0      0      0      0      0      0      0      0      0      0      0      0      0      1      1      3      5     10     17     37     74    159    321    599   1092   1914   3120   4790   6955   9473  12411  15472  18642  21714  24432  26886  28813  30332  31468  32307  32927  33338  33612  33774  33885  33962  34030  34081  34116  34144  34174  34197 
183      0      0      0      0      0      0      0      0      0      0      0      0      0      0      0      0      0      0      0      0      0      0      2      4     11     17     39     71    130    277    543    983   1676   2762   4265   6099   8279  10703  13445  16145  18734  21040  23054  24727  26009  27017  27700  28210  28595  28833  28994  29098  29182  29230  29266  29290  29323  29351  29380 
184      0      0      0      0      0      0      0      0      0      0      0      0      0      0      0      0      0      0      0      0      1      1      3      5      5     11     28     62    142    296    538   1027   1754   2828   4298   6181   8489  11125  13848  16686  19444  21794  23951  25683  27063  28125  28925  29445  29801  30057  30214  30309  30379  30433  30478  30516  30554  30584  30598 
185      0      0      0      0      0      0      0      0      0      0      0      0      0      0      0      0      0      0      0      0      1      2      4      9     15     23     49    106    205    409    792   1473   2491   4095   6142   8918  12262  16016  20036  24081  27956  31502  34468  37008  38975  40502  41568  42333  42862  43197  43433  43583  43684  43770  43844  43879  43922  43970  43991 
186      0      0      0      0      0      0      0      0      0      0      0      0      0      0      0      0      0      0      0      0      0      2      6     12     20     44     75    175    401    849   1629   3027   5287   8534  13005  18685  25573  33414  41695  50102  58193  65306  71623  76823  81024  84129  86341  87913  89031  89765  90250  90566  90789  90936  91063  91181  91276  91353  91428 
187      0      0      0      0      0      0      0      0      0      0      0      0      0      0      0      0      0      0      0      0      0      0      0      2     13     25     48    106    240    509    950   1689   2873   4663   7073  10281  14149  18530  23085  27827  32432  36386  39900  42786  45172  46957  48193  49109  49718  50099  50339  50506  50624  50718  50795  50852  50899  50955  50993 
188      0      0      0      0      0      0      0      0      0      0      0      0      0      0      0      0      0      0      0      0      1      1      3      3      3      8     13     33     67    142    302    560    941   1478   2246   3310   4537   5904   7400   8955  10367  11625  12734  13692  14437  15007  15419  15706  15874  16014  16119  16186  16235  16264  16278  16298  16318  16334  16346 
189      0      0      0      0      0      0      0      0      0      0      0      0      0      0      0      0      0      0      0      0      0      1      3      3      6     25     52    111    244    547   1036   1967   3376   5497   8392  12131  16466  21536  26856  32275  37374  42127  46184  49670  52236  54251  55721  56790  57530  58061  58386  58586  58725  58829  58925  58979  59039  59098  59148 
190      0      0      0      0      0      0      0      0      0      0      0      0      0      0      0      0      0      0      1      1      3      4      6      9     17     35     91    199    426    887   1757   3252   5700   9260  14163  20222  27741  36220  45231  54396  63071  71144  78009  83776  88308  91705  94233  95931  97103  97898  98407  98742  98971  99155  99287  99413  99505  99600  99686 
191      0      0      0      0      0      0      0      0      0      0      0      0      0      0      0      0      0      0      1      1      2      6      8     13     24     67    130    323    684   1443   2796   5158   8922  14416  22000  31631  43019  56005  70097  84128  97764 110086 120672 129472 136436 141715 145544 148288 150143 151323 152183 152742 153126 153404 153648 153800 153972 154101 154229 
192      0      0      0      0      0      0      0      0      0      0      0      0      0      0      0      0      0      0      0      1      2      2      3     10     20     31     74    162    343    659   1254   2385   4102   6624  10108  14500  19819  25863  32343  38826  45086  50603  55585  59575  62821  65297  67045  68230  69078  69620  69966  70221  70391  70501  70590  70660  70727  70793  70862 
193      0      0      0      0      0      0      0      0      0      0      0      0      0      0      0      0      0      0      0      0      0      0      1      4      9     12     27     64    141    317    658   1175   2018   3308   5000   7194   9831  12871  15984  19141  22134  24811  27250  29269  30868  32030  32952  33549  33949  34222  34413  34534  34612  34681  34727  34768  34801  34837  34868 
194      0      0      0      0      0      0      0      0      0      0      0      0      0      0      0      0      0      0      0      0      0      1      1      1      5      7     21     40     75    149    289    561    990   1559   2426   3420   4636   6059   7553   8994  10444  11725  12869  13793  14526  15110  15563  15857  16077  16204  16287  16346  16374  16405  16434  16450  16460  16477  16499 
195      0      0      0      0      0      0      0      0      0      0      0      0      0      0      0      0      0      0      0      0      0      0      0      5      6     13     27     61    124    276    554    993   1700   2746   4153   5994   8177  10698  13472  16237  18858  21331  23370  24984  26391  27361  28100  28622  28968  29236  29416  29506  29572  29621  29671  29706  29734  29773  29795 
196      0      0      0      0      0      0      0      0      0      0      0      0      0      0      0      0      0      0      0      0      0      2      3      6     16     26     59    110    226    443    853   1568   2655   4318   6507   9414  12704  16710  20766  24874  28788  32422  35564  38231  40238  41790  42937  43771  44308  44669  44890  45035  45160  45230  45301  45358  45400  45447  45490 
197      0      0      0      0      0      0      0      0      0      0      0      0      0      0      0      0      0      0      0      0      0      2      3      5      5      8     16     40     93    181    367    661   1155   1825   2813   4142   5612   7291   9069  10950  12703  14306  15650  16755  17680  18397  18864  19211  19451  19592  19698  19770  19805  19831  19861  19870  19896  19908  19925 
198      0      0      0      0      0      0      0      0      0      0      0      0      0      0      0      0      0      0      0      0      0      0      2      4     10     15     29     54    112    261    532    990   1705   2764   4194   6075   8317  10859  13506  16303  18865  21237  23291  25008  26359  27451  28179  28656  29013  29224  29388  29490  29581  29640  29677  29711  29740  29774  29793 
199      0      0      0      0      0      0      0      0      0      0      0      0      0      0      0      0      0      0      0      0      2      2      3      7      9     15     50     97    204    437    877   1548   2703   4339   6510   9388  12827  16577  20706  24929  28893  32494  35666  38249  40342  41944  43065  43852  44384  44743  44999  45150  45256  45334  45405  45461  45502  45550  45587 
