000 2699499 2699498 2699497 2699495 2699491 2699483 2699471 2699459 2699433 2699408 2699384 2699353 2699332 2699314 2699305 2699303 2699299 2699297 2699297 2699297 2699296 2699296 2699296 2699296 
001 2699499 2699497 2699495 2699492 2699484 2699472 2699451 2699418 2699368 2699311 2699262 2699212 2699162 2699132 2699113 2699100 2699094 2699093 2699093 2699093 2699092 2699092 2699091 2699089 
002 2699499 2699495 2699488 2699476 2699462 2699432 2699380 2699311 2699210 2699103 2698984 2698885 2698799 2698734 2698677 2698658 2698647 2698645 2698644 2698643 2698643 2698642 2698640 2698638 
003 2699499 2699499 2699497 2699493 2699485 2699472 2699458 2699438 2699416 2699383 2699357 2699324 2699295 2699272 2699262 2699257 2699253 2699252 2699251 2699251 2699251 2699251 2699251 2699251 
004 2699499 2699499 2699498 2699496 2699490 2699485 2699479 2699467 2699446 2699423 2699407 2699378 2699359 2699349 2699341 2699340 2699335 2699335 2699334 2699334 2699334 2699334 2699333 2699333 
005 2699499 2699498 2699495 2699488 2699478 2699459 2699435 2699400 2699350 2699290 2699217 2699165 2699109 2699068 2699035 2699025 2699017 2699015 2699013 2699013 2699013 2699013 2699013 2699013 
006 2699499 2699497 2699491 2699482 2699466 2699443 2699417 2699378 2699328 2699260 2699195 2699136 2699082 2699061 2699043 2699031 2699024 2699020 2699019 2699017 2699016 2699016 2699015 2699014 
007 2699499 2699496 2699488 2699477 2699472 2699448 2699421 2699375 2699322 2699250 2699192 2699128 2699083 2699047 2699014 2698996 2698986 2698981 2698980 2698980 2698980 2698980 2698980 2698978 
008 2699499 2699499 2699497 2699495 2699492 2699486 2699483 2699474 2699462 2699444 2699427 2699407 2699398 2699386 2699383 2699378 2699377 2699377 2699377 2699377 2699377 2699377 2699377 2699377 
009 2699499 2699498 2699496 2699492 2699486 2699476 2699460 2699436 2699404 2699364 2699324 2699287 2699261 2699239 2699225 2699215 2699210 2699210 2699208 2699208 2699208 2699208 2699208 2699208 
010 2699499 2699498 2699495 2699491 2699484 2699472 2699454 2699426 2699395 2699336 2699284 2699233 2699200 2699171 2699147 2699133 2699127 2699125 2699125 2699123 2699123 2699123 2699123 2699123 
011 2699499 2699498 2699495 2699490 2699481 2699462 2699431 2699395 2699344 2699278 2699214 2699147 2699086 2699049 2699033 2699014 2699003 2699001 2699001 2699001 2699001 2699000 2698999 2698998 
012 2699499 2699496 2699495 2699494 2699490 2699483 2699464 2699439 2699408 2699372 2699343 2699310 2699281 2699250 2699238 2699232 2699231 2699229 2699229 2699229 2699227 2699227 2699227 2699227 
013 2699499 2699496 2699495 2699490 2699473 2699456 2699435 2699402 2699354 2699294 2699219 2699142 2699086 2699056 2699026 2699012 2699006 2699004 2699003 2699003 2699002 2699001 2699000 2699000 
014 2699499 2699498 2699495 2699493 2699486 2699473 2699461 2699434 2699404 2699366 2699332 2699297 2699255 2699235 2699217 2699210 2699205 2699203 2699203 2699203 2699203 2699203 2699203 2699203 
015 2699499 2699497 2699494 2699488 2699479 2699464 2699440 2699409 2699375 2699315 2699251 2699200 2699150 2699121 2699100 2699090 2699083 2699082 2699081 2699081 2699081 2699081 2699079 2699078 
016 2699499 2699499 2699496 2699494 2699493 2699490 2699480 2699469 2699452 2699428 2699402 2699389 2699365 2699351 2699349 2699343 2699342 2699342 2699342 2699341 2699341 2699340 2699339 2699339 
017 2699499 2699498 2699497 2699496 2699495 2699490 2699485 2699477 2699464 2699450 2699431 2699418 2699406 2699400 2699393 2699390 2699388 2699386 2699386 2699386 2699386 2699386 2699386 2699386 
018 2699499 2699499 2699499 2699497 2699493 2699490 2699479 2699461 2699442 2699420 2699395 2699373 2699359 2699342 2699334 2699327 2699325 2699325 2699325 2699325 2699325 2699325 2699325 2699325 
019 2699499 2699498 2699497 2699495 2699491 2699485 2699473 2699459 2699441 2699423 2699403 2699387 2699374 2699362 2699350 2699346 2699345 2699344 2699344 2699344 2699344 2699344 2699344 2699344 
020 2699499 2699498 2699497 2699494 2699487 2699479 2699465 2699449 2699428 2699400 2699366 2699333 2699308 2699297 2699284 2699277 2699275 2699275 2699274 2699274 2699274 2699274 2699274 2699274 
021 2699499 2699498 2699497 2699493 2699490 2699479 2699469 2699459 2699435 2699415 2699395 2699373 2699350 2699339 2699327 2699326 2699322 2699322 2699321 2699320 2699320 2699320 2699320 2699320 
022 2699499 2699498 2699496 2699492 2699486 2699478 2699460 2699443 2699414 2699384 2699351 2699321 2699301 2699291 2699279 2699272 2699270 2699270 2699269 2699269 2699269 2699269 2699269 2699269 
023 2699499 2699497 2699494 2699489 2699483 2699475 2699460 2699436 2699409 2699369 2699336 2699305 2699272 2699246 2699231 2699226 2699224 2699222 2699222 2699222 2699222 2699222 2699222 2699222 
024 2699499 2699498 2699497 2699495 2699490 2699481 2699472 2699460 2699443 2699422 2699407 2699384 2699370 2699359 2699351 2699347 2699343 2699342 2699339 2699339 2699339 2699339 2699339 2699339 
025 2699499 2699498 2699495 2699493 2699490 2699486 2699472 2699452 2699426 2699402 2699368 2699326 2699304 2699286 2699268 2699265 2699259 2699256 2699255 2699255 2699255 2699254 2699253 2699253 
026 2699499 2699497 2699493 2699488 2699477 2699467 2699445 2699415 2699365 2699309 2699252 2699178 2699125 2699093 2699068 2699054 2699051 2699046 2699043 2699043 2699042 2699042 2699040 2699039 
027 2699499 2699496 2699491 2699489 2699478 2699464 2699449 2699421 2699370 2699322 2699258 2699204 2699152 2699124 2699106 2699089 2699083 2699081 2699080 2699080 2699077 2699077 2699077 2699076 
028 2699499 2699497 2699490 2699481 2699464 2699449 2699423 2699381 2699323 2699259 2699200 2699126 2699079 2699041 2699023 2699014 2699006 2699003 2699001 2699001 2699001 2699001 2699001 2699001 
029 2699499 2699497 2699497 2699492 2699490 2699484 2699473 2699460 2699431 2699409 2699379 2699350 2699328 2699311 2699303 2699299 2699296 2699293 2699293 2699293 2699293 2699290 2699290 2699290 
030 2699499 2699496 2699494 2699490 2699487 2699473 2699442 2699421 2699377 2699342 2699297 2699260 2699223 2699203 2699189 2699178 2699172 2699172 2699172 2699170 2699170 2699170 2699170 2699169 
031 2699499 2699497 2699492 2699484 2699470 2699451 2699420 2699373 2699314 2699235 2699154 2699075 2699017 2698972 2698939 2698925 2698919 2698914 2698914 2698911 2698910 2698910 2698910 2698910 
032 2699499 2699497 2699491 2699482 2699471 2699443 2699403 2699344 2699274 2699175 2699081 2698985 2698928 2698875 2698847 2698826 2698811 2698809 2698809 2698807 2698805 2698805 2698804 2698803 
033 2699499 2699498 2699497 2699496 2699491 2699481 2699469 2699452 2699432 2699409 2699387 2699360 2699346 2699326 2699319 2699312 2699309 2699308 2699308 2699307 2699307 2699307 2699307 2699306 
034 2699499 2699497 2699490 2699477 2699462 2699442 2699397 2699336 2699263 2699169 2699070 2699001 2698933 2698880 2698844 2698824 2698814 2698807 2698806 2698806 2698805 2698804 2698802 2698801 
035 2699499 2699497 2699495 2699492 2699486 2699476 2699461 2699445 2699415 2699381 2699346 2699311 2699295 2699277 2699266 2699262 2699259 2699256 2699256 2699256 2699256 2699256 2699256 2699256 
036 2699499 2699498 2699490 2699479 2699468 2699443 2699409 2699346 2699258 2699157 2699033 2698924 2698844 2698784 2698735 2698709 2698694 2698685 2698679 2698679 2698678 2698675 2698675 2698673 
037 2699499 2699494 2699487 2699479 2699464 2699437 2699395 2699345 2699282 2699204 2699113 2699028 2698962 2698921 2698904 2698882 2698874 2698866 2698864 2698863 2698863 2698863 2698863 2698862 
038 2699499 2699498 2699494 2699484 2699477 2699459 2699424 2699389 2699348 2699283 2699230 2699175 2699130 2699091 2699069 2699057 2699049 2699043 2699042 2699042 2699042 2699042 2699042 2699042 
039 2699499 2699497 2699494 2699487 2699472 2699456 2699431 2699398 2699348 2699286 2699223 2699164 2699124 2699089 2699068 2699054 2699046 2699043 2699040 2699039 2699037 2699037 2699037 2699036 
040 2699499 2699497 2699489 2699475 2699458 2699427 2699392 2699337 2699265 2699167 2699070 2698962 2698877 2698820 2698789 2698767 2698759 2698755 2698752 2698751 2698750 2698750 2698749 2698749 
041 2699499 2699497 2699493 2699488 2699479 2699463 2699437 2699400 2699362 2699297 2699230 2699178 2699129 2699093 2699071 2699058 2699050 2699047 2699045 2699045 2699045 2699045 2699044 2699043 
042 2699499 2699497 2699490 2699480 2699469 2699454 2699421 2699377 2699327 2699262 2699193 2699129 2699082 2699043 2699019 2699002 2698995 2698989 2698989 2698989 2698988 2698985 2698985 2698985 
043 2699499 2699496 2699496 2699492 2699486 2699472 2699449 2699424 2699393 2699354 2699305 2699266 2699225 2699199 2699176 2699166 2699161 2699158 2699158 2699158 2699157 2699157 2699157 2699157 
044 2699499 2699494 2699488 2699482 2699470 2699452 2699423 2699381 2699332 2699261 2699184 2699123 2699067 2699033 2699005 2698994 2698987 2698984 2698982 2698981 2698981 2698981 2698980 2698980 
045 2699499 2699496 2699492 2699483 2699467 2699440 2699392 2699329 2699238 2699133 2699029 2698907 2698807 2698751 2698712 2698690 2698677 2698670 2698669 2698669 2698668 2698667 2698663 2698662 
046 2699499 2699499 2699499 2699498 2699497 2699496 2699495 2699494 2699492 2699484 2699480 2699477 2699474 2699473 2699473 2699472 2699472 2699472 2699472 2699472 2699471 2699471 2699471 2699471 
047 2699499 2699499 2699498 2699496 2699496 2699494 2699491 2699484 2699483 2699476 2699467 2699460 2699458 2699455 2699452 2699450 2699450 2699450 2699449 2699449 2699449 2699449 2699449 2699449 
048 2699499 2699497 2699496 2699494 2699491 2699485 2699479 2699467 2699453 2699435 2699416 2699404 2699391 2699383 2699377 2699373 2699373 2699372 2699372 2699372 2699371 2699371 2699370 2699370 
049 2699499 2699498 2699498 2699495 2699493 2699489 2699481 2699471 2699458 2699438 2699415 2699402 2699394 2699386 2699382 2699377 2699377 2699374 2699374 2699374 2699374 2699374 2699374 2699374 
050 2699499 2699496 2699491 2699481 2699467 2699441 2699415 2699363 2699285 2699207 2699148 2699082 2699014 2698975 2698943 2698929 2698917 2698912 2698912 2698912 2698911 2698911 2698909 2698909 
051 2699499 2699498 2699495 2699491 2699486 2699477 2699460 2699443 2699420 2699395 2699365 2699326 2699296 2699275 2699266 2699261 2699259 2699257 2699257 2699256 2699256 2699256 2699255 2699255 
052 2699499 2699499 2699494 2699490 2699485 2699475 2699454 2699433 2699409 2699368 2699340 2699306 2699286 2699269 2699255 2699252 2699250 2699247 2699247 2699247 2699247 2699247 2699247 2699246 
053 2699499 2699497 2699494 2699486 2699473 2699455 2699430 2699390 2699342 2699274 2699202 2699126 2699074 2699039 2699011 2699004 2698998 2698996 2698996 2698996 2698996 2698996 2698996 2698996 
054 2699499 2699497 2699494 2699489 2699482 2699469 2699449 2699411 2699371 2699311 2699257 2699195 2699146 2699106 2699083 2699070 2699063 2699060 2699058 2699058 2699056 2699056 2699056 2699056 
055 2699499 2699495 2699491 2699484 2699470 2699452 2699421 2699384 2699326 2699256 2699185 2699123 2699057 2699022 2698992 2698973 2698967 2698963 2698962 2698962 2698960 2698959 2698958 2698957 
056 2699499 2699498 2699494 2699488 2699481 2699473 2699457 2699441 2699415 2699380 2699340 2699310 2699286 2699261 2699252 2699247 2699244 2699241 2699240 2699240 2699240 2699240 2699240 2699240 
057 2699499 2699497 2699494 2699489 2699482 2699468 2699449 2699419 2699377 2699318 2699264 2699211 2699165 2699132 2699114 2699103 2699101 2699097 2699097 2699097 2699097 2699097 2699097 2699097 
058 2699499 2699499 2699499 2699495 2699491 2699486 2699479 2699466 2699454 2699442 2699417 2699401 2699391 2699383 2699378 2699372 2699371 2699370 2699370 2699370 2699370 2699370 2699370 2699370 
059 2699499 2699498 2699497 2699496 2699490 2699483 2699472 2699461 2699439 2699410 2699377 2699341 2699315 2699292 2699290 2699281 2699280 2699280 2699280 2699280 2699280 2699280 2699280 2699280 
060 2699499 2699495 2699491 2699488 2699478 2699455 2699428 2699390 2699332 2699260 2699197 2699121 2699066 2699020 2698993 2698980 2698970 2698968 2698967 2698967 2698966 2698964 2698964 2698963 
061 2699499 2699499 2699498 2699493 2699486 2699479 2699454 2699433 2699396 2699348 2699299 2699258 2699231 2699205 2699192 2699177 2699175 2699175 2699175 2699175 2699175 2699175 2699175 2699175 
062 2699499 2699499 2699498 2699497 2699494 2699488 2699479 2699461 2699435 2699417 2699394 2699372 2699351 2699340 2699333 2699325 2699320 2699320 2699320 2699320 2699320 2699320 2699319 2699319 
063 2699499 2699497 2699496 2699491 2699488 2699483 2699462 2699444 2699415 2699379 2699337 2699300 2699279 2699262 2699250 2699241 2699237 2699233 2699233 2699233 2699232 2699232 2699232 2699232 
064 2699499 2699495 2699491 2699485 2699477 2699456 2699434 2699398 2699345 2699285 2699226 2699150 2699101 2699068 2699039 2699028 2699018 2699018 2699018 2699018 2699017 2699015 2699015 2699015 
065 2699499 2699498 2699494 2699486 2699477 2699463 2699451 2699431 2699400 2699358 2699311 2699263 2699223 2699190 2699173 2699161 2699153 2699150 2699147 2699146 2699146 2699142 2699142 2699141 
066 2699499 2699497 2699492 2699484 2699471 2699445 2699411 2699356 2699282 2699199 2699106 2699010 2698943 2698894 2698861 2698844 2698836 2698834 2698832 2698831 2698831 2698831 2698828 2698828 
067 2699499 2699499 2699499 2699498 2699496 2699492 2699483 2699470 2699449 2699431 2699413 2699393 2699380 2699366 2699359 2699356 2699355 2699354 2699354 2699354 2699354 2699354 2699354 2699353 
068 2699499 2699497 2699493 2699483 2699472 2699451 2699422 2699385 2699332 2699260 2699203 2699153 2699100 2699061 2699041 2699033 2699025 2699019 2699018 2699017 2699017 2699017 2699017 2699017 
069 2699499 2699497 2699494 2699492 2699485 2699473 2699460 2699436 2699412 2699369 2699332 2699303 2699279 2699257 2699245 2699236 2699232 2699228 2699227 2699227 2699227 2699227 2699226 2699225 
070 2699499 2699498 2699497 2699491 2699484 2699476 2699463 2699442 2699408 2699376 2699337 2699311 2699289 2699277 2699264 2699258 2699255 2699253 2699253 2699253 2699253 2699253 2699253 2699253 
071 2699499 2699498 2699492 2699489 2699479 2699470 2699452 2699421 2699379 2699331 2699274 2699222 2699186 2699158 2699140 2699129 2699124 2699121 2699121 2699121 2699121 2699120 2699120 2699120 
072 2699499 2699497 2699496 2699491 2699487 2699475 2699460 2699434 2699395 2699347 2699296 2699253 2699219 2699190 2699179 2699174 2699173 2699171 2699170 2699170 2699170 2699170 2699170 2699170 
073 2699499 2699498 2699496 2699493 2699487 2699476 2699455 2699426 2699387 2699348 2699316 2699270 2699238 2699220 2699204 2699191 2699183 2699182 2699181 2699181 2699181 2699181 2699181 2699181 
074 2699499 2699495 2699490 2699482 2699468 2699450 2699414 2699358 2699294 2699218 2699129 2699066 2699003 2698959 2698925 2698913 2698902 2698896 2698894 2698894 2698894 2698892 2698890 2698890 
075 2699499 2699496 2699496 2699489 2699481 2699468 2699443 2699416 2699374 2699328 2699274 2699225 2699179 2699153 2699140 2699130 2699118 2699113 2699113 2699113 2699113 2699113 2699113 2699113 
076 2699499 2699498 2699498 2699496 2699493 2699492 2699482 2699474 2699461 2699444 2699425 2699417 2699408 2699402 2699398 2699396 2699396 2699396 2699396 2699396 2699396 2699395 2699395 2699395 
077 2699499 2699496 2699495 2699491 2699480 2699468 2699445 2699405 2699366 2699319 2699272 2699217 2699170 2699132 2699112 2699101 2699097 2699093 2699092 2699092 2699092 2699091 2699090 2699090 
078 2699499 2699498 2699493 2699482 2699466 2699440 2699389 2699339 2699263 2699182 2699095 2699010 2698946 2698893 2698852 2698831 2698824 2698817 2698816 2698816 2698816 2698816 2698815 2698814 
079 2699499 2699495 2699490 2699482 2699471 2699451 2699422 2699373 2699308 2699222 2699151 2699087 2699039 2698986 2698957 2698941 2698933 2698930 2698930 2698930 2698930 2698929 2698928 2698927 
080 2699499 2699497 2699490 2699483 2699471 2699451 2699413 2699364 2699300 2699230 2699156 2699084 2699012 2698968 2698932 2698920 2698914 2698912 2698911 2698910 2698910 2698910 2698910 2698907 
081 2699499 2699499 2699496 2699491 2699478 2699458 2699430 2699391 2699341 2699283 2699210 2699152 2699091 2699054 2699023 2699005 2698994 2698992 2698988 2698987 2698986 2698985 2698984 2698983 
082 2699499 2699497 2699490 2699482 2699471 2699439 2699392 2699322 2699236 2699127 2699020 2698907 2698801 2698732 2698695 2698666 2698653 2698644 2698643 2698642 2698642 2698641 2698641 2698641 
083 2699499 2699494 2699490 2699484 2699467 2699443 2699404 2699360 2699295 2699221 2699144 2699061 2698995 2698945 2698918 2698903 2698898 2698898 2698898 2698898 2698897 2698897 2698897 2698897 
084 2699499 2699496 2699493 2699488 2699481 2699471 2699455 2699428 2699402 2699351 2699299 2699251 2699211 2699192 2699180 2699172 2699168 2699165 2699165 2699165 2699165 2699164 2699164 2699161 
085 2699499 2699497 2699494 2699489 2699478 2699463 2699439 2699414 2699366 2699316 2699267 2699211 2699171 2699133 2699109 2699098 2699098 2699095 2699093 2699091 2699091 2699091 2699090 2699090 
086 2699499 2699499 2699499 2699499 2699498 2699494 2699486 2699478 2699469 2699454 2699437 2699423 2699412 2699403 2699399 2699398 2699396 2699395 2699395 2699395 2699395 2699395 2699395 2699395 
087 2699499 2699499 2699496 2699493 2699489 2699480 2699469 2699454 2699427 2699403 2699376 2699342 2699318 2699302 2699287 2699277 2699276 2699276 2699275 2699275 2699275 2699275 2699275 2699274 
088 2699499 2699496 2699489 2699479 2699463 2699437 2699396 2699348 2699279 2699186 2699097 2699006 2698932 2698887 2698857 2698836 2698819 2698814 2698814 2698814 2698814 2698814 2698813 2698812 
089 2699499 2699497 2699496 2699493 2699488 2699481 2699472 2699457 2699439 2699410 2699383 2699353 2699334 2699316 2699309 2699305 2699302 2699300 2699300 2699299 2699299 2699299 2699299 2699299 
090 2699499 2699494 2699485 2699478 2699459 2699434 2699393 2699344 2699271 2699179 2699086 2699004 2698932 2698864 2698817 2698803 2698790 2698781 2698777 2698775 2698773 2698772 2698771 2698771 
091 2699499 2699499 2699499 2699498 2699496 2699493 2699488 2699484 2699478 2699472 2699461 2699449 2699444 2699439 2699438 2699438 2699436 2699435 2699435 2699435 2699435 2699435 2699435 2699435 
092 2699499 2699497 2699496 2699493 2699489 2699476 2699450 2699417 2699378 2699324 2699263 2699207 2699156 2699134 2699117 2699109 2699103 2699100 2699099 2699099 2699099 2699098 2699098 2699098 
093 2699499 2699498 2699492 2699483 2699470 2699447 2699401 2699353 2699274 2699173 2699074 2699000 2698928 2698885 2698851 2698827 2698819 2698817 2698815 2698815 2698814 2698812 2698812 2698812 
094 2699499 2699498 2699490 2699482 2699462 2699437 2699394 2699335 2699256 2699152 2699064 2698970 2698888 2698832 2698794 2698772 2698762 2698759 2698756 2698756 2698756 2698755 2698755 2698755 
095 2699499 2699498 2699497 2699490 2699480 2699462 2699439 2699401 2699364 2699317 2699259 2699213 2699169 2699137 2699122 2699113 2699110 2699108 2699108 2699108 2699107 2699107 2699105 2699105 
096 2699499 2699495 2699494 2699488 2699476 2699459 2699431 2699397 2699340 2699278 2699218 2699151 2699102 2699069 2699048 2699036 2699026 2699023 2699023 2699023 2699023 2699022 2699020 2699019 
097 2699499 2699498 2699491 2699484 2699477 2699458 2699432 2699400 2699357 2699307 2699258 2699214 2699169 2699135 2699117 2699102 2699089 2699089 2699088 2699087 2699085 2699085 2699085 2699084 
098 2699499 2699499 2699498 2699494 2699488 2699476 2699463 2699443 2699421 2699390 2699354 2699323 2699302 2699281 2699269 2699259 2699257 2699255 2699255 2699254 2699254 2699253 2699253 2699253 
099 2699499 2699498 2699496 2699494 2699486 2699471 2699457 2699426 2699385 2699337 2699291 2699242 2699204 2699176 2699164 2699153 2699140 2699135 2699135 2699134 2699134 2699134 2699134 2699134 
100 2699499 2699499 2699497 2699497 2699495 2699491 2699487 2699479 2699465 2699449 2699429 2699420 2699408 2699398 2699396 2699393 2699391 2699389 2699389 2699388 2699388 2699388 2699388 2699388 
101 2699499 2699498 2699498 2699493 2699484 2699473 2699452 2699419 2699381 2699323 2699265 2699212 2699188 2699155 2699124 2699110 2699102 2699099 2699099 2699099 2699099 2699099 2699098 2699095 
102 2699499 2699496 2699491 2699484 2699476 2699465 2699447 2699411 2699381 2699332 2699281 2699234 2699193 2699164 2699148 2699137 2699129 2699127 2699125 2699125 2699124 2699124 2699123 2699123 
103 2699499 2699499 2699498 2699497 2699490 2699480 2699467 2699443 2699424 2699392 2699359 2699329 2699303 2699284 2699272 2699260 2699260 2699259 2699259 2699258 2699258 2699258 2699258 2699258 
104 2699499 2699499 2699496 2699495 2699492 2699486 2699480 2699468 2699449 2699433 2699413 2699394 2699370 2699356 2699346 2699339 2699334 2699332 2699331 2699331 2699331 2699331 2699331 2699330 
105 2699499 2699498 2699497 2699495 2699489 2699483 2699466 2699453 2699433 2699411 2699392 2699359 2699335 2699315 2699304 2699298 2699292 2699290 2699289 2699288 2699287 2699287 2699287 2699286 
106 2699499 2699497 2699493 2699486 2699470 2699447 2699412 2699356 2699277 2699178 2699076 2698999 2698937 2698874 2698836 2698822 2698811 2698808 2698807 2698807 2698806 2698806 2698805 2698803 
107 2699499 2699496 2699489 2699476 2699460 2699430 2699388 2699325 2699244 2699150 2699038 2698928 2698850 2698786 2698751 2698734 2698723 2698720 2698719 2698717 2698716 2698714 2698713 2698713 
108 2699499 2699498 2699496 2699490 2699482 2699463 2699445 2699414 2699361 2699299 2699231 2699164 2699102 2699054 2699034 2699025 2699019 2699016 2699015 2699015 2699014 2699012 2699011 2699010 
109 2699499 2699498 2699495 2699493 2699485 2699471 2699453 2699425 2699396 2699342 2699295 2699245 2699209 2699178 2699160 2699145 2699139 2699138 2699138 2699138 2699136 2699136 2699136 2699136 
110 2699499 2699497 2699494 2699492 2699485 2699475 2699449 2699413 2699376 2699306 2699238 2699181 2699148 2699125 2699104 2699094 2699090 2699088 2699087 2699086 2699086 2699086 2699085 2699083 
111 2699499 2699498 2699494 2699489 2699477 2699458 2699431 2699384 2699337 2699271 2699216 2699151 2699087 2699042 2699023 2699015 2699010 2699008 2699007 2699006 2699005 2699005 2699004 2699002 
112 2699499 2699496 2699495 2699491 2699482 2699471 2699459 2699437 2699411 2699372 2699331 2699293 2699259 2699239 2699227 2699220 2699219 2699219 2699218 2699218 2699218 2699216 2699215 2699215 
113 2699499 2699496 2699490 2699483 2699470 2699446 2699409 2699356 2699306 2699218 2699131 2699056 2698983 2698931 2698898 2698883 2698876 2698868 2698867 2698867 2698867 2698866 2698866 2698864 
114 2699499 2699497 2699494 2699491 2699485 2699477 2699465 2699444 2699415 2699379 2699342 2699316 2699294 2699284 2699271 2699260 2699256 2699255 2699252 2699251 2699251 2699251 2699250 2699248 
115 2699499 2699499 2699499 2699497 2699493 2699487 2699474 2699455 2699437 2699420 2699395 2699377 2699357 2699338 2699330 2699326 2699320 2699320 2699320 2699318 2699318 2699318 2699318 2699316 
116 2699499 2699496 2699490 2699487 2699485 2699470 2699450 2699418 2699368 2699317 2699268 2699221 2699171 2699147 2699136 2699122 2699115 2699113 2699111 2699111 2699110 2699110 2699110 2699110 
117 2699499 2699498 2699495 2699489 2699476 2699454 2699423 2699382 2699328 2699248 2699147 2699076 2699007 2698963 2698934 2698913 2698906 2698902 2698900 2698899 2698898 2698897 2698897 2698896 
118 2699499 2699497 2699491 2699486 2699479 2699463 2699426 2699390 2699337 2699278 2699206 2699143 2699098 2699060 2699036 2699027 2699020 2699016 2699016 2699014 2699014 2699013 2699012 2699012 
119 2699499 2699497 2699496 2699492 2699484 2699467 2699450 2699414 2699371 2699326 2699270 2699226 2699193 2699160 2699145 2699135 2699126 2699123 2699122 2699122 2699122 2699122 2699121 2699119 
120 2699499 2699497 2699497 2699495 2699490 2699485 2699472 2699458 2699447 2699426 2699399 2699380 2699368 2699357 2699348 2699342 2699340 2699337 2699336 2699336 2699336 2699336 2699336 2699336 
121 2699499 2699497 2699494 2699488 2699481 2699467 2699443 2699406 2699346 2699278 2699224 2699162 2699100 2699074 2699053 2699042 2699038 2699036 2699034 2699033 2699033 2699032 2699032 2699032 
122 2699499 2699496 2699494 2699492 2699487 2699486 2699474 2699461 2699438 2699415 2699395 2699367 2699345 2699335 2699323 2699318 2699316 2699316 2699316 2699316 2699316 2699316 2699316 2699316 
123 2699499 2699497 2699497 2699495 2699493 2699489 2699481 2699472 2699453 2699438 2699415 2699395 2699381 2699369 2699365 2699360 2699358 2699355 2699355 2699354 2699354 2699354 2699354 2699353 
124 2699499 2699495 2699490 2699478 2699464 2699444 2699404 2699361 2699294 2699213 2699117 2699055 2698992 2698947 2698922 2698902 2698890 2698886 2698885 2698885 2698884 2698884 2698883 2698882 
125 2699499 2699498 2699498 2699494 2699491 2699486 2699474 2699454 2699432 2699404 2699379 2699354 2699336 2699314 2699304 2699294 2699293 2699292 2699292 2699292 2699292 2699292 2699291 2699291 
126 2699499 2699498 2699497 2699494 2699488 2699484 2699477 2699469 2699456 2699438 2699420 2699402 2699391 2699375 2699366 2699364 2699360 2699359 2699359 2699359 2699358 2699358 2699357 2699357 
127 2699499 2699498 2699494 2699489 2699482 2699466 2699447 2699415 2699380 2699335 2699288 2699236 2699196 2699173 2699159 2699151 2699149 2699147 2699147 2699147 2699147 2699147 2699147 2699146 
128 2699499 2699496 2699493 2699485 2699477 2699456 2699435 2699408 2699366 2699313 2699264 2699215 2699177 2699151 2699138 2699125 2699119 2699117 2699116 2699115 2699115 2699113 2699113 2699112 
129 2699499 2699498 2699495 2699491 2699482 2699472 2699452 2699426 2699392 2699351 2699317 2699272 2699243 2699219 2699204 2699196 2699193 2699189 2699189 2699189 2699189 2699189 2699189 2699188 
130 2699499 2699493 2699490 2699476 2699458 2699437 2699409 2699353 2699283 2699202 2699117 2699033 2698968 2698925 2698891 2698870 2698862 2698857 2698855 2698854 2698853 2698853 2698853 2698853 
131 2699499 2699496 2699493 2699485 2699473 2699448 2699404 2699351 2699276 2699181 2699084 2699000 2698932 2698886 2698849 2698835 2698822 2698815 2698814 2698814 2698814 2698814 2698814 2698814 
132 2699499 2699496 2699496 2699494 2699488 2699479 2699463 2699442 2699411 2699369 2699331 2699290 2699266 2699245 2699230 2699219 2699213 2699207 2699206 2699205 2699204 2699204 2699204 2699204 
133 2699499 2699498 2699497 2699495 2699491 2699485 2699466 2699443 2699418 2699391 2699355 2699322 2699289 2699273 2699266 2699265 2699263 2699261 2699260 2699260 2699259 2699258 2699257 2699257 
134 2699499 2699495 2699489 2699481 2699470 2699452 2699424 2699378 2699324 2699265 2699195 2699121 2699051 2699002 2698980 2698955 2698951 2698948 2698946 2698946 2698945 2698945 2698944 2698944 
135 2699499 2699498 2699496 2699491 2699486 2699478 2699472 2699459 2699440 2699413 2699383 2699365 2699344 2699324 2699318 2699315 2699312 2699310 2699307 2699307 2699307 2699307 2699307 2699307 
136 2699499 2699496 2699490 2699482 2699465 2699443 2699410 2699360 2699290 2699210 2699129 2699071 2699011 2698972 2698941 2698926 2698920 2698917 2698914 2698914 2698914 2698914 2698914 2698914 
137 2699499 2699499 2699498 2699496 2699495 2699491 2699483 2699470 2699453 2699426 2699404 2699388 2699373 2699367 2699362 2699358 2699356 2699355 2699355 2699355 2699354 2699354 2699354 2699354 
138 2699499 2699498 2699492 2699486 2699479 2699469 2699453 2699424 2699391 2699344 2699291 2699247 2699211 2699197 2699182 2699171 2699167 2699163 2699163 2699163 2699163 2699161 2699160 2699160 
139 2699499 2699496 2699493 2699487 2699482 2699462 2699442 2699410 2699361 2699300 2699245 2699191 2699137 2699102 2699087 2699079 2699070 2699069 2699066 2699064 2699064 2699064 2699064 2699064 
140 2699499 2699497 2699495 2699493 2699490 2699479 2699470 2699453 2699429 2699408 2699382 2699361 2699338 2699329 2699322 2699320 2699319 2699319 2699319 2699318 2699317 2699317 2699317 2699317 
141 2699499 2699498 2699495 2699490 2699481 2699462 2699434 2699404 2699354 2699297 2699227 2699158 2699108 2699075 2699049 2699038 2699034 2699029 2699028 2699028 2699028 2699028 2699028 2699028 
142 2699499 2699496 2699494 2699491 2699486 2699474 2699454 2699429 2699389 2699349 2699308 2699262 2699235 2699204 2699190 2699176 2699173 2699171 2699171 2699171 2699171 2699170 2699170 2699170 
143 2699499 2699497 2699492 2699485 2699470 2699446 2699408 2699362 2699297 2699227 2699141 2699072 2699008 2698970 2698923 2698904 2698896 2698894 2698892 2698891 2698890 2698889 2698889 2698887 
144 2699499 2699498 2699494 2699484 2699477 2699465 2699442 2699410 2699357 2699301 2699251 2699189 2699136 2699110 2699091 2699077 2699071 2699069 2699068 2699067 2699066 2699066 2699066 2699066 
145 2699499 2699497 2699496 2699495 2699491 2699486 2699479 2699469 2699451 2699431 2699403 2699384 2699368 2699360 2699351 2699346 2699343 2699343 2699342 2699342 2699342 2699342 2699342 2699342 
146 2699499 2699499 2699497 2699496 2699488 2699480 2699470 2699448 2699431 2699412 2699386 2699359 2699337 2699323 2699311 2699310 2699308 2699303 2699301 2699300 2699300 2699300 2699300 2699300 
147 2699499 2699497 2699494 2699488 2699484 2699477 2699458 2699424 2699395 2699348 2699294 2699233 2699193 2699174 2699160 2699151 2699143 2699142 2699140 2699138 2699138 2699138 2699138 2699138 
148 2699499 2699497 2699495 2699488 2699480 2699461 2699443 2699406 2699362 2699295 2699226 2699173 2699120 2699083 2699065 2699046 2699039 2699033 2699032 2699031 2699031 2699031 2699031 2699031 
149 2699499 2699497 2699496 2699495 2699489 2699478 2699463 2699438 2699403 2699365 2699329 2699290 2699264 2699249 2699241 2699231 2699227 2699225 2699225 2699225 2699224 2699224 2699223 2699223 
150 2699499 2699499 2699499 2699497 2699492 2699485 2699477 2699465 2699445 2699422 2699395 2699372 2699350 2699336 2699325 2699317 2699314 2699312 2699312 2699312 2699312 2699312 2699312 2699312 
151 2699499 2699496 2699492 2699486 2699475 2699452 2699413 2699355 2699291 2699213 2699133 2699060 2698982 2698924 2698896 2698883 2698877 2698874 2698873 2698873 2698873 2698872 2698871 2698870 
152 2699499 2699498 2699497 2699495 2699492 2699483 2699470 2699450 2699415 2699371 2699342 2699307 2699263 2699242 2699225 2699217 2699213 2699211 2699210 2699209 2699209 2699209 2699209 2699209 
153 2699499 2699497 2699493 2699489 2699484 2699472 2699452 2699422 2699395 2699349 2699295 2699253 2699217 2699192 2699169 2699159 2699156 2699153 2699153 2699152 2699152 2699152 2699151 2699151 
154 2699499 2699499 2699498 2699496 2699493 2699488 2699478 2699467 2699441 2699423 2699398 2699378 2699364 2699352 2699339 2699335 2699333 2699329 2699327 2699327 2699327 2699325 2699325 2699325 
155 2699499 2699498 2699496 2699493 2699489 2699481 2699467 2699445 2699423 2699407 2699373 2699338 2699314 2699295 2699282 2699269 2699264 2699264 2699263 2699263 2699263 2699263 2699263 2699262 
156 2699499 2699498 2699492 2699480 2699460 2699437 2699405 2699373 2699320 2699258 2699198 2699123 2699079 2699035 2699011 2698993 2698985 2698979 2698976 2698975 2698975 2698975 2698975 2698975 
157 2699499 2699498 2699496 2699494 2699487 2699477 2699466 2699444 2699415 2699379 2699343 2699308 2699277 2699255 2699240 2699230 2699228 2699226 2699225 2699225 2699225 2699225 2699225 2699224 
158 2699499 2699497 2699495 2699490 2699486 2699474 2699449 2699410 2699370 2699325 2699279 2699240 2699202 2699181 2699165 2699162 2699158 2699156 2699156 2699156 2699156 2699155 2699155 2699154 
159 2699499 2699496 2699490 2699482 2699467 2699428 2699385 2699313 2699221 2699125 2699011 2698898 2698805 2698728 2698677 2698648 2698634 2698630 2698629 2698628 2698627 2698625 2698625 2698624 
160 2699499 2699499 2699497 2699495 2699489 2699485 2699473 2699462 2699440 2699409 2699386 2699354 2699328 2699313 2699308 2699300 2699297 2699296 2699296 2699296 2699295 2699295 2699295 2699295 
161 2699499 2699499 2699498 2699496 2699493 2699489 2699479 2699468 2699457 2699441 2699426 2699416 2699407 2699399 2699395 2699394 2699393 2699393 2699393 2699393 2699393 2699393 2699393 2699393 
162 2699499 2699499 2699495 2699490 2699477 2699466 2699438 2699406 2699361 2699315 2699268 2699237 2699200 2699175 2699153 2699145 2699141 2699139 2699139 2699138 2699138 2699138 2699137 2699137 
163 2699499 2699498 2699497 2699496 2699494 2699487 2699483 2699475 2699466 2699451 2699435 2699424 2699405 2699396 2699393 2699386 2699384 2699384 2699384 2699384 2699384 2699384 2699383 2699383 
164 2699499 2699496 2699490 2699477 2699459 2699421 2699375 2699308 2699217 2699120 2698986 2698887 2698794 2698721 2698677 2698657 2698651 2698645 2698644 2698644 2698644 2698644 2698644 2698643 
165 2699499 2699498 2699493 2699487 2699476 2699459 2699431 2699401 2699355 2699306 2699238 2699189 2699147 2699103 2699074 2699057 2699052 2699050 2699050 2699050 2699050 2699050 2699050 2699050 
166 2699499 2699498 2699498 2699495 2699490 2699478 2699467 2699451 2699432 2699406 2699379 2699343 2699321 2699307 2699302 2699296 2699292 2699290 2699290 2699290 2699290 2699290 2699290 2699290 
167 2699499 2699497 2699492 2699488 2699481 2699463 2699440 2699405 2699355 2699301 2699254 2699205 2699163 2699124 2699108 2699094 2699085 2699083 2699081 2699081 2699081 2699080 2699080 2699080 
168 2699499 2699497 2699496 2699493 2699488 2699479 2699463 2699448 2699420 2699370 2699324 2699286 2699262 2699241 2699229 2699223 2699217 2699215 2699213 2699213 2699213 2699213 2699213 2699213 
169 2699499 2699498 2699495 2699489 2699477 2699456 2699425 2699376 2699303 2699224 2699134 2699035 2698960 2698898 2698858 2698842 2698836 2698829 2698826 2698826 2698825 2698824 2698823 2698822 
170 2699499 2699498 2699496 2699491 2699480 2699470 2699454 2699428 2699386 2699341 2699284 2699243 2699217 2699193 2699177 2699170 2699169 2699165 2699165 2699164 2699164 2699163 2699162 2699162 
171 2699499 2699496 2699493 2699488 2699478 2699457 2699427 2699384 2699328 2699261 2699194 2699129 2699058 2699012 2698987 2698976 2698968 2698965 2698961 2698961 2698961 2698959 2698958 2698958 
172 2699499 2699497 2699494 2699489 2699481 2699468 2699445 2699413 2699371 2699338 2699282 2699237 2699200 2699172 2699147 2699137 2699131 2699126 2699125 2699125 2699123 2699121 2699120 2699120 
173 2699499 2699496 2699493 2699485 2699475 2699459 2699440 2699416 2699377 2699325 2699267 2699217 2699187 2699155 2699126 2699113 2699110 2699109 2699109 2699109 2699109 2699109 2699109 2699107 
174 2699499 2699498 2699495 2699494 2699487 2699479 2699467 2699455 2699433 2699400 2699372 2699343 2699316 2699305 2699298 2699295 2699295 2699291 2699291 2699291 2699291 2699290 2699290 2699290 
175 2699499 2699495 2699493 2699489 2699481 2699472 2699457 2699438 2699408 2699379 2699345 2699314 2699282 2699266 2699260 2699258 2699255 2699255 2699255 2699255 2699255 2699254 2699254 2699253 
176 2699499 2699497 2699495 2699487 2699473 2699458 2699436 2699403 2699359 2699312 2699258 2699221 2699180 2699161 2699146 2699137 2699133 2699131 2699130 2699130 2699130 2699130 2699130 2699130 
177 2699499 2699497 2699495 2699490 2699485 2699469 2699451 2699420 2699382 2699332 2699284 2699240 2699207 2699188 2699173 2699167 2699160 2699158 2699158 2699158 2699157 2699157 2699157 2699157 
178 2699499 2699498 2699496 2699493 2699491 2699483 2699467 2699449 2699420 2699396 2699368 2699339 2699319 2699303 2699296 2699287 2699285 2699282 2699282 2699282 2699282 2699282 2699282 2699282 
179 2699499 2699498 2699495 2699491 2699480 2699465 2699441 2699417 2699376 2699322 2699274 2699226 2699187 2699153 2699128 2699114 2699109 2699108 2699108 2699108 2699108 2699108 2699108 2699107 
180 2699499 2699494 2699492 2699484 2699476 2699461 2699436 2699415 2699370 2699326 2699270 2699226 2699180 2699152 2699135 2699128 2699124 2699123 2699123 2699123 2699122 2699122 2699122 2699122 
181 2699499 2699496 2699493 2699484 2699464 2699441 2699411 2699349 2699289 2699210 2699125 2699037 2698961 2698901 2698868 2698849 2698832 2698829 2698827 2698827 2698827 2698827 2698826 2698825 
182 2699499 2699497 2699494 2699487 2699474 2699457 2699429 2699399 2699349 2699303 2699254 2699193 2699140 2699092 2699068 2699056 2699055 2699051 2699048 2699048 2699048 2699048 2699048 2699048 
183 2699499 2699498 2699498 2699496 2699487 2699476 2699463 2699439 2699419 2699391 2699354 2699322 2699296 2699279 2699270 2699261 2699256 2699256 2699256 2699256 2699255 2699255 2699255 2699255 
184 2699499 2699498 2699497 2699495 2699489 2699481 2699466 2699448 2699421 2699393 2699358 2699324 2699302 2699283 2699271 2699265 2699263 2699261 2699259 2699258 2699258 2699258 2699258 2699258 
185 2699499 2699497 2699495 2699491 2699484 2699468 2699445 2699409 2699371 2699319 2699274 2699224 2699185 2699149 2699131 2699122 2699118 2699116 2699115 2699115 2699115 2699114 2699113 2699113 
186 2699499 2699495 2699488 2699475 2699459 2699429 2699370 2699300 2699198 2699068 2698937 2698828 2698737 2698664 2698612 2698582 2698570 2698560 2698559 2698558 2698558 2698555 2698554 2698553 
187 2699499 2699499 2699498 2699496 2699494 2699490 2699484 2699473 2699456 2699434 2699421 2699406 2699397 2699391 2699387 2699385 2699382 2699381 2699381 2699380 2699380 2699380 2699380 2699380 
188 2699499 2699497 2699495 2699490 2699482 2699466 2699431 2699393 2699346 2699287 2699222 2699168 2699119 2699091 2699071 2699061 2699053 2699047 2699047 2699047 2699047 2699047 2699047 2699047 
189 2699499 2699499 2699494 2699490 2699479 2699466 2699451 2699421 2699383 2699328 2699268 2699217 2699169 2699141 2699124 2699116 2699108 2699103 2699100 2699100 2699100 2699100 2699100 2699100 
190 2699499 2699498 2699496 2699491 2699487 2699479 2699464 2699432 2699383 2699347 2699295 2699249 2699210 2699177 2699155 2699147 2699141 2699140 2699138 2699138 2699136 2699135 2699134 2699134 
191 2699499 2699499 2699498 2699497 2699492 2699484 2699472 2699456 2699428 2699399 2699373 2699349 2699323 2699308 2699289 2699283 2699282 2699281 2699281 2699281 2699281 2699281 2699281 2699281 
192 2699499 2699498 2699497 2699494 2699491 2699483 2699471 2699458 2699437 2699412 2699380 2699362 2699340 2699323 2699318 2699313 2699308 2699307 2699307 2699307 2699307 2699307 2699307 2699307 
193 2699499 2699497 2699494 2699491 2699488 2699483 2699472 2699451 2699430 2699401 2699370 2699346 2699318 2699301 2699289 2699285 2699279 2699278 2699278 2699277 2699277 2699277 2699276 2699276 
194 2699499 2699498 2699493 2699491 2699482 2699466 2699443 2699403 2699366 2699328 2699273 2699221 2699189 2699161 2699136 2699128 2699120 2699117 2699116 2699115 2699115 2699114 2699113 2699113 
195 2699499 2699497 2699494 2699488 2699479 2699457 2699432 2699392 2699347 2699282 2699222 2699160 2699109 2699076 2699059 2699043 2699034 2699029 2699028 2699028 2699028 2699028 2699028 2699028 
196 2699499 2699496 2699491 2699480 2699459 2699425 2699379 2699300 2699206 2699084 2698988 2698876 2698798 2698730 2698690 2698670 2698657 2698649 2698649 2698648 2698647 2698646 2698645 2698643 
197 2699499 2699498 2699496 2699490 2699481 2699469 2699445 2699417 2699371 2699331 2699274 2699229 2699184 2699161 2699143 2699130 2699123 2699120 2699119 2699118 2699117 2699117 2699116 2699116 
198 2699499 2699496 2699491 2699489 2699475 2699460 2699434 2699405 2699359 2699304 2699256 2699194 2699155 2699127 2699099 2699090 2699084 2699084 2699084 2699084 2699084 2699084 2699084 2699083 
199 2699499 2699498 2699495 2699491 2699480 2699466 2699443 2699405 2699351 2699286 2699221 2699165 2699110 2699071 2699053 2699040 2699030 2699029 2699028 2699027 2699027 2699027 2699027 2699026 
