000      0      0      2      2      2      2      2      3      3      3      5      6      7      9     16     19     22     27     29     30     30     30     31     28 
001      0      0      2      2      2      2      3      4      5      6      9     11     15     21     27     35     39     45     47     50     52     58     54     47 
002      0      0      2      2      2      2      2      3      3      7     10     18     26     44     61     70     86     99    119    131    138    140    133    123 
003      0      0      2      2      2      2      2      2      2      5      6     11     13     16     18     23     29     34     42     44     45     46     43     41 
004      0      0      2      2      2      2      2      2      3      6      8     10     12     15     19     25     26     29     30     29     27     26     24     19 
005      0      0      2      2      2      2      3      3      5      9     14     17     24     26     37     43     50     54     62     68     68     65     63     62 
006      0      0      2      2      2      2      3      3      5      6      7      9     14     21     39     46     58     63     69     76     77     79     79     75 
007      0      0      2      2      2      2      2      2      3      7     10     15     20     32     44     54     67     77     82     90     94     96     94     87 
008      0      0      2      2      2      2      2      2      2      3      4      4      3      5      8      9     13     19     21     22     22     22     24     22 
009      0      0      2      2      2      2      2      3      3      3      4      8     12     16     22     29     36     41     49     51     49     48     44     43 
010      0      0      2      2      2      2      2      2      3      4      6      8     14     16     24     32     42     45     48     52     53     54     50     47 
011      0      0      2      2      2      2      5      5      5      9     10     15     23     30     43     54     68     75     80     82     87     85     83     79 
012      0      0      2      2      2      2      3      3      3      6      6      8     12     15     19     25     31     36     39     41     41     43     41     40 
013      0      0      2      2      2      2      2      2      5      6      8     14     14     18     24     34     38     45     49     58     53     56     58     58 
014      0      0      2      2      2      2      2      2      2      5      7      8     12     14     17     24     28     32     34     39     41     37     37     35 
015      0      0      2      2      2      2      2      2      2      3      3      6      7     13     20     29     40     48     56     63     63     62     62     62 
016      0      0      2      2      2      3      3      3      3      4      5      5      7      8     10     10     14     19     22     24     27     26     26     24 
017      0      0      2      2      2      2      2      2      2      3      3      3      5      5      6      7     10     14     16     17     17     18     17     16 
018      0      0      2      2      2      2      2      3      3      5      5      5      4      6      6      8     13     15     16     21     24     25     25     26 
019      0      0      2      2      2      2      2      2      2      2      2      2      1      3      4      6      8      9     14     15     16     17     15     16 
020      0      0      2      2      2      2      2      2      3      7      8      6      6     10     14     20     25     31     34     36     36     35     36     36 
021      0      0      2      2      2      2      3      3      3      4      5      6      7     10     13     20     24     27     30     34     38     36     36     33 
022      0      0      2      2      2      2      2      2      3      5      6      7      9     11     16     18     25     30     34     36     35     35     37     32 
023      0      0      2      2      2      2      2      3      3      5      6      7     12     16     18     23     31     36     38     39     39     37     37     32 
024      0      0      2      2      2      2      2      2      2      2      4      4      5      8      7     10     13     19     20     24     24     25     28     26 
025      0      0      2      2      2      2      2      2      2      2      4      3      8      9     17     23     27     33     35     39     40     40     39     36 
026      0      0      2      2      2      2      2      2      2      3      7     10     12     18     24     32     36     46     55     60     64     67     68     65 
027      0      0      2      2      2      2      2      3      4      5      9     12     16     20     29     38     48     58     66     73     80     77     76     76 
028      0      0      2      2      2      2      2      2      4      6      8     11     16     22     31     43     54     65     74     77     78     78     76     72 
029      0      0      2      2      2      2      2      2      2      2      4      5      6     10     16     26     32     34     37     39     40     40     37     35 
030      0      0      2      2      2      2      2      4      5      5      5      8     10     14     20     27     32     40     42     45     47     47     49     47 
031      0      0      2      2      2      2      2      3      3      8     12     19     21     29     37     50     63     75     85     89     94     91     88     84 
032      0      0      2      2      3      3      3      3      3      5     10     16     23     29     44     57     62     72     81     87     90     90     88     81 
033      0      0      2      2      2      2      2      2      4      5      8     10     12     11     15     18     20     27     28     28     26     27     25     26 
034      0      0      2      2      2      2      2      4      6      7     10     12     18     25     34     46     63     83     93    101    103    102    104    106 
035      0      0      2      2      2      2      2      2      2      3      5      8     11     13     20     26     30     35     43     47     48     50     48     43 
036      0      0      2      2      2      2      3      4      6      7     11     16     23     34     53     69     81     90     97    111    118    123    123    119 
037      0      0      2      2      2      2      2      2      4      6     13     16     22     33     42     49     65     76     92     92     93     99     98     91 
038      0      0      2      2      2      2      2      3      3      7     10     11     19     27     34     43     51     55     65     68     72     74     72     67 
039      0      0      2      2      2      2      3      4      7      8     10     14     22     29     33     40     49     52     63     67     71     64     58     57 
040      0      0      2      2      2      2      3      4      4      6     10     15     19     26     43     54     65     75     85    103    111    113    113    109 
041      0      0      2      2      2      2      3      3      4      6      9     12     16     19     27     34     43     51     58     62     68     71     72     68 
042      0      0      1      1      1      1      1      2      4      7     10     13     18     27     34     52     60     73     80     90     88     88     84     80 
043      0      0      2      2      2      2      2      2      2      3      5      6      8     10     14     22     30     36     40     45     50     54     54     51 
044      0      0      2      2      2      2      3      4      4      6      8     11     18     24     32     37     41     58     63     66     69     72     73     68 
045      0      0      2      2      2      2      2      4      6     11     14     20     30     39     55     75     93    108    119    123    126    129    132    117 
046      0      0      2      2      2      2      2      2      2      2      2      2      2      4      4      3      5      6      6      6      6      6      5      4 
047      0      0      2      2      2      2      2      2      2      2      2      3      2      2      3      4      7      8      9     11     11     12     12     12 
048      0      0      2      3      3      3      3      3      4      4      5      6      7      7      9      8     12     13     16     20     20     20     21     20 
049      0      0      2      2      2      2      2      2      2      3      5      7      7      8      8     11     14     15     17     17     17     15     14     13 
050      0      0      2      2      2      2      2      3      4      6     10     12     24     37     48     57     71     81     91     99     97     96     93     91 
051      0      0      2      2      2      2      2      2      3      7     10     13     14     16     23     33     36     40     42     43     44     46     42     41 
052      0      0      2      2      2      2      3      5      5      5      6      7     13     17     25     28     31     36     39     42     47     46     42     42 
053      0      0      2      2      2      2      3      3      4      9     13     20     28     36     45     52     63     72     79     82     85     90     83     71 
054      0      0      2      2      2      2      2      2      2      4      6     10     14     21     27     35     44     51     63     66     71     72     73     72 
055      0      0      2      2      2      2      4      4      8     11     13     20     20     28     37     45     50     58     66     71     72     74     71     63 
056      0      0      2      2      2      2      2      2      4      6      7      9     11     13     16     23     28     33     37     39     35     37     36     35 
057      0      0      2      2      2      2      2      3      3      3      5     12     14     22     32     40     51     56     64     74     76     78     72     68 
058      0      0      2      2      2      2      2      2      2      3      4      4      8      7     11     15     15     16     17     18     18     16     16     14 
059      0      0      2      2      2      2      2      2      2      2      4      8     11     14     16     23     27     33     36     38     39     40     37     32 
060      0      0      2      2      2      2      2      2      2      3      6     14     24     26     35     42     52     60     65     75     77     74     70     64 
061      0      0      2      2      2      2      2      2      2      3      6     10     12     16     20     30     35     41     46     51     50     53     49     48 
062      0      0      2      2      2      2      2      2      3      3      3      4      4      5     10     14     15     22     23     24     27     28     28     26 
063      0      0      2      2      2      2      2      2      2      5      7      9     11     12     15     21     28     35     39     43     42     43     45     43 
064      0      0      2      2      2      2      3      4      7      9     12     13     20     29     37     45     59     64     71     78     79     80     78     75 
065      0      0      2      2      2      2      2      3      4      6      8     14     15     16     24     27     34     41     47     52     55     50     47     42 
066      0      0      2      2      2      2      4      4      8      9     15     19     26     35     48     62     78     86     98    101    107    107    105     97 
067      0      0      2      2      2      2      2      2      2      4      4      5     11     13     18     21     22     25     29     32     33     31     31     29 
068      0      0      2      2      2      3      4      5      5      7     15     18     18     26     40     50     59     72     77     80     79     78     78     70 
069      0      0      2      2      2      3      4      4      5      8      9     12     15     17     24     30     35     37     39     41     42     41     40     38 
070      0      0      2      2      2      2      2      3      3      5      7      8     13     15     19     23     29     31     32     31     32     33     31     31 
071      0      0      2      2      2      2      2      2      2      2      4     10     10     21     28     37     41     48     55     58     61     65     65     61 
072      0      0      2      2      2      2      2      2      2      2      2      7     12     17     25     29     35     40     45     48     49     49     46     45 
073      0      0      2      2      2      2      2      2      2      3      4      3      9     13     18     25     32     37     43     49     52     53     52     50 
074      0      0      2      2      2      2      2      2      3      5      9     16     27     41     49     61     71     80     94     95     94     96     89     83 
075      0      0      2      2      2      3      3      5      5      5      8     13     17     21     26     35     39     43     49     51     53     54     50     46 
076      0      0      2      2      2      2      2      2      2      2      2      2      3      5     10     10     10     11     12     13     16     17     18     17 
077      0      0      2      2      2      2      2      2      2      3      4      8     16     18     24     29     35     41     51     55     58     55     54     52 
078      0      0      2      2      2      3      3      4      4      6     13     17     26     34     47     62     75     87     96    107    105    107    106    103 
079      0      0      2      2      2      2      2      2      6      8     12     16     22     29     42     61     71     84     90     99    102    102     99     93 
080      0      0      2      2      2      2      3      5      7      9     15     19     27     35     43     57     70     81     88     92    100    103    103     97 
081      0      0      2      2      2      2      2      2      2      4      6     13     16     20     29     31     44     54     63     69     72     73     72     74 
082      0      0      2      2      2      2      2      3      4      9     13     18     30     43     66     87    100    113    124    130    133    131    127    118 
083      0      0      2      2      3      3      4      4      4      4     10     13     21     30     43     52     67     76     88     94    100    102     97     91 
084      0      0      2      2      2      2      2      2      3      3      6      9     14     16     20     25     36     49     54     54     54     55     54     49 
085      0      0      2      2      2      2      2      2      4      5      8      9     18     23     30     40     49     60     64     65     67     67     66     62 
086      0      0      2      2      2      2      2      2      2      2      2      1      3      6      5      7      8      9     12     13     15     17     15     15 
087      0      0      2      2      2      2      2      4      5      6      8      8      9      9     14     17     23     28     30     32     33     35     33     32 
088      0      0      2      2      2      2      3      4      6      9     16     25     32     49     62     77     91    107    116    133    138    139    138    133 
089      0      0      2      2      2      2      2      2      3      3      4      8      9     12     15     20     27     33     35     34     35     36     37     35 
090      0      0      2      2      2      4      5      7     11     15     20     23     31     42     55     65     87     98    107    117    124    121    115    114 
091      0      0      2      2      2      2      2      2      3      4      5      4      5      5      4      6      9      8     10      8     10      9      9      9 
092      0      0      2      2      2      2      2      2      3      3      6     10     16     21     29     37     43     44     49     56     58     61     61     60 
093      0      0      2      3      3      3      4      6      6     11     13     20     31     53     70     79     91    107    119    125    125    129    120    109 
094      0      0      2      2      2      2      2      6      7      9     14     19     29     52     60     73     85    100    113    122    125    131    125    116 
095      0      0      2      2      2      2      4      5      8      9     11     16     18     25     33     36     42     53     64     66     71     72     68     68 
096      0      0      2      2      2      2      3      4      6     12     16     20     21     27     37     43     47     53     56     61     65     66     64     60 
097      0      0      2      2      2      2      2      3      4      6      9     14     21     26     34     40     47     54     60     68     71     69     67     61 
098      0      0      2      2      2      2      2      2      2      2      5      6     10     14     16     19     25     28     28     30     31     30     33     31 
099      0      0      2      2      2      2      2      3      3      5      5      7      8     15     18     26     29     35     40     42     44     47     48     49 
100      0      0      2      2      2      2      2      2      2      3      3      4      5      9      9      9     10     13     15     16     15     16     13     11 
101      0      0      2      2      2      2      2      2      2      5      7      9     13     14     17     27     38     47     56     62     64     65     63     63 
102      0      0      2      2      2      2      3      5      7      7     11     12     16     23     33     42     44     49     53     53     52     54     54     52 
103      0      0      2      2      2      2      2      3      3      6      8      8      9      9     14     19     23     31     36     38     37     38     40     39 
104      0      0      2      2      2      2      2      2      2      3      4      5      5      7      9     10     13     15     18     18     19     22     21     19 
105      0      0      2      2      2      2      2      2      2      2      2      6      9     11     16     19     22     30     38     39     41     44     42     39 
106      0      0      2      2      2      2      2      6      9     11     15     19     24     34     54     67     81     98    109    116    122    131    129    120 
107      0      0      2      2      2      4      5      7     11     14     18     23     28     44     55     67     76     88     99    106    108    111    109    103 
108      0      0      2      2      2      2      2      3      3      6     10     10     13     26     30     44     51     61     71     74     80     82     82     78 
109      0      0      2      2      2      2      2      2      4      4      7     12     18     21     30     36     42     49     56     66     66     66     67     62 
110      0      0      2      2      2      3      3      3      4      5      7     13     15     25     33     44     49     60     66     71     74     73     75     71 
111      0      0      2      2      2      2      2      2      4      6     14     19     25     35     40     48     56     66     71     77     77     76     68     65 
112      0      0      2      3      3      3      3      4      4      4      7      9     10     16     31     35     41     48     54     61     64     63     61     51 
113      0      0      2      2      2      3      3      4      4      5      9     16     19     28     43     54     67     79     92    101    105    109    106     96 
114      0      0      2      2      3      3      3      4      4      5      7      9     10     18     23     30     35     37     38     44     47     48     42     39 
115      0      0      2      2      2      2      2      2      2      2      4      5      7     11     15     19     23     27     28     32     32     32     30     30 
116      0      0      2      2      2      2      3      3      3      7      9     11     18     23     31     41     48     54     64     71     73     75     69     63 
117      0      0      2      2      2      2      2      3      3      4      8     13     21     27     39     40     59     70     84     89     88     89     85     80 
118      0      0      2      2      2      2      3      6      7      7     10     14     19     22     32     40     46     58     61     64     68     70     68     62 
119      0      0      2      2      2      2      2      3      3      4      5      6      8     12     15     25     30     36     40     43     47     49     52     49 
120      0      0      2      2      2      2      2      3      4      4      4      5      5      6      7     12     14     16     20     23     27     28     28     26 
121      0      0      2      2      2      2      4      5      5      8      9     12     20     30     38     48     52     64     79     86     87     86     86     79 
122      0      0      2      2      2      2      2      2      2      2      3      5      6      8     13     16     19     24     28     31     31     30     30     28 
123      0      0      2      2      2      2      2      2      2      4      4      4      5      7      9     12     14     15     15     17     18     16     17     14 
124      0      0      2      2      3      3      3      4      5      6      9     12     21     26     37     48     58     72     86     92     95     94     88     83 
125      0      0      2      2      2      2      2      2      2      2      3      3      6      7     11     14     17     22     26     27     29     29     30     29 
126      0      0      2      2      2      2      2      3      5      5      6      7      8     10      9     13     17     19     19     21     23     23     23     21 
127      0      0      2      2      2      2      2      2      3      3      5      8     16     20     24     32     38     48     51     53     57     59     56     54 
128      0      0      2      2      2      2      2      4      4      6      9     15     17     22     32     43     53     60     63     68     70     70     67     62 
129      0      0      2      2      2      2      2      2      3      4      5      5     10     18     23     28     33     37     45     49     51     50     46     45 
130      0      0      2      2      2      3      4      4      5      8     12     18     19     30     43     58     72     83     93    100    103     98     96     93 
131      0      0      2      2      2      3      3      3      5      8     11     24     34     45     58     67     77     86     97    102    101     94     86     77 
132      0      0      2      2      2      3      3      3      3      3      5      5      5      7     12     16     19     26     30     34     37     38     40     39 
133      0      0      2      2      2      2      2      3      3      4      5      6     12     17     17     21     25     30     34     41     40     39     41     39 
134      0      0      2      2      2      3      3      4      6      7      9     14     21     24     34     43     54     66     80     84     89     93     88     88 
135      0      0      1      1      1      2      2      3      4      5      6      9     11     12     14     17     25     30     32     33     33     35     34     32 
136      0      0      2      2      2      2      3      3      5     11     12     15     24     34     40     49     62     67     67     73     74     76     70     65 
137      0      0      2      2      2      2      2      2      2      2      4      5      9      9     10     10     12     14     17     19     19     19     16     15 
138      0      0      2      2      2      2      3      3      4      5      9     10     15     16     20     25     30     37     44     46     44     47     45     43 
139      0      0      2      2      2      2      2      2      2      6      8     12     17     29     34     41     49     51     55     59     61     57     56     54 
140      0      0      2      2      2      2      2      2      4      4      7      9     10     15     21     24     27     35     36     37     37     36     34     31 
141      0      0      2      2      2      2      2      3      4      6     10     14     16     20     32     43     54     60     64     67     71     70     68     67 
142      0      0      2      2      2      4      4      4      6      7      9     16     22     22     30     39     42     45     47     53     57     59     52     50 
143      0      0      2      2      2      2      2      2      3      7      9     12     18     25     31     48     59     70     81     86     87     88     85     81 
144      0      0      2      2      2      2      3      4      5      8     11     14     22     30     38     43     54     61     69     70     75     76     74     68 
145      0      0      2      2      2      2      2      2      3      4      5      8      9     12     14     16     17     17     17     18     17     18     19     19 
146      0      0      1      1      1      1      1      2      2      2      4      5     11     12     16     20     24     26     29     31     34     32     31     29 
147      0      0      2      2      2      2      2      2      2      3      6      8     12     16     18     23     34     39     44     49     53     55     56     53 
148      0      0      2      2      2      2      2      2      2      4      6     10     15     19     26     38     50     55     68     70     70     69     69     67 
149      0      0      2      2      2      2      2      2      3      6      7      7     10     14     17     21     29     32     39     40     40     41     43     40 
150      0      0      2      2      2      2      3      3      3      3      6      5      5      5      9     16     18     23     26     23     25     26     26     23 
151      0      0      2      2      2      3      4      4      4      6     14     16     24     37     48     59     69     84     94    100    103     99     97     88 
152      0      0      2      2      2      2      2      2      3      4      8      8     11     14     16     21     28     37     43     46     52     50     49     49 
153      0      0      2      2      2      2      2      2      2      4      6      7     13     18     25     34     45     54     62     63     66     66     65     59 
154      0      0      2      2      2      2      2      2      3      3      4      5      8     11     15     17     19     24     27     28     28     28     27     23 
155      0      0      2      2      2      2      2      2      2      3      3      3      8     15     20     24     34     45     49     49     53     53     50     43 
156      0      0      2      2      2      2      3      3      6      8     12     18     28     36     43     55     72     76     82     84     87     91     90     87 
157      0      0      2      2      2      2      2      2      4      4      4      7     10     14     21     23     29     32     37     39     41     42     38     38 
158      0      0      2      2      2      2      2      2      3      4      4      5     12     18     21     29     34     43     48     52     58     58     57     55 
159      0      0      2      2      3      3      3      4      5     11     14     21     29     45     56     68     89    115    127    130    137    135    133    132 
160      0      0      2      2      2      2      2      3      3      4      5      6      7     10     11     12     15     21     22     26     28     29     29     29 
161      0      0      2      2      2      2      2      3      3      4      5      8      9      9     10     13     15     17     17     16     14     16     14     12 
162      0      0      2      2      2      2      4      4      5      5      9     10     12     21     23     31     40     49     49     55     56     55     51     53 
163      0      0      2      2      2      2      3      3      3      6      7      9     12     14     14     16     20     23     24     25     27     24     23     21 
164      0      0      2      2      2      2      3      3      6     11     18     22     36     54     71     84     99    120    132    136    147    139    126    117 
165      0      0      2      2      2      2      2      2      3      4      6      8     10     15     26     38     43     53     64     70     74     75     71     71 
166      0      0      2      2      2      2      2      2      2      4      5      5      5      6     13     15     21     24     30     31     32     33     33     32 
167      0      0      2      2      2      3      4      5      6      7     10     12     17     25     38     41     52     59     66     73     72     75     72     68 
168      0      0      2      2      2      3      3      3      3      4      6      7      8     13     21     27     34     36     40     44     47     46     44     39 
169      0      0      2      2      2      2      2      2      4      8     10     12     20     27     34     44     58     74     83     95     92     95     94     89 
170      0      0      2      2      2      2      3      3      6      6      6      9     11     12     16     22     30     39     43     50     52     51     54     53 
171      0      0      2      2      2      3      3      3      5     10     13     17     20     30     48     62     77     80     89     95     97     98     92     82 
172      0      0      2      2      2      2      2      2      2      5      7     10     15     21     26     33     38     48     53     57     56     58     57     54 
173      0      0      2      3      3      3      3      4      6      7      8     13     16     22     34     44     49     60     70     71     72     72     74     66 
174      0      0      2      2      2      2      2      2      2      4      4      5     10     11     17     22     24     33     33     36     35     38     38     36 
175      0      0      2      2      2      4      4      4      4      7      9     11     13     14     21     24     28     29     33     35     37     36     31     27 
176      0      0      2      2      2      2      4      6      6      7     10     13     19     26     31     39     42     45     50     49     56     55     55     50 
177      0      0      2      2      2      2      2      3      3      5     10     15     21     24     30     36     45     49     60     63     64     64     61     54 
178      0      0      2      2      2      2      2      2      3      4      4      7      9     14     20     29     30     34     36     38     37     35     34     32 
179      0      0      2      2      2      2      3      3      3      5      8     12     18     27     41     47     53     61     68     74     75     78     78     73 
180      0      0      2      2      3      3      3      6     10     13     14     16     23     31     40     45     53     58     60     64     65     65     62     58 
181      0      0      2      2      2      3      3      4      4      6      9     12     21     32     46     62     75     82     88     95     98     99    101     95 
182      0      0      2      2      2      2      2      3      4      8     11     12     17     21     26     32     35     42     51     55     54     58     56     53 
183      0      0      2      2      2      2      2      2      3      5      7     11     15     17     16     22     24     27     31     34     32     32     29     28 
184      0      0      2      2      2      2      2      4      4      7      9     10     11     15     22     25     29     34     35     36     38     36     37     36 
185      0      0      2      2      2      2      2      2      3      5      7     10     15     21     26     31     35     39     45     50     48     49     48     46 
186      0      0      2      2      2      2      3      4      6      9     10     18     26     38     60     80     92    113    124    134    137    137    136    132 
187      0      0      2      2      2      2      2      2      3      4      5      7      7      8      8     12     13     14     15     13     11     10      8      8 
188      0      0      2      2      2      2      2      2      2      3      5      9     14     25     37     49     67     76     84     89     94     94     93     88 
189      0      0      2      2      2      2      3      5      6      6      6     11     11     16     19     31     37     43     50     57     59     60     59     58 
190      0      0      2      2      2      2      2      2      3      5      8     11     15     18     22     33     40     45     49     52     57     60     62     58 
191      0      0      2      2      2      2      2      2      2      4      6      7      7     16     22     26     28     31     32     36     37     37     34     31 
192      0      0      2      2      2      2      3      4      5      5      8     10     12     14     17     20     20     24     26     27     25     25     23     23 
193      0      0      2      2      2      2      3      4      4      4      4      6     10     12     15     18     24     30     32     31     33     36     35     33 
194      0      0      2      2      2      3      3      3      4      5      6      7     10     19     31     39     55     59     61     67     69     73     71     66 
195      0      0      2      2      2      2      2      4      6     10     12     16     20     24     32     45     58     65     66     72     72     71     73     72 
196      0      0      2      2      2      2      3      4      5      9     18     22     30     41     63     79     98    115    119    124    130    130    129    119 
197      0      0      2      2      2      2      2      2      2      2      3      5      6     12     19     29     39     46     51     56     58     59     60     57 
198      0      0      2      2      2      3      3      4      7      9     13     20     26     30     32     37     44     50     51     55     52     50     46     40 
199      0      0      2      2      2      2      2      2      4      4      8     15     18     23     38     45     53     64     72     84     85     85     84     77 
