000      2      0      0      0      0      0      0      0      1      3     10     15     27     40     58     74     90     99    109    111    109     95     83     68 
001      2      0      0      0      0      0      0      2      3      8     16     30     56     81    127    155    185    205    225    221    209    179    158    133 
002      2      0      0      0      0      1      3      5     14     39     63    100    159    209    261    339    395    432    453    443    407    373    310    244 
003      2      0      0      0      0      0      1      7      8     13     20     27     37     51     65     85     97    112    119    123    121    107     95     80 
004      2      0      0      0      0      0      0      0      2      5      9     12     21     24     37     44     61     75     87     91     89     85     74     59 
005      2      0      0      0      1      1      1      5     10     12     24     48     76    101    142    174    208    225    238    240    234    222    193    156 
006      2      0      0      0      0      1      4      5     12     18     39     61     86    121    157    193    223    242    248    227    219    202    168    138 
007      2      0      0      0      0      2      5     10     18     26     43     60     83    115    143    175    205    227    232    237    241    217    197    161 
008      2      0      0      0      0      1      1      1      3      5      7     12     19     23     30     39     50     55     61     62     58     54     48     41 
009      2      0      0      0      1      1      2      3      3      7     15     29     53     69     88    112    132    138    138    137    135    126    116     96 
010      2      0      0      0      0      0      2      2      5      9     18     33     50     77    107    126    148    178    197    197    191    182    165    141 
011      2      0      0      0      0      1      1      2      7     12     28     52     71    103    135    173    204    228    231    227    231    215    185    152 
012      2      0      0      0      0      0      1      3      5     10     17     24     37     54     70     85    108    122    134    132    139    132    114     96 
013      2      0      0      0      0      1      2      7     11     16     26     44     77    103    149    201    235    260    281    277    260    231    205    171 
014      2      0      0      0      1      1      2      3      4      7     14     29     40     63     91    110    126    156    163    164    150    138    122     99 
015      2      0      0      0      0      3      3      4     12     21     32     49     62     93    125    156    179    200    215    217    206    183    166    139 
016      2      0      0      0      0      0      1      1      2      3      8     12     18     26     47     58     71     88     95     93     83     72     57     42 
017      2      0      0      1      1      1      1      2      2      2      5      9     18     24     33     41     49     52     60     55     57     56     51     42 
018      2      0      0      0      0      0      0      0      0      2      5     12     26     40     58     70     81     94    102     93     89     83     68     46 
019      2      0      0      0      0      0      1      2      3      7     16     26     37     46     57     62     72     78     78     80     76     67     59     49 
020      2      0      0      1      1      1      1      2      5      9     14     22     30     47     66     82     94    104    114    105    105     95     80     70 
021      2      0      0      0      0      0      0      1      4      9     14     20     27     43     53     59     72     82     87     84     80     77     69     56 
022      2      0      0      0      1      2      3      4      4      5     10     18     35     48     71     92    112    121    125    109    113    105     82     60 
023      2      0      0      0      1      1      2      5      6     10     21     31     41     57     76    107    121    142    148    147    138    129    108     95 
024      2      0      0      0      0      0      1      2      3      7     11     20     33     44     50     71     79     86     82     78     71     61     52     41 
025      2      0      0      0      0      0      0      1      3      5     13     23     31     44     56     80     97    106    117    123    117    110     95     82 
026      2      0      0      0      0      0      0      5      9     14     23     47     70     99    139    170    200    226    228    227    214    196    167    139 
027      2      0      0      0      0      0      1      5     12     16     23     36     58     87    124    149    167    194    210    212    199    177    151    124 
028      2      0      0      0      1      2      5     10     19     29     42     56     86    112    157    196    222    241    252    251    241    224    191    153 
029      2      0      0      0      0      0      3      3      4      9     11     16     24     34     47     64     85     93    101    107    100     90     81     65 
030      2      0      0      0      0      0      0      3      8     10     20     38     55     80    108    136    156    166    173    176    156    136    116     92 
031      2      0      0      0      0      1      3      8     10     22     33     55     88    127    173    215    265    289    301    310    304    269    224    174 
032      2      0      0      0      2      4      4      8     15     23     35     64    103    153    220    270    319    358    376    374    350    315    267    232 
033      2      0      0      0      0      0      1      2      4      4      8     15     25     42     54     69     81     93    108    108     97     90     77     63 
034      2      0      0      0      1      3      5     11     19     32     58     77    108    148    216    255    293    332    343    360    339    303    270    226 
035      2      0      0      1      1      1      1      5      4      8     13     25     34     46     63     83    101    126    120    119    114    102     89     69 
036      2      0      0      0      0      1      5      7     12     21     41     65    105    159    213    284    345    397    420    430    424    387    333    275 
037      2      0      0      0      0      2      5     12     22     37     57     74    103    139    173    211    241    281    314    310    305    292    255    212 
038      2      0      0      0      1      1      1      5      9     24     38     57     76    109    143    175    192    217    223    215    207    184    157    137 
039      2      0      0      0      0      0      1      4     12     22     38     58     73    101    130    163    188    209    217    224    214    203    186    153 
040      2      0      0      0      0      0      7     13     26     39     61     89    120    158    214    259    308    354    379    390    379    347    301    249 
041      2      0      0      0      0      0      1      1      7     13     27     44     68     92    132    169    185    222    231    234    228    212    180    148 
042      2      0      0      0      0      0      3      6     12     20     29     47     66     93    145    181    214    249    252    249    245    222    195    179 
043      2      0      0      0      1      1      2      7     12     16     24     33     53     78    110    128    141    158    166    168    165    153    121    112 
044      2      0      0      0      0      1      2      9     12     20     39     63     94    135    169    204    247    262    263    264    254    223    185    155 
045      2      0      0      0      1      2      3      6     18     26     51     79    121    172    224    276    340    391    425    428    407    357    323    264 
046      2      0      0      0      0      0      0      0      2      2      3      4      5      7      9     11     12     13     12     14     13     12      8      8 
047      2      0      0      0      0      0      0      2      2      4      5      9     14     15     17     19     21     18     17     17     16     14     13     10 
048      2      0      0      0      0      0      1      1      4      7      7     14     27     31     37     52     61     64     67     67     61     54     46     36 
049      2      0      0      0      0      0      2      3      3      7     10     12     20     26     41     52     60     69     69     70     67     59     51     43 
050      2      0      0      0      0      0      2      6     14     25     36     60     83    121    164    208    235    271    291    291    277    259    219    192 
051      2      0      0      0      0      0      2      2      3      4     11     20     30     51     64     74     95    113    115    114    124    110    101     80 
052      2      0      0      0      0      0      0      0      3      7     15     29     43     72     84    106    112    126    136    133    123    106     85     67 
053      2      0      0      0      0      0      2      4     12     21     38     55     76    110    145    180    206    221    244    245    235    217    183    162 
054      2      0      0      0      0      0      2      5     11     14     26     43     61     90    121    149    180    206    223    224    228    200    181    150 
055      2      0      0      0      0      1      3      8     14     20     40     53     81    107    144    189    227    269    289    301    287    266    227    188 
056      2      0      0      0      0      0      1      4      8     13     19     25     39     60     74     94    109    126    139    141    137    119    102     88 
057      2      0      0      0      0      3      3      5      8     15     22     37     60     83     99    133    169    194    200    203    203    181    165    136 
058      2      0      0      0      0      0      2      3      4      5      8     10     14     27     39     47     59     60     68     70     63     58     50     40 
059      2      0      0      0      0      0      1      3      4      5     12     18     25     44     65     81     98    111    115    119    114    103     89     65 
060      2      0      0      0      0      0      0      5      9     25     35     61     86    123    167    209    254    281    287    284    268    238    202    173 
061      2      0      0      0      0      1      1      2      4     12     16     28     50     72     88    116    143    166    174    175    166    148    126    102 
062      2      0      0      0      0      0      1      1      4      5     11     15     25     38     61     71     80     87     93     94     89     77     71     60 
063      2      0      0      0      1      2      3      5      6     10     17     23     32     54     77     95    115    129    134    131    127    124    105     85 
064      2      0      0      0      0      0      3      6      9     16     34     46     70     96    148    176    197    219    237    237    231    213    190    154 
065      2      0      0      0      0      3      4      6     10     15     22     30     42     63     92    117    145    167    188    186    179    168    147    125 
066      2      0      0      0      0      0      1      3      9     20     35     51     91    148    196    243    302    337    339    341    328    293    263    235 
067      2      0      0      0      0      0      0      0      1      1      5     11     22     30     42     55     63     75     78     71     70     59     50     37 
068      2      0      0      0      0      0      0      8     16     23     36     51     74    109    146    169    201    232    253    239    226    206    188    150 
069      2      0      0      0      0      0      0      2      3      9     18     25     34     55     71    104    114    130    139    134    128    120    107     91 
070      2      0      0      0      0      1      2      4      7     12     17     26     44     64     82     96    113    128    132    133    125    108     89     69 
071      2      0      0      0      0      2      3      7     12     19     23     33     53     74    107    131    155    185    203    205    193    181    145    112 
072      2      0      0      0      0      0      1      3      9     12     17     31     46     73    100    129    147    164    175    178    170    163    144    120 
073      2      0      0      0      0      0      0      6     12     22     29     44     61     77     95    116    144    151    153    151    145    129    111     97 
074      2      0      0      0      0      0      0      3     12     26     46     67     99    135    170    212    268    291    308    300    295    263    224    187 
075      2      0      0      0      0      0      1      2      5     11     25     37     58     89    115    149    166    184    196    204    189    168    140    125 
076      2      0      1      1      1      1      1      1      4      7      8     11     20     24     35     40     52     60     62     58     53     41     34     27 
077      2      0      0      0      0      0      2      7      9     14     23     48     64     94    125    151    178    189    205    211    206    191    147    126 
078      2      0      0      0      0      1      6     10     20     33     50     84    119    158    199    235    282    314    327    325    320    308    270    234 
079      2      0      0      0      0      0      0      1      9     17     29     53     83    116    153    204    233    265    291    299    280    255    222    192 
080      2      0      0      0      0      0      1      3     10     19     33     60     87    131    179    225    252    270    296    299    285    244    210    167 
081      2      0      0      0      0      0      0      4      6     17     32     53     83    116    159    189    219    244    262    259    245    223    195    164 
082      2      0      0      0      0      1      4     10     19     26     52     87    127    177    231    295    350    381    420    421    407    383    354    287 
083      2      0      0      0      0      2      4      5     14     30     45     68    109    135    167    225    258    291    305    311    295    272    238    191 
084      2      0      0      0      0      1      4      6      8     10     17     29     47     69     99    118    147    158    177    181    166    141    119    101 
085      2      0      0      0      0      0      0      4     12     16     21     36     58     79    109    137    171    188    205    215    218    197    170    139 
086      2      0      0      0      0      0      0      0      0      3      5      9     15     24     28     37     48     51     51     55     54     42     40     32 
087      2      0      0      0      0      0      0      1      5      8     14     21     32     44     64     90    102    107    110    112    112    106     93     80 
088      2      0      0      1      2      4      4      9     13     21     32     63     96    141    181    239    275    311    324    329    306    270    241    196 
089      2      0      0      0      0      0      3      5      6      9     17     21     33     40     52     72     80     94    103    108    107     97     80     61 
090      2      0      0      0      1      1      5     11     20     35     50     71    109    140    191    244    295    326    345    347    339    316    269    228 
091      2      0      0      0      0      0      0      0      1      2      3      4      8     12     15     20     29     31     31     29     27     26     28     21 
092      2      0      0      0      0      2      2      4      8     15     29     45     61     84    116    161    183    208    219    229    217    199    163    127 
093      2      0      0      0      0      0      2      4     10     17     33     51     93    134    189    243    297    344    356    355    341    295    258    206 
094      2      0      0      0      0      1      5     11     18     27     42     71    107    161    212    270    316    340    357    367    347    311    274    220 
095      2      0      0      0      0      0      1      3      5     12     22     46     66     87    114    139    161    177    197    193    185    167    145    119 
096      2      0      0      0      0      1      2      5     11     16     31     45     71     98    130    175    215    233    253    248    239    202    174    149 
097      2      0      0      0      0      0      2      4      9     16     23     42     63     94    122    154    182    207    208    199    183    171    151    130 
098      2      0      0      0      0      0      0      0      3     10     15     25     38     53     73     89    108    126    128    135    128    114    101     86 
099      2      0      0      0      0      0      1      3      4     12     23     40     54     88    105    134    165    181    186    182    172    163    151    121 
100      2      0      0      0      0      0      1      1      2      2      7     12     15     23     32     51     55     56     54     57     53     48     41     34 
101      2      0      0      0      0      1      2      4      5     10     24     41     64     91    116    135    163    185    197    194    196    186    167    137 
102      2      0      0      0      0      1      2      4      8     13     21     34     54     73    104    130    155    182    190    182    186    172    149    123 
103      2      0      0      0      0      0      3      4      8     12     15     29     43     56     64     81     94    108    123    125    116     99     85     66 
104      2      0      0      0      1      2      3      3      4      4      9     18     23     34     38     45     58     61     76     86     84     85     73     72 
105      2      0      0      0      0      0      0      1      2      5     11     19     35     47     60     73     87     91     98    105    101     93     87     68 
106      2      0      0      0      0      0      5      5     13     24     41     61    101    152    205    246    291    336    352    342    324    295    253    212 
107      2      0      0      0      0      0      1      4     16     34     53     88    120    185    245    305    373    397    408    410    384    339    284    235 
108      2      0      0      0      0      1      2      3      7     13     22     44     61     94    119    164    190    231    235    249    232    216    187    160 
109      2      0      0      0      1      2      2      4      4     13     22     31     48     69     93    114    153    172    173    187    180    160    139    122 
110      2      0      0      0      0      1      1      3      9     14     20     37     62     86    116    159    181    201    202    210    198    169    155    126 
111      2      0      0      0      1      1      2      9     11     15     26     41     68     94    134    184    214    241    262    267    242    215    189    141 
112      2      0      0      0      0      1      2      4      7     11     20     27     43     58     78     97    120    129    136    136    128    117    100     82 
113      2      0      0      0      0      2      5     10     13     27     38     64     86    116    156    201    245    288    318    334    318    293    255    207 
114      2      0      0      0      0      0      1      2      5      9     13     24     39     59     68     92    101    113    122    121    117    109     90     81 
115      2      0      0      0      0      1      1      2      2      6     11     19     30     39     46     69     78     84     87     90     87     82     74     60 
116      2      0      0      0      0      2      4      5     10     15     24     29     49     80    102    137    159    182    197    197    188    175    143    112 
117      2      0      0      0      0      1      1      3      9     15     32     53     82    129    176    226    263    305    326    317    311    275    227    191 
118      2      0      0      0      0      0      3      7     11     18     35     55     74    105    134    183    210    246    260    265    256    231    205    165 
119      2      0      0      0      0      0      1      6     11     17     22     39     63     91    120    143    176    199    207    215    204    184    145    111 
120      2      0      0      0      0      0      0      1      2      5      6     12     18     33     48     63     75     77     85     84     79     71     61     51 
121      2      0      0      1      1      1      3      4      6     15     24     38     65    101    131    167    200    223    235    242    227    199    173    146 
122      2      0      0      1      2      2      3      4      7     10     15     21     25     34     52     66     76     87     93     97     90     81     74     59 
123      2      0      0      0      0      0      0      0      2      4      7     15     22     35     44     57     69     73     79     77     73     68     57     51 
124      2      0      0      0      1      2      4     11     21     29     42     72    105    149    204    243    277    306    325    317    305    270    225    186 
125      2      0      0      0      1      2      2      3      4      6     13     16     19     33     50     75     89    102    107    117    112     93     88     74 
126      2      0      0      0      0      0      0      2      5      8     12     19     24     29     39     45     53     61     63     67     64     59     50     42 
127      2      0      0      0      0      1      1      3      5     14     30     38     56     83    111    130    151    173    187    188    171    154    133    107 
128      2      0      0      0      1      1      3      5     13     18     32     44     66     78    107    127    155    169    179    178    181    169    150    121 
129      2      0      0      0      0      0      0      3      8     12     22     38     53     70     94    111    126    143    152    153    143    130    120    103 
130      2      0      0      0      0      1      5     11     18     33     49     70    109    147    191    228    264    308    320    319    284    258    218    179 
131      2      0      0      0      0      0      1      4     10     19     38     75    111    157    218    264    312    334    345    343    337    307    262    221 
132      2      0      0      0      0      0      1      3      3      7     19     32     47     71     88    109    122    135    140    148    155    146    118    105 
133      2      0      0      0      0      0      0      2      4      7     11     20     33     49     61     82    102    115    126    128    127    117     99     83 
134      2      0      0      0      0      2      4      7     10     20     35     58     88    121    159    194    234    262    271    273    273    253    225    187 
135      2      0      0      0      0      0      3      6      8     10     13     20     26     37     49     58     66     84     95    102     95     87     73     61 
136      2      0      0      0      0      3      5      9     14     25     46     76    108    145    192    226    268    302    315    318    303    264    222    183 
137      2      0      0      0      1      1      1      2      3      6      8      9     16     31     47     56     71     81     84     81     77     71     61     47 
138      2      0      0      0      0      1      5      8     11     13     25     35     47     64     96    122    145    166    175    171    172    159    138    113 
139      2      0      0      0      0      1      1      3      8     14     32     47     67     96    126    149    177    199    205    215    220    202    181    158 
140      2      0      0      0      0      0      2      3      4      5     10     17     24     35     49     64     73     87     95     91     88     83     70     52 
141      2      0      0      0      0      1      3      4      5     14     24     40     63    101    127    159    208    236    261    264    258    239    209    167 
142      2      0      0      0      0      1      3      3      8     14     18     28     37     53     79    108    130    146    165    163    158    139    115     99 
143      2      0      0      0      0      1      5      8     14     25     43     64     91    127    173    212    245    275    297    315    303    280    255    224 
144      2      0      0      0      0      1      1      2      7     14     23     35     49     83    113    154    186    216    230    225    215    202    170    138 
145      2      0      0      0      0      0      1      3      5      8     11     12     18     30     41     53     65     80     86     87     89     82     72     60 
146      2      0      0      0      0      0      0      0      2      7     13     22     30     45     56     73     85     96    102    100     92     89     79     61 
147      2      0      0      0      0      1      4      7     10     16     24     40     59     78    102    128    154    176    178    187    184    160    132    110 
148      2      0      0      0      1      2      4      6     10     15     26     39     55     78    113    137    180    215    248    250    243    229    200    164 
149      2      0      0      0      0      0      1      1      5      8     12     33     45     66     95    110    131    137    146    138    126    110     98     86 
150      2      0      0      0      0      0      0      1      4      7     12     15     22     33     52     64     82     90     94    102     94     83     69     60 
151      2      0      0      0      1      1      1      3     11     20     28     54     92    131    168    220    257    309    326    325    314    281    255    215 
152      2      0      0      0      0      0      3      4      5      8     15     24     40     57     69     88    112    138    147    148    149    135    117     98 
153      2      0      0      0      1      1      3      5      8     16     23     32     48     63     83    110    137    156    162    173    164    158    140    119 
154      2      0      0      0      0      0      2      2      5      5     11     16     26     39     50     58     65     79     79     84     75     71     63     49 
155      2      0      0      0      0      0      4      6      7     13     19     24     34     48     55     69     83    101    109    113    112    109     94     76 
156      2      0      0      0      0      3      6      9     18     32     42     53     75    103    142    169    199    223    247    264    252    232    206    180 
157      2      0      0      0      1      3      3      4      4      8     16     28     49     61     82     96    122    128    131    141    133    117    102     85 
158      2      0      0      0      0      0      1      4      8     12     27     38     55     76    108    131    149    168    187    179    164    148    127     95 
159      2      0      0      1      1      3      4      5     17     36     57     90    126    178    246    303    356    381    412    429    410    400    360    302 
160      2      0      0      0      0      1      2      2      2      5      9     23     29     44     61     71     87     94    107    106    106     98     87     73 
161      2      0      0      0      0      0      0      0      1      5      8     11     19     27     38     40     49     56     59     55     53     41     34     26 
162      2      0      0      0      0      0      1      3      9     18     28     40     66     98    110    139    154    169    176    175    162    154    126    110 
163      2      0      0      0      1      1      1      1      1      3      4      5     12     20     26     37     48     48     55     54     50     46     42     38 
164      2      0      0      0      1      1      3     10     17     31     46     82    129    187    244    302    353    405    438    453    440    401    351    278 
165      2      0      0      0      0      0      3      6     11     17     29     50     62     97    123    158    185    208    222    230    222    210    188    149 
166      2      0      0      0      0      0      1      5      6      7     11     16     23     40     63     80     97    107    115    110     97     84     81     67 
167      2      0      0      0      0      1      1      5     10     15     27     46     60     86    120    149    178    202    208    207    198    186    164    135 
168      2      0      0      0      0      1      3      4      9     11     19     28     42     65     83    110    125    143    150    146    138    129    110     87 
169      2      0      0      1      2      2      3      4     14     21     31     60     97    132    182    228    287    324    343    352    333    316    290    240 
170      2      0      0      0      0      0      3      5      9     14     24     39     54     77    108    142    160    170    182    181    159    136    106     87 
171      2      0      0      0      0      1      1      5      9     19     33     59     78    107    142    168    207    246    273    273    265    236    209    166 
172      2      0      0      0      0      0      0      1      6     11     19     39     57     90    113    143    167    185    190    193    178    158    140    119 
173      2      0      0      1      1      1      2      4      7     14     23     37     50     73    105    136    146    169    190    193    184    172    156    136 
174      2      0      0      0      0      1      1      3      6     10     18     26     36     44     62     77     85     99    109    108     97     84     66     57 
175      2      0      0      0      0      1      2      5      8     12     16     25     33     51     65     85     98    109    125    132    124    111    101     82 
176      2      0      0      0      0      0      4      7     10     13     27     43     63     82    115    141    170    191    198    195    177    155    130    102 
177      2      0      0      0      1      1      2      3      7     12     16     31     45     68     95    131    151    166    179    182    165    149    129    113 
178      2      0      0      0      0      1      1      2      5      8     11     22     25     42     57     72     87     96    106    116    109    104     91     78 
179      2      0      0      0      0      1      2      6     12     13     20     30     53     73    107    131    161    177    181    185    177    157    133    112 
180      2      0      0      0      1      2      3      4      7     13     23     40     64     81    108    139    164    187    195    189    168    148    123    106 
181      2      0      0      0      0      1      5      9     11     26     46     72     97    150    191    228    275    307    319    320    329    295    271    226 
182      2      0      0      0      1      2      2      7     11     14     34     47     66     93    127    162    190    220    220    228    224    209    177    146 
183      2      0      0      0      0      0      0      0      2      8     13     22     40     58     74     87    113    127    128    134    128    114    101     79 
184      2      0      0      0      0      0      0      1      3      7     13     21     33     51     70     84    103    121    128    122    109    101     87     66 
185      2      0      0      0      0      0      0      2      7     14     23     41     61     83    114    135    172    191    200    204    212    183    153    127 
186      2      0      0      0      0      0      5      9     20     38     58     96    140    210    274    339    407    458    486    476    470    431    377    322 
187      2      0      0      0      0      0      1      2      3      3      6     14     19     29     42     52     54     60     65     61     58     56     46     37 
188      2      0      0      0      0      2      3      6      9     10     30     47     77    107    133    161    189    211    221    225    212    182    161    124 
189      2      0      0      0      0      0      2      4      9     15     22     34     48     70    108    137    168    192    210    216    213    197    166    147 
190      2      0      0      0      0      0      0      2      6     11     23     37     54     76    103    131    157    173    184    185    171    151    134    110 
191      2      0      0      0      0      0      0      0      2      5     11     18     29     44     54     72     88    101    115    123    120    108     98     80 
192      2      0      0      0      0      0      0      0      1      2      5     16     26     45     54     74     86     98    104    105    102     89     81     69 
193      2      0      0      0      0      0      1      5      6      9     12     23     34     42     55     67     93    107    105    118    109     98     90     78 
194      2      0      0      0      2      2      2      3      7     13     19     37     56     87    111    137    162    188    188    182    171    157    132    118 
195      2      0      0      0      0      0      0      5     12     19     26     42     67    100    117    156    188    217    229    237    225    215    202    162 
196      2      0      0      0      0      1      3     10     15     25     49     81    126    193    268    336    393    430    462    455    422    382    323    259 
197      2      0      0      0      1      2      4      6     10     19     29     47     61     86    116    141    169    196    206    200    188    173    148    118 
198      2      0      0      0      0      0      2      4      6     13     27     51     74     91    123    160    188    217    227    227    222    195    168    138 
199      2      0      0      0      0      0      1      3      7     11     21     31     69    102    133    171    194    220    234    245    242    222    190    155 
