000      0      0      0      0      0      0      0      0      0      0      0      0      0      2      4      7     19     38     95    210    489   1013   2021   3714   6396  10283  15195  21003  27009  32980  38262  42391  45164  46369  45928  43996  40707  36417  31577  26406  21399  16891  12775   9476   6747   4731   3264   2278   1599   1177    930    739    628    537    484    422    378    324    288 
001      0      0      0      0      0      0      0      0      0      0      0      0      0      1      5      9     18     41     82    186    394    821   1651   3112   5261   8252  12196  16638  21637  26514  30759  34100  36201  37129  36846  35287  32653  29291  25320  21093  17139  13413  10126   7506   5448   3838   2670   1854   1319    959    695    555    466    398    361    328    298    274    245 
002      0      0      0      0      0      0      0      0      0      0      0      0      0      2      6     13     22     62    125    279    597   1202   2386   4445   7592  12035  17860  24779  31950  39171  45616  50606  54030  55650  55067  52736  48894  43784  37938  31822  25705  20163  15298  11294   8066   5688   3953   2741   1928   1369   1008    824    693    616    550    516    465    429    376 
003      0      0      0      0      0      0      0      0      0      0      0      1      3      4      6      7     14     33     74    196    432    933   1787   3317   5653   8990  13442  18472  23910  29266  33997  37711  40164  41320  41023  39262  36325  32465  28049  23349  18955  14882  11307   8381   6022   4278   3005   2064   1464   1046    797    656    548    471    411    365    340    296    258 
004      0      0      0      0      0      0      0      0      0      0      0      1      1      2      6      8     13     26     52    108    271    622   1237   2308   3970   6334   9273  12726  16458  20153  23349  26058  27777  28515  28274  27077  25115  22426  19484  16289  13317  10455   7934   5838   4193   2981   2080   1412   1014    729    533    430    343    298    268    242    211    183    170 
005      0      0      0      0      0      0      0      0      0      0      0      0      1      3      3     16     32     58    126    245    554   1197   2371   4434   7720  12157  18061  24899  32172  39325  45641  50592  53916  55267  54626  52305  48425  43359  37527  31373  25398  19750  14968  10952   7859   5519   3819   2633   1854   1333   1007    831    696    595    527    458    417    365    329 
006      0      0      0      0      0      0      0      0      0      0      0      1      5      6      9     17     35     66    147    311    667   1417   2822   5237   8868  14105  20744  28630  36970  45193  52519  58438  62293  63936  63390  60762  56262  50476  43713  36597  29617  23144  17612  12912   9306   6596   4630   3213   2206   1607   1220   1007    869    737    659    585    513    452    405 
007      0      0      0      0      0      0      0      0      0      0      0      1      1      3      6     10     12     22     42     89    199    438    910   1673   2886   4651   6888   9410  12174  14924  17331  19305  20654  21232  21063  20217  18688  16740  14508  12116   9790   7683   5813   4236   3004   2111   1479   1000    722    497    381    318    279    248    220    187    168    149    129 
008      0      0      0      0      0      0      0      0      0      0      0      0      0      1      5     18     31     70    148    331    687   1362   2690   4926   8466  13498  19807  27330  35408  43257  50178  55703  59470  61097  60357  57665  53410  47713  41260  34514  27866  21910  16480  12172   8666   6134   4222   2945   2045   1478   1115    916    758    656    600    542    493    449    396 
009      0      0      0      0      0      0      0      0      0      0      0      1      1      2      7     12     28     85    167    382    827   1707   3382   6289  10698  17112  25202  34621  44895  54849  63669  70666  75243  77269  76620  73194  67687  60556  52453  44011  35641  27809  21098  15559  11085   7784   5375   3784   2648   1923   1473   1186    997    881    764    682    618    560    496 
010      0      0      0      0      0      0      0      0      0      0      0      1      2      5      7     13     28     53    119    247    520   1103   2254   4211   7319  11729  17324  23759  30585  37391  43449  48387  51558  52897  52452  50158  46417  41723  36133  30195  24447  19110  14363  10626   7569   5317   3604   2496   1698   1221    941    748    641    583    539    495    435    380    334 
011      0      0      0      0      0      0      0      0      0      0      2      3      3      8     13     23     44     90    191    407    881   1828   3608   6776  11582  18513  27347  37558  48785  59618  69212  76845  81916  84052  83374  79631  73561  65751  56870  47583  38544  30224  22994  16769  11917   8381   5744   3986   2814   2062   1613   1285   1087    945    866    779    696    632    548 
012      0      0      0      0      0      0      0      0      0      0      0      0      2      3      6      7     17     29     54    118    252    512   1025   1848   3262   5129   7535  10484  13619  16695  19376  21550  22915  23459  23243  22220  20536  18340  15827  13291  10720   8379   6376   4656   3370   2356   1613   1102    788    568    439    345    286    248    221    201    178    157    136 
013      0      0      0      0      0      0      0      0      0      0      0      2      2      2      3      3      9     16     43     99    198    408    797   1551   2645   4144   6030   8338  10815  13274  15440  17161  18342  18909  18745  17935  16580  14854  12850  10776   8731   6755   5148   3808   2747   1975   1352    917    651    498    376    293    244    220    197    165    142    119    107 
014      0      0      0      0      0      0      0      0      0      0      0      1      2      4      9     14     31     69    149    317    697   1421   2865   5240   8855  14182  20763  28760  37289  45593  52947  58746  62679  64282  63620  60947  56506  50588  43843  36685  29661  23147  17525  12855   9301   6505   4525   3125   2246   1642   1247    990    844    720    642    584    523    463    412 
015      0      0      0      0      0      0      0      0      0      0      0      1      1      3      4      7     13     30     60    128    291    596   1100   2073   3540   5674   8381  11625  15054  18314  21249  23617  25220  25874  25667  24592  22713  20423  17728  14908  12134   9498   7213   5340   3813   2668   1835   1298    889    672    503    407    337    289    260    240    219    200    183 
016      0      0      0      0      0      0      0      0      0      0      0      2      2      4      8     15     26     62    130    305    684   1435   2849   5202   8828  13957  20819  28451  36855  45018  52219  57918  61719  63209  62570  59928  55436  49722  43136  36068  29124  22753  17110  12569   9041   6308   4383   3002   2118   1555   1191    938    785    680    618    565    515    458    398 
017      0      0      0      0      0      0      0      0      0      0      0      1      1      2      4      8     25     57    122    254    586   1219   2501   4743   8235  13008  19189  26451  34137  41665  48390  53873  57370  58933  58342  55937  51893  46412  40266  33655  27200  21243  16016  11899   8507   5922   4151   2857   2031   1493   1161    931    753    656    609    537    465    409    369 
018      0      0      0      0      0      0      0      0      0      0      1      1      1      5     14     28     42     89    197    422    927   1845   3644   6817  11762  18902  27844  38400  49647  60432  70209  77790  82742  84945  84190  80542  74562  66682  57779  48562  39181  30760  23168  17170  12371   8629   6003   4192   2979   2165   1628   1329   1082    930    835    752    669    592    530 
019      0      0      0      0      0      0      0      0      0      0      0      1      3      6     10     13     23     47    111    248    529   1043   2106   3875   6692  10619  15695  21476  27880  34194  39582  43955  46872  48001  47507  45591  42085  37681  32683  27369  22136  17240  13017   9471   6835   4781   3301   2309   1640   1194    942    775    644    569    507    463    405    362    315 
020      0      0      0      0      0      0      0      0      0      0      0      1      1      4      5      9     16     37     88    161    342    693   1355   2529   4381   6983  10286  14141  18272  22432  26034  28849  30892  31771  31542  30164  27881  24969  21574  18190  14811  11577   8699   6451   4605   3239   2234   1528   1076    784    606    483    404    352    326    297    268    252    230 
021      0      0      0      0      0      0      0      0      0      0      0      1      1      2      6      9     13     26     66    156    309    604   1200   2178   3724   5810   8602  11881  15399  18773  21825  24160  25747  26400  26043  25012  23137  20642  17989  14984  12123   9448   7133   5285   3790   2647   1828   1282    901    657    492    389    331    286    250    227    205    183    164 
022      0      0      0      0      0      0      0      0      0      0      0      1      2      2      2      3      6     14     24     62    123    274    551   1076   1794   2848   4275   5893   7540   9241  10825  11994  12850  13145  13056  12488  11583  10437   9038   7554   6089   4687   3483   2569   1837   1263    870    606    404    295    229    184    164    158    140    130    122    110     96 
023      0      0      0      0      0      0      0      0      0      0      0      0      3      3      3      6     15     37     77    162    364    783   1524   2791   4732   7506  11082  15232  19844  24227  28181  31290  33332  34292  34012  32455  30112  27041  23456  19636  15985  12464   9515   7054   5074   3552   2458   1735   1199    859    649    513    421    363    323    305    281    250    231 
024      0      0      0      0      0      0      0      0      0      0      0      0      0      2      4      5     14     38     85    191    429    929   1804   3501   6097   9586  14209  19687  25508  31238  36315  40384  42983  44167  43816  41904  38828  34748  30018  25020  20201  15798  11892   8747   6200   4322   3018   2076   1425   1040    790    646    540    487    432    397    356    323    275 
025      0      0      0      0      0      0      0      0      0      0      0      1      1      3      8     17     36     85    186    413    865   1792   3604   6692  11541  18405  27091  37465  48531  59325  69067  76767  81914  84037  83215  79840  74057  66344  57420  48046  38848  30517  23108  16975  12080   8480   5910   4106   2914   2134   1638   1303   1117    968    848    752    645    574    499 
026      0      0      0      0      0      0      0      0      0      0      0      1      3      3      8     20     48    104    229    539   1191   2555   5151   9450  16232  25564  37787  51848  67119  82227  95556 106060 113235 116193 115054 110210 101889  91219  79148  66121  53442  41802  31595  23194  16730  11660   8088   5609   3932   2911   2226   1818   1542   1379   1265   1113    974    882    781 
027      0      0      0      0      0      0      0      0      0      0      0      1      1      3      6     11     19     38     82    183    374    804   1612   3010   5185   8099  11978  16452  21245  25927  30147  33468  35612  36507  36248  34755  32123  28739  24978  20918  16841  13150   9941   7207   5198   3685   2553   1757   1242    914    684    561    468    403    360    326    291    252    217 
028      0      0      0      0      0      0      0      0      0      0      0      0      0      4      6     10     16     26     59    134    310    623   1185   2212   3850   6097   9031  12401  16061  19657  22898  25339  27032  27717  27434  26275  24358  21891  18953  15925  12907  10157   7731   5744   4148   2926   2045   1455   1023    748    573    456    386    330    294    258    230    213    181 
029      0      0      0      0      0      0      0      0      0      0      0      1      2      2      8     14     29     52    106    269    619   1252   2457   4634   7933  12600  18501  25648  33175  40564  47155  52251  55746  57328  56782  54266  50102  44921  38883  32534  26274  20491  15580  11523   8258   5795   4007   2802   1988   1426   1092    877    722    627    571    492    451    401    352 
030      0      0      0      0      0      0      0      0      0      0      0      0      1      2      3      6      9     16     36     76    181    387    743   1420   2437   3948   5775   7935  10238  12459  14524  16110  17188  17617  17467  16667  15374  13690  11945  10022   8047   6371   4803   3546   2499   1801   1240    893    618    445    334    265    226    193    176    154    138    126    110 
031      0      0      0      0      0      0      0      0      0      0      0      0      0      1      2     13     29     63    122    267    608   1306   2594   4864   8197  13123  19267  26563  34386  41923  48526  53870  57444  59134  58510  56010  51715  46362  40070  33581  27128  21084  16015  11731   8412   5922   4123   2823   1971   1443   1085    881    774    669    600    527    458    413    361 
032      0      0      0      0      0      0      0      0      0      0      0      0      1      1      4      4     13     26     65    167    336    682   1366   2537   4383   6982  10292  14094  18220  22275  25903  28796  30609  31419  31166  29928  27723  24816  21540  18094  14565  11312   8611   6327   4516   3156   2176   1520   1049    753    556    449    367    323    286    258    231    206    189 
033      0      0      0      0      0      0      0      0      0      0      0      1      1      5     11     23     43     70    151    323    735   1575   3084   5879  10171  16052  23832  32650  42175  51522  59862  66509  70781  72542  71974  68879  63492  56955  49232  41194  33385  26035  19661  14383  10245   7156   4928   3384   2388   1719   1281   1057    862    787    693    632    589    529    466 
034      0      0      0      0      0      0      0      0      0      0      0      1      2      5      6     11     17     36     80    203    435    963   1892   3521   6047   9671  14092  19436  24973  30467  35323  39313  41828  42950  42516  40742  37761  33733  29271  24561  19812  15466  11916   8763   6189   4358   2997   2040   1470   1059    823    657    553    482    422    384    357    314    274 
035      0      0      0      0      0      0      0      0      0      1      1      1      2      6     17     19     36     74    183    371    770   1601   3130   5744   9849  15625  23083  31820  41255  50275  58205  64715  68938  70802  70022  66928  61958  55565  48121  40187  32631  25560  19317  14304  10326   7236   5056   3533   2459   1786   1394   1124    951    843    727    654    594    512    443 
036      0      0      0      0      0      0      0      0      0      0      0      1      3      4      5      9     21     52     97    215    424    926   1966   3658   6310   9973  14788  20490  26503  32375  37580  41752  44515  45692  45235  43355  40177  35862  31002  25900  20969  16447  12331   9182   6493   4576   3060   2087   1455   1038    792    648    546    477    440    394    355    323    299 
037      0      0      0      0      0      0      0      0      0      0      0      1      1      2      4     10     12     31     77    179    367    773   1524   2873   4926   7848  11601  16058  20818  25437  29600  32934  35086  36029  35795  34310  31668  28400  24535  20601  16634  13040   9824   7173   5190   3651   2519   1727   1199    843    634    498    413    361    320    305    259    227    201 
038      0      0      0      0      0      0      0      0      0      0      0      0      1      2      3      4      8     12     20     49    100    207    400    690   1208   1881   2805   3879   5069   6185   7153   7861   8349   8572   8494   8136   7568   6786   5850   4896   3904   3030   2289   1670   1175    854    589    387    274    193    145    120    105     96     93     84     75     63     60 
039      0      0      0      0      0      0      0      0      0      0      0      0      1      2      3      7     15     27     56    115    237    461    912   1653   2858   4460   6585   9013  11637  14176  16447  18195  19386  19888  19695  18779  17325  15406  13342  11224   9089   7195   5420   3985   2859   2041   1384    943    684    503    387    296    250    212    181    157    134    114     99 
040      0      0      0      0      0      0      0      0      0      0      0      0      0      1     11     18     29     47    135    297    716   1519   3027   5607   9563  15156  22422  30941  39930  48742  56554  62716  66858  68617  67966  65032  60263  54046  46711  39032  31624  24735  18661  13768   9857   6927   4943   3438   2401   1761   1311   1055    916    798    716    654    592    535    473 
041      0      0      0      0      0      0      0      0      0      0      0      0      0      1      9     18     33     66    128    284    655   1320   2644   4989   8518  13429  19901  27477  35474  43308  50297  55719  59456  61005  60428  57839  53587  47918  41556  34646  28035  21989  16622  12277   8741   6122   4300   2963   2124   1513   1159    929    777    681    591    538    495    443    400 
042      0      0      0      0      0      0      0      0      0      0      0      2      2      2      3      5     16     38     90    193    384    809   1650   3067   5257   8374  12370  16947  22004  26874  31236  34784  37063  38040  37700  36117  33468  29936  25741  21549  17463  13609  10440   7617   5473   3880   2703   1843   1301    944    717    561    483    437    386    346    318    286    245 
043      0      0      0      0      0      0      0      0      0      0      0      1      3      5      7     15     31     55    103    262    594   1282   2609   4843   8166  12982  19198  26561  34431  42159  48893  54439  58146  59649  59023  56563  52404  46823  40750  34187  27605  21708  16482  12140   8701   6076   4257   2977   2040   1452   1120    913    775    681    619    558    493    442    397 
044      0      0      0      0      0      0      0      0      0      0      0      0      1      2      3      3     10     21     43     92    223    439    866   1597   2755   4463   6524   9103  11871  14546  16771  18616  19835  20342  20176  19418  17878  15986  13821  11573   9413   7353   5512   4062   2915   2026   1398    966    671    495    407    335    271    233    206    190    168    146    128 
045      0      0      0      0      0      0      0      0      0      0      0      1      1      2      5      9     23     55    115    238    527   1118   2135   3969   6851  11058  16572  23051  29859  36568  42436  47136  50297  51551  51214  49141  45563  40785  35187  29401  23768  18662  14189  10482   7531   5321   3678   2532   1776   1254    980    778    633    564    510    472    426    388    353 
046      0      0      0      0      0      0      0      0      0      0      0      0      1      2      4      8     23     52    100    225    458    934   1885   3478   5974   9616  14151  19485  25156  30900  35858  39813  42508  43635  43279  41389  38311  34279  29707  24932  20163  15712  11983   8812   6278   4317   3020   2091   1446   1067    787    634    543    478    427    383    338    296    265 
047      0      0      0      0      0      0      0      0      0      0      0      1      2      3      4      5      9     22     48    116    247    531   1082   2011   3485   5610   8132  11259  14467  17622  20502  22705  24118  24822  24638  23647  21982  19624  17026  14280  11547   9023   6891   5075   3701   2572   1809   1283    889    640    493    410    337    298    264    246    220    200    186 
048      0      0      0      0      0      0      0      0      0      0      0      1      3      5     10     17     30     66    167    326    657   1350   2717   5005   8601  13774  20493  28272  36486  44591  51764  57548  61405  63105  62414  59687  55076  49289  42659  35766  28924  22613  17210  12679   9082   6387   4470   3093   2138   1571   1196    962    850    744    681    624    565    519    475 
049      0      0      0      0      0      0      0      0      0      0      0      1      1      3      7     24     48     94    201    414    969   1967   3918   7378  12748  20259  29899  40989  52985  64626  75042  83184  88522  90745  89775  85952  79479  71074  61390  51431  41619  32655  24654  18120  13035   9208   6382   4485   3112   2250   1759   1427   1228   1049    967    854    761    680    596 
050      0      0      0      0      0      0      0      0      0      0      0      1      2      5      8     13     29     67    148    356    783   1648   3291   6195  10796  17041  25181  34678  44823  54816  63608  70768  75355  77335  76709  73482  68054  61020  52962  44221  35740  27972  21180  15641  11271   7808   5367   3687   2590   1816   1364   1115    924    803    725    657    586    526    464 
051      0      0      0      0      0      0      0      0      0      0      0      0      2      5     11     18     33     65    154    326    702   1537   3056   5781  10003  15911  23613  32626  42093  51467  59968  66619  70941  72804  72065  69081  63851  57089  49441  41377  33483  26302  19981  14678  10443   7375   5030   3475   2438   1784   1344   1066    917    800    713    644    564    493    436 
052      0      0      0      0      0      0      0      0      0      0      0      1      4      5      7      9     16     26     68    174    400    822   1671   3071   5231   8333  12227  16819  21832  26675  31000  34394  36600  37577  37261  35682  33045  29531  25650  21448  17416  13572  10182   7487   5366   3752   2607   1832   1277    922    711    566    459    399    345    303    283    251    225 
053      0      0      0      0      0      0      0      0      0      0      0      0      0      0      1      3      6     15     30     66    169    356    747   1395   2367   3750   5479   7597   9848  12089  14040  15680  16748  17220  17070  16324  15140  13592  11814   9890   8056   6290   4763   3466   2525   1760   1224    870    603    439    337    272    229    190    169    152    143    125    115 
054      0      0      0      0      0      0      0      0      0      0      0      0      1      2      2      2      4      8     18     29     77    148    273    540    942   1497   2253   3052   3960   4874   5656   6307   6756   6887   6815   6502   6038   5384   4691   3909   3161   2484   1903   1436   1016    719    497    343    242    169    127    101     86     78     67     62     60     46     38 
055      0      0      0      0      0      0      0      0      0      0      0      0      0      1      2      2      3      7     26     56    122    261    560   1061   1823   2880   4196   5831   7675   9395  10912  12080  12822  13152  12986  12460  11517  10334   8866   7375   6000   4702   3570   2639   1884   1313    918    625    431    321    240    202    173    152    136    127    117    103     99 
056      0      0      0      0      0      0      0      0      0      0      0      0      0      2      3      6     11     15     50    117    250    502   1028   1918   3247   5197   7685  10530  13465  16416  19050  21133  22400  22970  22722  21779  20114  18004  15541  13030  10617   8285   6268   4651   3306   2311   1562   1114    756    549    417    345    295    262    239    198    176    164    141 
057      0      0      0      0      0      0      0      0      0      0      0      0      1      1      3      8     21     55    117    243    557   1202   2295   4278   7344  11736  17234  23642  30572  37481  43530  48331  51474  52703  52126  50066  46287  41345  35862  29993  24209  18986  14353  10541   7601   5314   3742   2561   1816   1321   1009    808    676    597    552    499    448    398    355 
058      0      0      0      0      0      0      0      0      0      0      0      0      2      3      6      8     17     28     50     94    202    429    840   1544   2664   4229   6272   8691  11301  13917  16214  17987  19200  19625  19519  18687  17291  15410  13409  11277   9115   7080   5335   3886   2808   1981   1393    961    687    514    390    311    254    227    203    174    163    145    129 
059      0      0      0      0      0      0      0      0      0      0      0      0      1      2      6     14     20     42    104    247    572   1217   2365   4362   7533  11920  17594  24243  31240  38142  44380  49266  52384  53842  53214  50854  47201  42265  36521  30544  24677  19312  14593  10758   7662   5416   3809   2692   1839   1308    996    785    656    569    502    456    423    388    332 
060      0      0      0      0      0      0      0      0      0      0      0      1      2      5      9     17     26     59    145    324    732   1630   3220   6087  10270  16380  24281  33427  43116  52464  60991  67675  72085  74024  73279  70089  64916  58045  50188  41934  33899  26511  20039  14705  10386   7321   5162   3556   2532   1857   1437   1192   1012    870    767    716    652    575    505 
061      0      0      0      0      0      0      0      0      0      0      0      2      2      2      4     10     21     54    109    278    643   1374   2708   5015   8451  13491  19933  27570  35544  43279  50236  55751  59487  61093  60399  57753  53548  47953  41485  34684  27961  21796  16444  12027   8556   6007   4151   2868   2075   1513   1167    937    782    700    620    554    495    437    385 
062      0      0      0      0      0      0      0      0      0      0      0      1      3      5      6     16     27     49    107    216    482   1032   2053   3870   6647  10571  15484  21226  27434  33541  38887  43069  45890  47274  46767  44798  41383  37114  32209  26958  21815  17006  12802   9350   6700   4740   3299   2296   1641   1210    923    732    612    526    470    428    400    350    309 
063      0      0      0      0      0      0      0      0      0      0      0      1      1      1      1      8     22     44     94    244    506   1030   2067   3777   6428  10221  14925  20628  26654  32425  37682  41764  44456  45516  45176  43186  40061  35958  31114  25974  21034  16485  12530   9212   6606   4672   3265   2287   1577   1168    873    691    595    507    445    407    363    333    295 
064      0      0      0      0      0      0      0      0      0      0      0      0      0      1      1      3      4      7     26     48    115    248    471    887   1581   2494   3722   5118   6606   8054   9315  10330  10988  11272  11149  10630   9831   8780   7654   6382   5146   3998   3095   2301   1652   1147    783    537    377    270    196    143    117     96     88     79     72     64     58 
065      0      0      0      0      0      0      0      0      0      0      0      0      1      3      4      7     14     33     80    185    420    906   1822   3411   5789   9193  13614  18940  24451  29975  34911  38745  41394  42613  42269  40403  37575  33549  29065  24395  19699  15483  11678   8531   6098   4265   2939   2037   1409   1040    818    660    560    495    451    383    342    291    247 
066      0      0      0      0      0      0      0      0      0      0      0      0      2      4      9     17     35     80    183    395    845   1777   3601   6644  11366  18222  26774  36894  47722  58175  67512  75011  79962  82015  81268  77761  71909  64296  55531  46536  37483  29349  22248  16358  11779   8273   5759   3965   2765   2065   1609   1306   1100    989    876    794    726    644    543 
067      0      0      0      0      0      0      0      0      0      0      0      1      2      2      2      2      8     18     45     85    178    368    694   1270   2160   3491   5205   7160   9197  11251  13124  14482  15446  15854  15690  15045  13930  12390  10747   8952   7130   5566   4216   3095   2256   1618   1079    730    525    375    280    225    202    185    163    149    133    117    101 
068      0      0      0      0      0      0      0      0      0      0      0      0      2      2      6     11     29     63    120    274    615   1293   2603   4798   8193  12856  19006  26168  33900  41501  48228  53671  57218  58722  58180  55725  51519  46118  39968  33487  27026  21101  15953  11620   8405   5932   4091   2797   1982   1427   1125    911    768    680    597    543    489    443    395 
069      0      0      0      0      0      0      0      0      0      0      0      0      1      1      4      7     14     21     49     98    220    472    861   1632   2755   4435   6518   9038  11714  14309  16583  18433  19590  20128  19935  19076  17579  15741  13591  11437   9283   7270   5508   3993   2827   1990   1350    946    667    494    374    317    270    232    195    170    146    132    119 
070      0      0      0      0      0      0      0      0      0      0      0      0      0      0      0      2      3      9     23     62    131    267    540    984   1611   2534   3669   5080   6577   7988   9327  10289  10889  11159  11091  10592   9796   8732   7546   6345   5098   3995   3044   2292   1677   1170    821    586    414    312    239    196    165    144    131    120    111     99     92 
071      0      0      0      0      0      0      0      0      0      0      0      2      3      8      9     10     19     47     86    193    435    937   1825   3449   5989   9481  13956  19274  24872  30540  35553  39483  42059  43224  42853  41144  37992  33971  29516  24719  19993  15595  11661   8628   6163   4317   2970   2052   1438   1035    777    643    541    481    431    391    349    319    280 
072      0      0      0      0      0      0      0      0      0      0      0      1      2      3      4      4      4      8     11     21     50    121    228    417    700   1147   1721   2375   3080   3760   4389   4869   5159   5213   5144   4962   4598   4131   3525   2948   2392   1881   1431   1060    751    532    367    256    176    129    102     83     75     65     61     55     50     47     44 
073      0      0      0      0      0      0      0      0      0      0      0      0      1      1      3      8     16     39     96    207    417    867   1742   3207   5543   8786  12831  17690  22905  28168  32788  36443  38752  39833  39488  37669  34950  31325  27023  22604  18310  14292  10766   7902   5611   3945   2722   1898   1330    960    724    588    521    469    415    388    350    310    272 
074      0      0      0      0      0      0      0      0      0      0      0      0      1      3      8     14     30     71    174    398    843   1734   3539   6610  11386  18075  26713  36677  47624  58241  67533  75117  80085  82438  81804  78275  72535  65071  56431  47305  38209  30031  22807  16667  11958   8405   5851   4059   2855   2065   1551   1279   1115    985    877    799    720    653    564 
075      0      0      0      0      0      0      0      0      0      0      0      0      0      3     10     17     30     54    125    257    562   1196   2439   4487   7742  12237  17962  24687  31972  39132  45561  50761  54068  55488  54860  52512  48658  43613  37718  31610  25458  19876  15040  11032   7883   5461   3778   2648   1866   1329   1022    794    677    581    532    495    448    401    351 
076      0      0      0      0      0      0      0      0      0      0      0      0      0      1      3      4      7     15     28     75    144    332    672   1205   2035   3254   4837   6730   8740  10663  12417  13772  14677  15113  14996  14396  13347  11941  10331   8610   7021   5521   4190   3089   2231   1521   1057    729    499    368    291    235    194    167    158    143    125    111    100 
077      0      0      0      0      0      0      0      0      0      0      0      0      1      1      2      4     11     22     52    120    265    607   1173   2204   3710   5825   8517  11820  15165  18497  21414  23878  25517  26258  25943  24792  22957  20594  17822  14854  11971   9335   7040   5144   3646   2558   1746   1229    869    610    458    380    344    302    273    250    228    205    172 
078      0      0      0      0      0      0      0      0      0      0      0      1      1      4      6     14     34     81    191    425    931   1945   3879   7151  12354  19719  28932  40001  51735  63104  73568  81584  86930  89290  88331  84522  78331  70000  60643  50863  41078  32062  24202  17727  12644   8896   6189   4347   3152   2286   1742   1406   1197   1047    917    823    727    663    592 
079      0      0      0      0      0      0      0      0      0      0      0      0      1      2      4      5      7     14     23     50    105    209    428    800   1381   2212   3294   4583   5871   7203   8435   9352   9986  10203  10085   9684   8956   7974   6869   5706   4637   3664   2779   2045   1475   1042    707    493    331    239    187    151    127    103     89     82     71     62     55 
080      0      0      0      0      0      0      0      0      0      0      0      1      2      4      5      9     22     51    112    248    543   1111   2244   4145   7004  11259  16479  22752  29368  35739  41614  46141  49190  50415  50154  47934  44392  39736  34375  28725  23241  18236  13767  10086   7235   5188   3634   2543   1774   1290    977    808    675    609    552    494    455    389    339 
081      0      0      0      0      0      0      0      0      0      0      0      0      1      3      5     10     20     39    101    229    507   1050   2175   3948   6710  10493  15477  21320  27681  33754  39129  43471  46258  47454  46908  44891  41595  37084  32041  26783  21657  16906  12781   9410   6790   4733   3291   2258   1590   1153    875    725    625    540    491    439    389    336    303 
082      0      0      0      0      0      0      0      0      0      0      0      1      2      4      7      8     19     56    128    286    589   1260   2451   4645   7859  12555  18660  25661  33060  40328  46788  51885  55279  56705  56230  53864  49898  44621  38636  32261  26108  20496  15619  11472   8164   5736   3927   2727   1915   1413   1078    867    726    635    562    528    467    416    361 
083      0      0      0      0      0      0      0      0      0      0      0      2      3      6     10     22     49     95    213    463    972   2072   4133   7616  13165  20819  30759  42361  54871  66752  77385  86075  91888  94308  93498  89394  82916  74155  64013  53488  43098  33758  25700  19012  13509   9441   6572   4514   3169   2274   1689   1375   1166   1005    899    822    745    675    579 
084      0      0      0      0      0      0      0      0      0      0      0      1      4      8     19     37     65    132    288    618   1399   2906   5771  10925  18876  30119  44515  61022  78983  96734 112456 124937 133223 136782 135249 129583 120009 107773  93222  78034  63107  49410  37406  27583  19660  13915   9591   6675   4760   3438   2608   2077   1767   1540   1379   1243   1111    996    875 
085      0      0      0      0      0      0      0      0      0      0      0      0      2      3      4      5     10     19     40     95    206    432    866   1590   2728   4328   6461   8919  11636  14169  16497  18292  19587  20105  19901  19126  17711  15905  13783  11565   9355   7365   5582   4140   2992   2130   1501   1053    734    534    392    305    251    214    190    162    147    119    102 
086      0      0      0      0      0      0      0      0      0      0      0      0      0      3      5      5     10     32     79    183    424    916   1795   3351   5788   9223  13629  18830  24376  29809  34679  38433  40937  41988  41651  39856  36853  32836  28416  23718  19207  14926  11206   8127   5732   4008   2825   1960   1358    972    741    606    522    452    413    387    349    322    281 
087      0      0      0      0      0      0      0      0      0      0      0      0      0      1      5      6     13     37     66    158    359    771   1520   2838   4951   7916  11682  16083  20763  25341  29405  32829  35038  35907  35629  34106  31610  28274  24478  20590  16722  13133  10022   7357   5251   3676   2541   1770   1223    876    627    487    400    350    314    297    269    235    210 
088      0      0      0      0      0      0      0      0      0      0      0      1      1      2      5     10     15     38     84    192    398    805   1617   2933   4983   7861  11674  16115  20873  25454  29603  32963  35158  36105  35790  34275  31736  28405  24580  20501  16548  12873   9762   7224   5181   3633   2514   1738   1212    890    699    561    457    412    365    322    280    254    212 
089      0      0      0      0      0      0      0      0      0      0      0      0      1      4      9     17     34     57    148    346    753   1544   3079   5816   9914  15579  23051  31616  40952  50067  58127  64553  68786  70385  69763  66751  61810  55359  47913  40056  32440  25339  19190  14053  10157   7104   4881   3371   2406   1783   1324   1056    914    791    728    665    607    532    481 
090      0      0      0      0      0      0      0      0      0      0      0      1      2      4      9     12     19     36     96    192    410    850   1686   3184   5433   8672  12693  17544  22728  27715  32344  35993  38348  39284  38921  37251  34415  30868  26613  22222  17968  13977  10524   7728   5537   3926   2753   1883   1313    996    750    643    547    472    424    394    355    322    287 
091      0      0      0      0      0      0      0      0      0      1      1      1      3      4      7      9     19     40     90    167    341    719   1516   2779   4758   7612  11254  15469  20036  24407  28249  31502  33627  34635  34286  32842  30400  27212  23645  19920  16026  12547   9545   7001   5074   3576   2475   1715   1192    845    679    535    458    402    358    324    287    256    220 
092      0      0      0      0      0      0      0      0      0      0      0      1      3      8      8     19     33     78    165    365    805   1714   3494   6267  10670  16903  24847  34127  44247  54212  62986  69788  74359  76256  75602  72320  66988  59855  51809  43420  35446  27696  20934  15292  11008   7750   5350   3694   2669   1907   1419   1131    990    863    754    692    624    583    517 
093      0      0      0      0      0      0      0      0      0      0      0      1      1      3      5     11     19     31     65    134    296    628   1260   2332   4056   6484   9464  13107  16964  20789  24130  26742  28544  29279  28958  27813  25856  23254  20088  16765  13567  10645   8160   6051   4326   3009   2091   1465    996    712    545    411    358    326    279    254    228    216    200 
094      0      0      0      0      0      0      0      0      0      0      0      2      2      4      8     12     21     38     81    179    412    817   1625   2971   5069   8037  11909  16401  21125  25898  29972  33275  35411  36395  36067  34566  32068  28756  24826  20702  16717  13090   9877   7189   5151   3578   2518   1734   1204    860    647    520    449    400    359    323    300    259    222 
095      0      0      0      0      0      0      0      0      0      0      0      0      1      3      5      9     20     42    113    234    462   1019   2032   3826   6547  10369  15312  21136  27406  33531  38812  43147  45990  47215  46818  44862  41484  37258  32416  27071  21835  17021  12912   9517   6804   4802   3281   2274   1574   1140    851    674    576    500    439    384    370    332    289 
096      0      0      0      0      0      0      0      0      0      0      0      0      2      7     12     25     41    103    207    485   1116   2336   4611   8443  14256  22560  33225  45664  59191  72328  84254  93484  99572 102324 101289  97043  89845  80630  69869  58508  47213  36939  28011  20517  14659  10321   7051   4941   3474   2519   1882   1531   1300   1155   1027    948    860    788    701 
097      0      0      0      0      0      0      0      0      0      0      0      0      2      2      4      8     16     42     97    191    431    897   1775   3430   5905   9385  13788  18801  24481  30029  34817  38537  41144  42151  41843  39994  36974  32974  28481  23916  19359  15218  11538   8495   6116   4310   2989   2096   1452   1064    800    650    538    472    427    388    349    310    279 
098      0      0      0      0      0      0      0      0      0      0      1      2      3      4      6     10     20     34     75    186    433    922   1793   3361   5704   9128  13433  18516  23918  29248  33918  37751  40299  41394  40984  39321  36311  32482  28211  23512  19060  14817  11195   8301   5851   4114   2873   2056   1456   1040    795    634    538    478    431    374    332    290    253 
099      0      0      0      0      0      0      0      0      0      0      0      0      2      2      2      4      8     14     20     44     79    163    306    574    977   1521   2220   3108   4026   4896   5736   6399   6790   6971   6893   6617   6129   5490   4749   4032   3321   2559   1979   1421   1026    737    526    388    276    180    133    105     87     79     75     73     59     51     42 
100      0      0      0      0      0      0      0      0      0      0      0      1      1      3      7     10     27     58    144    311    733   1548   3077   5766   9930  15751  23198  31881  41225  50531  58746  65295  69671  71409  70711  67689  62591  56125  48585  40619  32751  25595  19343  14208  10222   7154   4942   3489   2448   1775   1328   1091    944    827    742    695    638    558    501 
101      0      0      0      0      0      0      0      0      0      0      0      0      1      3      4      5      9     12     20     53    123    263    542    996   1692   2633   3865   5399   6944   8420   9808  10855  11563  11909  11766  11290  10450   9389   8117   6842   5528   4330   3280   2456   1769   1236    836    567    398    304    242    205    169    150    137    130    119     95     89 
102      0      0      0      0      0      0      0      0      0      0      0      1      1      3      4      5     11     25     60    134    294    615   1213   2310   4012   6275   9195  12778  16456  20157  23504  26150  27887  28547  28303  27137  25131  22453  19453  16279  13143  10421   7886   5735   4102   2869   2016   1361    949    711    572    460    389    333    294    259    226    206    175 
103      0      0      0      0      0      0      0      0      0      0      0      0      1      2     12     23     49    127    249    534   1234   2613   5269   9813  16824  26563  39132  54269  70021  85558  99680 110730 118124 121287 120117 114977 106606  95444  82474  68911  55758  43585  33077  24375  17443  12271   8470   5908   4191   3057   2367   1922   1640   1443   1279   1133    990    888    775 
104      0      0      0      0      0      0      0      0      0      0      0      0      1      1      1      2      7     22     54    116    272    572   1123   2026   3411   5447   8024  11076  14365  17553  20444  22631  24117  24785  24687  23728  21900  19554  16876  14072  11444   8942   6738   4930   3541   2495   1702   1162    804    581    446    364    304    276    243    219    196    173    151 
105      0      0      0      0      0      0      0      0      0      0      0      2      2      2      3      3      6     10     28     54    115    235    543   1039   1797   2863   4219   5847   7586   9323  10837  12073  12879  13231  13176  12672  11640  10413   9068   7585   6162   4844   3697   2711   1937   1358    906    663    478    334    246    204    165    147    128    109    106     93     88 
106      0      0      0      0      0      0      0      0      0      0      0      2      5     10     12     19     47    109    251    540   1160   2465   4780   8951  15343  24262  35843  49376  63763  77966  90562 100398 106812 109567 108812 103993  96272  86175  74625  62568  50738  39685  30050  22135  15982  11243   7753   5343   3787   2737   2125   1722   1463   1275   1146   1043    961    857    746 
107      0      0      0      0      0      0      0      0      0      1      1      2      3      5      8     20     44     95    191    442    993   2141   4329   8164  13858  21924  32263  44313  57170  69681  80874  89585  95458  97819  97032  92871  86003  77025  66715  55598  45164  35378  26945  19703  14160   9967   6901   4795   3389   2452   1908   1532   1305   1125    993    894    799    727    645 
108      0      0      0      0      0      0      0      0      0      0      1      2      4      7     16     33     60    128    287    728   1552   3199   6262  11640  19659  31264  46282  63543  82282 100728 116896 129907 138167 141840 140615 134647 124689 111548  96706  80813  65352  51083  38808  28698  20504  14457  10121   7031   4896   3587   2715   2192   1879   1605   1470   1302   1193   1080    942 
109      0      0      0      0      0      0      0      0      0      0      0      0      1      3      4      9     18     35     78    184    392    826   1674   3065   5305   8489  12601  17370  22469  27502  32076  35602  37995  38994  38608  36980  34397  30794  26734  22241  18046  14150  10753   7979   5717   3940   2795   1958   1338    959    736    577    481    415    365    333    298    264    230 
110      0      0      0      0      0      0      0      0      0      1      2      3      4      7     14     20     33     64    141    315    654   1365   2663   5001   8710  13812  20396  28178  36421  44579  51706  57323  61084  62518  62079  59330  54781  49094  42544  35440  28706  22548  17197  12658   8950   6315   4360   3023   2113   1536   1165    922    798    719    654    580    534    482    420 
111      0      0      0      0      0      0      0      0      0      0      0      0      0      1      8     19     41     69    157    357    780   1660   3440   6383  10930  17201  25236  35028  45459  55567  64642  71707  76529  78541  77727  74529  69021  61831  53510  44790  36201  28344  21452  15703  11257   7899   5462   3689   2552   1874   1457   1205   1012    885    792    699    629    556    491 
112      0      0      0      0      0      0      0      0      0      0      0      0      0      2      2      5     12     22     49     98    214    423    869   1615   2751   4435   6527   9028  11648  14209  16552  18362  19551  20014  19731  18822  17431  15587  13476  11323   9037   7002   5351   3883   2785   1956   1383    944    658    475    362    297    256    231    197    180    158    137    122 
113      0      0      0      0      0      0      0      0      0      0      0      0      0      1      1      4      8     14     26     73    147    339    658   1165   2039   3213   4747   6569   8413  10280  11891  13165  13956  14305  14161  13519  12474  11115   9630   8002   6450   5073   3839   2842   2048   1453   1019    701    503    364    274    217    177    155    140    120    106     94     91 
114      0      0      0      0      0      0      0      0      0      0      0      0      1      1      2      2      7     10     29     53    138    287    583   1081   1889   3040   4502   6254   8079   9866  11467  12723  13515  13824  13613  13029  12048  10807   9334   7831   6290   4847   3638   2659   1967   1380    973    664    481    338    254    199    173    154    142    130    118    107    102 
115      0      0      0      0      0      0      0      0      0      0      0      1      1      1      4      4     10     22     48    120    248    482    969   1783   3068   4840   7095   9738  12588  15369  17856  19794  21048  21614  21376  20466  18949  16888  14700  12328   9912   7766   5893   4267   3024   2130   1439   1016    676    478    360    292    242    227    208    189    171    165    141 
116      0      0      0      0      0      0      0      0      0      0      0      0      0      0      1      2      2      6     12     19     36     76    160    309    538    878   1285   1794   2329   2818   3251   3587   3814   3926   3895   3732   3440   3046   2623   2239   1793   1414   1081    785    558    393    269    190    138     99     72     60     45     41     40     34     29     26     20 
117      0      0      0      0      0      0      0      0      0      0      0      0      1      2      4      8     15     40     70    143    330    719   1434   2619   4468   7016  10258  14224  18443  22538  26301  29255  31181  32059  31751  30315  28115  25205  21774  18236  14850  11547   8778   6542   4609   3270   2282   1611   1128    823    625    500    438    390    331    304    270    259    229 
118      0      0      0      0      0      0      0      0      0      0      0      2      3      5     12     19     33     76    170    427    929   1962   3838   7174  12288  19472  28705  39556  50977  62234  72176  79984  85211  87476  86733  82845  76721  68669  59337  49639  40068  31337  23801  17496  12497   8723   6052   4128   2930   2094   1613   1312   1107    978    901    810    735    654    593 
119      0      0      0      0      0      0      0      0      0      0      0      1      1      2      3      7     12     27     58    116    258    520   1007   1830   3096   4943   7269  10053  13013  15890  18523  20543  21828  22437  22329  21416  19834  17670  15302  12772  10301   8082   6142   4452   3214   2273   1600   1153    769    554    445    347    292    260    226    207    187    169    147 
120      0      0      0      0      0      0      0      0      0      0      0      1      1      1      1      2      4     13     32     56    133    278    526    956   1655   2561   3743   5139   6652   8144   9502  10611  11269  11525  11388  10889  10136   8991   7823   6527   5264   4133   3157   2274   1646   1146    799    534    394    297    225    181    143    132    123    110    108     93     77 
121      0      0      0      0      0      0      0      0      0      0      0      1      2      2      5     13     26     57    139    287    611   1272   2487   4592   7934  12569  18349  25369  32838  40072  46441  51644  55069  56548  56096  53760  49715  44679  38693  32458  26343  20696  15640  11504   8248   5744   4040   2829   1927   1419   1057    836    730    651    579    529    488    425    377 
122      0      0      0      0      0      0      0      0      0      0      0      1      1      1      3      4      5     11     20     41    100    206    386    739   1259   2023   2944   4042   5225   6325   7355   8069   8624   8935   8841   8439   7852   7025   6093   5083   4070   3212   2429   1797   1300    899    608    433    318    223    172    141    124    109     90     80     72     62     49 
123      0      0      0      0      0      0      0      0      0      0      0      0      1      3      6     10     17     32     66    139    292    608   1208   2226   3837   6112   9128  12593  16329  19986  23221  25675  27356  28145  27890  26708  24642  22122  19149  15954  12846   9975   7574   5548   4017   2790   1928   1338    944    711    545    440    378    341    303    267    243    229    197 
124      0      0      0      0      0      0      0      0      0      0      1      1      1      2      4      9     20     36     90    185    370    799   1646   2982   5177   8136  11885  16370  21232  26021  30150  33466  35709  36725  36309  34693  32101  28874  24966  20881  16815  13108   9849   7313   5221   3610   2519   1726   1185    871    687    538    457    403    365    339    305    281    235 
125      0      0      0      0      0      0      0      0      0      0      0      1      3      4      5     11     28     53    125    299    659   1399   2899   5381   9305  14686  21623  29897  38646  47190  54859  60796  64715  66413  65679  62786  58127  51932  44820  37459  30239  23672  18022  13297   9559   6738   4612   3156   2283   1663   1250    994    835    749    657    596    542    480    413 
126      0      0      0      0      0      0      0      0      0      0      0      0      1      4      6     13     30     50    113    246    546   1100   2107   3966   6765  10791  16003  22061  28569  34812  40498  44864  47717  49133  48619  46415  42922  38469  33252  27833  22508  17743  13432   9900   7038   5049   3490   2435   1714   1260    974    802    703    615    558    493    443    396    342 
127      0      0      0      0      0      0      0      0      0      1      1      1      1      3      7     15     43     77    153    351    701   1392   2748   5188   9106  14470  21368  29528  38211  46591  54134  60043  64162  65844  65191  62385  57754  51585  44415  37166  30126  23456  17645  12988   9290   6496   4528   3113   2216   1623   1228   1016    837    739    656    590    525    469    400 
128      0      0      0      0      0      0      0      0      0      0      0      0      2      2      8     17     36     87    184    434    932   1948   3953   7369  12547  19880  29356  40615  52257  63788  74178  82504  87870  90188  89336  85546  79065  70748  61411  51409  41630  32435  24603  18005  12861   9004   6185   4279   3003   2196   1709   1366   1142   1003    923    836    751    658    596 
129      0      0      0      0      0      0      0      0      0      0      0      0      0      1      4     10     18     38     98    248    555   1249   2423   4508   7876  12423  18401  25353  32750  39876  46360  51432  54847  56278  55898  53472  49532  44241  38401  32224  26084  20393  15495  11478   8210   5678   3903   2699   1887   1396   1063    872    737    644    559    515    481    427    381 
130      0      0      0      0      0      0      0      0      0      0      0      0      2      4      6     16     28     57    115    250    583   1223   2467   4636   7893  12503  18505  25519  33141  40455  47055  52280  55745  57195  56741  54405  50491  45185  39173  32943  26524  20766  15764  11596   8314   5788   4012   2777   1956   1406   1082    899    775    669    592    541    489    434    386 
131      0      0      0      0      0      0      0      0      0      0      0      2      2      3      3      8     18     32     55    125    239    500   1051   1878   3280   5195   7609  10475  13502  16443  19117  21296  22693  23308  23202  22271  20651  18564  16160  13600  10991   8663   6530   4861   3503   2470   1718   1183    829    619    457    365    297    261    231    200    180    160    133 
132      0      0      0      0      0      0      0      0      0      0      0      0      1      3      6      9     14     35     87    217    485   1043   2119   3921   6619  10498  15614  21597  27884  34009  39526  43993  46846  48068  47618  45739  42341  37936  32855  27319  22232  17384  13244   9859   7046   4968   3483   2413   1743   1266    954    784    653    553    493    435    390    352    292 
133      0      0      0      0      0      0      0      0      0      0      0      3      3      3      4     11     20     40     81    205    472   1005   1978   3685   6309  10098  14853  20449  26637  32448  37661  41746  44405  45439  45052  43036  39896  35777  30810  25647  20822  16209  12281   9124   6573   4595   3198   2192   1554   1147    880    713    583    517    462    421    377    327    280 
134      0      0      0      0      0      0      0      0      0      0      0      0      1      1      1      6     12     27     60    127    285    603   1194   2274   3943   6260   9154  12625  16285  19922  23111  25648  27297  27939  27697  26547  24560  21990  19077  16056  13037  10217   7699   5675   4141   2881   2060   1387   1008    739    555    454    397    341    308    273    247    219    194 
135      0      0      0      0      0      0      0      0      0      0      0      1      2      3      5      6     25     52     94    219    524   1128   2169   3998   6925  11022  16277  22434  28992  35344  40953  45501  48495  49829  49429  47354  43766  39200  33917  28424  23067  18045  13663  10066   7213   5134   3493   2398   1648   1167    885    712    602    517    451    404    368    347    310 
136      0      0      0      0      0      0      0      0      0      0      0      1      2      4     10     17     38     87    189    431    938   1978   3969   7441  12924  20509  30307  41691  53899  65891  76710  85054  90690  92953  92058  88282  81595  73088  63215  52790  42617  33288  25209  18611  13271   9255   6391   4441   3147   2240   1697   1393   1234   1085    962    873    785    711    632 
137      0      0      0      0      0      0      0      0      0      0      0      1      1      2      2     10     19     33     67    134    277    573   1144   2174   3818   6013   8927  12219  15632  19002  22140  24572  26110  26819  26570  25447  23553  21033  18271  15314  12424   9640   7274   5317   3827   2731   1880   1314    925    683    529    408    343    286    263    245    224    191    160 
138      0      0      0      0      0      0      0      0      0      0      0      2      2      3     10     23     45     85    179    400    800   1688   3302   6014  10477  16798  24833  34093  44083  53697  62364  69290  74033  75896  75033  71857  66414  59487  51403  42992  34727  27226  20531  14953  10671   7485   5224   3639   2542   1855   1442   1186   1019    898    791    688    613    539    480 
139      0      0      0      0      0      0      0      0      0      0      0      0      2      7     16     27     49    113    284    607   1344   2863   5631  10479  18068  28630  42412  58415  75561  92311 107226 119119 126948 130307 129177 123596 114547 102566  88813  74445  60047  46945  35545  26112  18701  13211   9213   6406   4479   3252   2482   1997   1696   1469   1283   1166   1057    937    828 
140      0      0      0      0      0      0      0      0      0      0      1      2      5      9     14     22     47     93    162    405    899   1948   3903   7181  12214  19404  28558  39343  51105  62426  72636  80700  86091  88338  87510  83888  77749  69616  60418  50515  40922  32035  24294  17845  12838   9067   6333   4406   3084   2224   1694   1382   1171   1033    917    819    749    667    579 
141      0      0      0      0      0      0      0      0      0      0      0      0      0      0      2      9     23     52    103    228    537   1131   2214   4032   6891  10989  16415  22696  29419  36101  41889  46427  49486  50829  50440  48383  44834  40128  34709  29161  23563  18476  13990  10278   7361   5132   3521   2377   1693   1247    948    740    642    565    516    462    411    370    332 
142      0      0      0      0      0      0      0      0      0      0      0      1      1      4      8     11     25     54    130    277    560   1221   2371   4424   7653  12161  17868  24710  32059  39102  45276  50119  53372  54552  53945  51554  47547  42560  36840  30802  24776  19294  14560  10656   7605   5290   3655   2547   1808   1337   1038    850    719    635    564    526    456    401    349 
143      0      0      0      0      0      0      0      0      0      0      0      1      1      2      4      9     16     33     74    144    277    582   1162   2159   3698   5848   8665  11889  15407  18848  21863  24290  25820  26535  26254  25254  23424  20970  18229  15334  12410   9727   7379   5462   3918   2745   1906   1308    936    677    499    406    334    279    236    210    190    177    152 
144      0      0      0      0      0      0      0      0      0      0      0      1      3      7     11     20     40     88    175    412    983   2014   4081   7540  12887  20345  29897  41105  53069  64836  75233  83572  89081  91378  90616  86678  80184  71614  61987  52050  42096  33006  24875  18370  13150   9133   6357   4435   3102   2255   1717   1399   1193   1012    928    841    759    673    580 
145      0      0      0      0      0      0      0      0      0      0      0      1      1      1      5     10     16     31     64    137    300    661   1342   2538   4372   6902  10009  13636  17827  21794  25237  27998  29867  30813  30456  29095  26917  24167  20980  17560  14249  11110   8361   6189   4453   3145   2162   1492   1071    753    577    474    383    337    298    272    248    219    201 
146      0      0      0      0      0      0      0      0      0      0      0      0      2      5      9     17     27     60    135    279    645   1357   2629   4895   8364  13315  19672  27151  35232  43089  50025  55556  59142  60718  60092  57420  53214  47623  41309  34564  27982  21844  16579  12159   8797   6259   4378   2991   2150   1563   1198    951    794    709    622    565    504    440    406 
147      0      0      0      0      0      0      0      0      0      0      0      0      2      6      6      9     22     41     97    214    479    952   1901   3562   6229   9837  14486  19989  25866  31516  36622  40525  43187  44273  43729  41859  38958  34997  30262  25336  20312  15894  12059   8922   6484   4541   3190   2212   1551   1136    882    708    610    555    496    451    408    374    337 
148      0      0      0      0      0      0      0      0      0      0      0      0      1      2      4      5      7     10     26     52    124    275    580   1088   1864   2936   4310   5942   7722   9450  10907  12065  12867  13248  13134  12509  11595  10411   9015   7559   6151   4777   3587   2590   1860   1274    904    627    450    342    260    223    183    158    146    129    114     96     88 
149      0      0      0      0      0      0      0      0      0      0      1      2      2      5      6     18     32     64    119    308    650   1381   2728   5135   8838  13983  20655  28655  36920  45202  52550  58386  62117  63774  63229  60568  56049  50102  43378  36356  29356  23018  17449  12775   9059   6293   4361   3027   2122   1545   1182    947    805    719    629    582    532    487    435 
150      0      0      0      0      0      0      0      0      0      0      0      1      2      3      6     10     25     48    110    263    594   1304   2667   4950   8525  13514  20028  27691  35899  43912  51053  56574  60257  61652  61053  58243  53934  48321  41759  34902  28163  22011  16678  12332   8884   6240   4378   3025   2127   1555   1192    973    823    709    634    573    523    462    411 
151      0      0      0      0      0      0      0      0      0      0      0      1      2      4      5      8     12     21     38     91    237    485    925   1636   2813   4483   6515   9042  11640  14175  16519  18331  19544  20005  19859  19034  17649  15781  13653  11474   9304   7269   5551   4048   2948   2093   1450   1009    712    489    389    298    252    218    201    180    161    140    120 
152      0      0      0      0      0      0      0      0      0      0      0      0      0      1      2      6      8     13     34     84    170    365    765   1409   2452   3828   5641   7745   9987  12317  14331  15944  16952  17419  17313  16541  15406  13803  11913  10020   8119   6341   4756   3499   2486   1754   1245    846    577    398    280    233    192    167    162    156    142    127    111 
153      0      0      0      0      0      0      0      0      0      0      0      2      2      2      2      8     16     35     74    186    447    914   1798   3261   5580   8754  12931  17811  22963  28059  32527  36087  38422  39541  39175  37476  34790  31129  27003  22586  18159  14168  10658   7790   5582   3907   2779   1847   1320    925    716    586    518    437    399    363    335    292    264 
154      0      0      0      0      0      0      0      0      0      0      0      1      2      4      7     10     29     60    142    323    690   1538   3049   5615   9789  15612  23055  31779  41126  50144  58226  64616  68807  70569  69827  66820  62031  55496  47873  39961  32386  25451  19402  14200  10197   7165   4891   3384   2402   1726   1308   1058    886    781    701    617    575    517    454 
155      0      0      0      0      0      0      0      0      0      0      0      0      0      1      3      8     13     40     78    201    430    896   1802   3433   5870   9347  13837  19021  24701  30334  35322  39118  41855  42918  42590  40896  37791  33773  29243  24510  19812  15409  11599   8619   6200   4285   2956   2015   1457   1045    847    693    605    525    457    410    375    345    300 
156      0      0      0      0      0      0      0      0      0      0      0      2      2      5      5      6      9     13     31     89    189    407    771   1477   2510   3963   5790   7934  10253  12536  14565  16121  17213  17621  17374  16633  15405  13854  12053  10119   8218   6400   4835   3573   2578   1816   1275    868    580    433    327    259    217    194    166    152    143    128    115 
157      0      0      0      0      0      0      0      0      0      0      0      1      2      3      3     11     21     46     80    164    346    728   1461   2738   4770   7572  11111  15331  19724  24029  27854  30949  33024  33861  33516  32162  29769  26694  23135  19399  15667  12270   9342   6880   4915   3449   2383   1668   1184    882    688    548    455    400    353    307    277    239    219 
158      0      0      0      0      0      0      0      0      0      0      0      2      2      3      5      9     16     36     83    189    400    811   1671   3202   5569   8966  13296  18175  23656  28929  33730  37463  39803  40737  40320  38711  35829  31968  27581  23081  18740  14631  11117   8142   5744   4038   2829   1975   1424   1048    794    622    526    469    405    357    327    288    241 
159      0      0      0      0      0      0      0      0      0      0      0      1      2      3      3      5      8     18     36     71    170    325    619   1142   1971   3169   4688   6493   8468  10357  12034  13375  14291  14673  14536  13930  12917  11561   9950   8298   6728   5228   3950   2928   2077   1466   1001    689    500    358    272    215    175    160    141    131    124    115    107 
160      0      0      0      0      0      0      0      0      0      0      0      3      4      5      8     10     28     60    132    343    698   1517   2938   5478   9473  15089  22067  30326  39226  47956  55718  61744  65661  67356  66684  63780  59054  52927  45768  38312  30986  24351  18537  13733   9786   6800   4763   3276   2246   1663   1252    990    846    753    668    616    576    529    458 
161      0      0      0      0      0      0      0      0      0      0      0      0      2      2      3      8     13     27     68    156    311    685   1343   2462   4313   6862  10144  13949  18079  22238  25823  28699  30552  31281  30927  29573  27325  24495  21165  17703  14409  11391   8607   6395   4541   3211   2221   1548   1073    781    594    478    417    360    331    300    269    232    218 
162      0      0      0      0      0      0      0      0      0      0      0      1      1      3      5     12     17     33     83    196    371    771   1524   2779   4843   7803  11364  15625  20178  24747  28772  32001  34150  35089  34657  33193  30827  27504  23804  19937  16022  12600   9456   6943   5002   3505   2417   1691   1195    856    655    519    437    381    345    311    277    248    211 
163      0      0      0      0      0      0      0      0      0      0      0      0      0      0      2      6      9     27     59    129    278    576   1178   2196   3787   5900   8694  11922  15499  18933  22001  24484  26078  26744  26481  25398  23524  21153  18291  15352  12510   9801   7448   5439   3912   2778   1873   1257    901    649    488    391    327    284    255    233    217    194    166 
164      0      0      0      0      0      0      0      0      0      0      0      0      2      4      4     10     18     37     90    185    423    886   1688   3118   5248   8318  12258  16881  21867  26699  30855  34219  36498  37519  37196  35603  32837  29378  25378  21178  17018  13385  10194   7574   5468   3858   2686   1876   1299    980    721    607    524    470    413    368    330    281    240 
165      0      0      0      0      0      0      0      0      0      0      0      0      1      2      4      5     10     14     26     67    133    273    536   1018   1723   2684   3961   5410   6982   8509   9796  10927  11657  11950  11867  11414  10582   9539   8252   6937   5598   4423   3365   2504   1764   1243    841    594    416    293    224    185    166    142    132    116    108     99     84 
166      0      0      0      0      0      0      0      0      0      0      0      1      2      2      3      4     23     51     94    224    514   1071   2085   3851   6540  10545  15633  21592  27899  34186  39706  44142  46997  48303  47814  45851  42456  38051  32934  27406  22172  17414  13175   9774   7078   4941   3383   2368   1662   1207    915    741    622    528    476    417    388    351    299 
167      0      0      0      0      0      0      0      0      0      0      0      2      2      3      4     11     24     49     85    167    382    814   1665   3088   5252   8345  12396  17053  22068  26872  31162  34525  36857  37881  37513  35980  33306  29800  25832  21619  17475  13658  10387   7619   5455   3776   2594   1817   1312    957    700    546    478    434    381    351    310    271    239 
168      0      0      0      0      0      0      0      0      0      0      0      1      2      4      5      9     19     45     78    161    387    785   1569   2882   4930   7799  11617  15952  20426  24940  29048  32192  34332  35222  34935  33472  31008  27871  24070  20137  16286  12768   9652   7083   5068   3581   2507   1712   1180    896    689    556    482    434    372    326    289    264    235 
169      0      0      0      0      0      0      0      0      0      0      0      0      0      1      5      8     16     33    103    234    499   1086   2191   4041   6897  10915  16076  22094  28632  34946  40628  44965  48006  49332  48861  46751  43210  38846  33799  28183  22850  17898  13624  10003   7201   5062   3502   2458   1733   1288    980    794    695    598    554    488    439    386    332 
170      0      0      0      0      0      0      0      0      0      0      0      0      1      1      4      7     22     34     66    157    372    770   1610   2956   5091   7989  11815  16267  20992  25477  29554  32908  34993  35966  35670  34109  31540  28375  24503  20562  16608  12926   9808   7240   5182   3636   2508   1706   1168    850    674    557    477    423    387    342    301    264    234 
171      0      0      0      0      0      0      0      0      0      0      0      0      1      1      3      4      9     19     41     90    193    414    817   1540   2621   4139   6076   8282  10768  13092  15258  16884  18024  18594  18406  17546  16301  14581  12603  10546   8563   6672   5057   3755   2639   1902   1380    970    685    495    366    302    243    219    186    169    156    131    109 
172      0      0      0      0      0      0      0      0      0      0      0      1      1      3      4      9     21     45     93    202    434    929   1833   3342   5663   8941  13226  18164  23331  28522  33239  36901  39338  40449  39992  38292  35551  31801  27450  23006  18596  14554  10961   7983   5659   3914   2735   1895   1348    972    754    621    532    449    400    375    348    310    256 
173      0      0      0      0      0      0      0      0      0      0      0      0      1      5      6     10     19     32     66    177    397    776   1580   2921   4983   7752  11469  15867  20567  25069  29127  32164  34358  35239  34927  33435  30933  27614  23855  20060  16245  12783   9736   7195   5155   3639   2532   1786   1228    867    666    549    463    391    364    322    292    260    238 
174      0      0      0      0      0      0      0      0      0      0      0      0      0      1      5      6     10     24     53    119    278    590   1143   2214   3833   6133   9017  12356  16067  19640  22866  25397  27084  27727  27540  26352  24408  21840  18785  15669  12674   9893   7513   5560   4021   2832   1945   1331    959    697    514    412    331    286    253    233    200    182    165 
175      0      0      0      0      0      0      0      0      0      0      0      1      2      3      6     17     35     67    150    321    699   1503   2991   5526   9501  14999  22275  30683  39813  48514  56326  62361  66412  68079  67416  64570  59843  53547  46409  38890  31566  24798  18741  13720   9928   6930   4802   3276   2312   1713   1314   1051    890    801    730    669    603    535    480 
176      0      0      0      0      0      0      0      0      0      0      0      1      2      3      4      7     14     23     56    112    264    559   1078   2039   3454   5484   8114  11046  14246  17273  19960  22203  23692  24208  24008  22982  21280  19026  16476  13699  11056   8698   6629   4876   3495   2439   1719   1190    845    604    463    363    307    274    242    219    201    169    144 
177      0      0      0      0      0      0      0      0      0      0      0      1      2      2      5     12     25     47    103    244    533   1105   2271   4188   7220  11415  16731  23036  29835  36289  42232  46917  49990  51436  51008  48791  45265  40610  35126  29344  23775  18694  14204  10362   7459   5184   3555   2458   1718   1243    973    761    629    544    489    447    410    377    337 
178      0      0      0      0      0      0      0      0      0      0      0      1      1      3      6     12     28     82    163    361    812   1806   3531   6655  11309  18023  26570  36698  47621  58360  67706  75130  80145  82295  81581  78069  72219  64699  56086  46671  37917  29541  22393  16399  11742   8262   5759   3878   2730   1995   1523   1235   1057    931    853    774    674    602    529 
179      0      0      0      0      0      0      0      0      0      0      0      1      2      3      5      9     15     43     75    160    370    750   1518   2858   4963   7958  11808  16279  21121  25877  29960  33215  35491  36466  36106  34542  31935  28605  24898  20897  16898  13185  10102   7439   5314   3697   2560   1752   1245    931    727    593    511    440    411    368    329    293    265 
180      0      0      0      0      0      0      0      0      0      0      0      0      2      3      4      6      7     19     56    127    270    579   1176   2149   3664   5826   8580  11876  15342  18706  21785  24281  25936  26574  26329  25255  23311  20851  17968  15002  12187   9507   7160   5273   3803   2736   1931   1339    936    672    496    397    335    295    260    236    210    179    161 
181      0      0      0      0      0      0      0      0      0      0      0      1      1      2      2      3      5     11     28     51    110    218    434    815   1403   2140   3147   4369   5707   6890   7981   8878   9491   9734   9631   9223   8482   7627   6601   5478   4420   3459   2622   1931   1402   1009    712    497    353    254    187    146    123    115    103     98     95     86     73 
182      0      0      0      0      0      0      0      0      0      0      0      0      1      2      5     10     17     29     55    119    266    558   1114   2102   3651   5797   8548  11834  15299  18777  21848  24302  25826  26535  26304  25143  23336  20866  18092  15106  12152   9511   7114   5234   3745   2646   1845   1258    875    623    484    395    332    274    243    230    210    186    170 
183      0      0      0      0      0      0      0      0      0      0      0      1      1      1      3      6      9     26     61    129    265    520    987   1804   3081   5027   7415  10216  13195  16150  18753  20825  22147  22687  22437  21472  19880  17842  15362  12839  10353   8121   6147   4515   3265   2290   1633   1146    782    566    425    332    266    237    214    200    172    151    131 
184      0      0      0      0      0      0      0      0      0      0      0      2      3      4      4      5     10     20     49    105    256    525   1032   1849   3215   5197   7669  10651  13731  16761  19489  21607  23057  23702  23481  22521  20848  18607  16144  13477  10837   8557   6458   4777   3433   2402   1634   1147    812    571    435    350    296    261    234    208    180    158    149 
185      0      0      0      0      0      0      0      0      0      0      1      3      3      4      6     11     19     38     67    168    369    751   1449   2716   4687   7459  11060  15269  19717  24138  28011  31147  33307  34093  33892  32417  29927  26758  23107  19308  15594  12157   9261   6787   4883   3395   2356   1624   1125    827    616    487    409    342    287    267    235    196    186 
186      0      0      0      0      0      0      0      0      0      0      0      0      1      5      8     21     33     71    162    338    763   1525   3080   5775   9864  15671  23099  31993  41131  50342  58540  64991  69131  70846  70055  67036  61972  55380  47951  40039  32287  25388  19247  14173  10064   7064   4921   3438   2395   1737   1327   1073    915    814    721    640    576    524    463 
187      0      0      0      0      0      0      0      0      0      0      0      1      2      4      6      9     14     31     76    192    444    913   1720   3086   5330   8661  12783  17594  22852  27948  32490  36160  38611  39665  39301  37599  34777  31092  26950  22468  18044  14210  10780   7974   5645   3908   2730   1863   1281    933    734    591    500    440    385    343    320    276    244 
188      0      0      0      0      0      0      0      0      0      0      0      0      0      1      2      6      9     13     28     62    140    264    544   1004   1775   2833   4093   5637   7343   9040  10398  11560  12358  12726  12584  12003  11099   9961   8618   7158   5809   4588   3505   2569   1849   1295    901    631    476    349    256    201    158    137    132    117     99     85     76 
189      0      0      0      0      0      0      0      0      0      0      0      0      0      0      1      6     16     37     97    186    450    958   1982   3660   6276  10062  14865  20434  26581  32321  37714  41782  44523  45708  45191  43257  40159  35926  31108  26009  21152  16540  12585   9178   6688   4736   3326   2319   1622   1132    864    712    611    533    474    452    416    378    341 
190      0      0      0      0      0      0      0      0      0      0      0      1      3      5     10     18     31     65    147    346    762   1672   3289   6058  10634  16882  24948  34518  44731  54922  63755  70716  75295  77297  76417  73289  67881  60734  52569  43924  35597  27750  21059  15425  11012   7716   5279   3679   2583   1879   1450   1185   1019    893    803    717    652    579    515 
191      0      0      0      0      0      0      0      0      0      0      0      1      1      7     13     27     46    100    238    527   1207   2567   5205   9707  16629  26283  38927  53485  69148  84276  98176 108871 116155 119159 118005 113055 104770  93794  81084  67907  54808  42899  32603  24038  17241  12124   8439   5829   4102   3042   2288   1822   1553   1347   1175   1078    949    861    771 
192      0      0      0      0      0      0      0      0      0      0      0      1      2      5      9     16     32     61    117    276    592   1190   2381   4394   7727  12139  17885  24638  31845  38984  45192  50186  53503  54938  54358  52042  48188  43086  37193  31081  25085  19726  14835  10947   7783   5376   3705   2587   1798   1307   1022    813    683    611    556    515    475    423    364 
193      0      0      0      0      0      0      0      0      0      0      0      0      0      0      2      5     14     31     51    113    261    578   1178   2183   3770   6046   8931  12202  15756  19226  22279  24733  26280  26926  26643  25496  23531  21001  18191  15224  12383   9783   7408   5423   3866   2737   1848   1286    920    673    513    420    362    311    284    252    230    201    172 
194      0      0      0      0      0      0      0      0      0      0      0      0      0      1      2      9     13     16     30     69    134    269    540    993   1783   2847   4191   5795   7386   9065  10442  11564  12314  12700  12519  12058  11186   9995   8638   7283   5882   4631   3526   2622   1903   1340    904    629    422    311    240    192    176    156    136    126    124    108     92 
195      0      0      0      0      0      0      0      0      0      0      0      0      0      1      4      8     17     30     49    105    212    484    999   1813   3149   5051   7392  10235  13369  16275  18903  20993  22437  23043  22937  21922  20333  18247  15731  13118  10602   8210   6236   4657   3292   2355   1650   1154    834    584    425    356    314    285    249    223    209    181    160 
196      0      0      0      0      0      0      0      0      0      0      0      1      1      3      3      9     15     38     87    182    378    803   1566   2917   4985   7871  11589  15913  20522  25025  28916  32064  34218  35084  34804  33279  30943  27522  23837  19971  16234  12697   9635   7028   5072   3577   2476   1682   1187    857    687    577    483    433    385    345    317    286    257 
197      0      0      0      0      0      0      0      0      0      0      0      0      0      3      3      5      8     11     32     79    166    332    661   1244   2202   3431   5072   6936   8957  10974  12733  14176  15074  15545  15363  14622  13516  12111  10522   8730   7046   5486   4170   3093   2184   1484   1029    701    474    349    252    194    177    164    143    142    124    118    105 
198      0      0      0      0      0      0      0      0      0      0      0      1      1      3      5      8     15     26     46     97    224    492   1009   1857   3170   4993   7548  10326  13353  16333  18995  21029  22431  23033  22826  21862  20205  18074  15690  13060  10617   8313   6313   4632   3321   2261   1570   1117    783    599    458    378    298    256    232    205    188    161    149 
199      0      0      0      0      0      0      0      0      1      1      1      1      1      2      4      9     16     32     65    173    376    818   1587   2957   4941   7960  11646  15915  20505  25085  29086  32228  34323  35144  34869  33329  30797  27710  23958  19999  16207  12719   9624   7102   5073   3515   2440   1685   1204    873    652    520    434    377    320    279    254    211    184 
