000      0      3      2      5     13     27     57    103    237    512   1194   2688   5663  11133  19392  29441  38895  44413  44936  41312  34882  27636  20267  14179   9351   5959   3671   2296   1439    921    655    506    427    404    386    363    354    340    313    270    253    223    194    171    131     95     69     55     37     25     15     14     12     10      8      7      8      7      4 
001      0      2      1      4     10     21     34     74    176    405    942   2117   4513   8988  15643  23685  31160  35626  36186  33332  28168  22083  16376  11359   7519   4751   2958   1796   1105    713    509    373    318    302    287    276    274    256    227    228    193    172    149    128    113     94     77     63     50     33     22     18     11      9      7      3      1      1      0 
002      0      2      2      4     12     24     50    121    271    601   1410   3113   6689  13277  23142  35369  46524  53298  54133  49777  42203  33070  24356  16988  11222   7124   4389   2660   1614   1048    735    566    473    446    438    424    406    386    368    342    318    300    256    216    178    150    109     79     54     40     27     20     13     12     11     12     10      8      8 
003      0      3      3      5     10     22     40     94    213    472   1052   2333   5102   9938  17397  26322  34576  39583  40161  37080  31357  24802  18240  12792   8428   5324   3348   2023   1212    794    541    424    398    360    349    316    304    286    277    244    220    179    151    133    111     91     73     61     54     39     26     23     15     11      9      8      8      7      6 
004      0      2      0      4      6     11     22     47    125    305    724   1588   3497   6832  12032  18262  23945  27262  27716  25542  21647  17088  12683   8878   5888   3797   2321   1460    899    572    425    330    270    244    218    205    187    185    180    163    155    142    120    102     87     62     53     40     34     27     23     17     15     10      5      4      3      1      1 
005      0      2      1      5     15     31     53    122    262    575   1354   3103   6767  13349  23408  35432  46290  52862  53758  49403  41776  32743  24124  16839  11120   6977   4244   2587   1581   1021    708    560    480    433    416    408    411    387    360    315    280    254    213    186    153    125    106     89     75     59     45     32     20     18     11      9      9      8      9 
006      0      4      3     11     16     34     64    138    309    717   1607   3680   7870  15346  26796  40690  53256  61284  62246  57276  48437  38250  28151  19673  13038   8249   5146   3209   1960   1241    893    678    616    562    535    526    497    463    435    366    324    288    263    218    177    136     99     76     61     46     39     32     21     20     18     14     10      6      6 
007      0      2      2      5      6     10     23     41     84    204    525   1203   2605   5104   8813  13361  17629  20184  20648  18960  16002  12582   9316   6460   4253   2643   1615    996    612    413    274    226    201    177    173    156    151    138    133    123    112    101     81     65     53     48     40     38     33     27     22     18     12      7      5      5      3      3      2 
008      0      5      5      7     19     36     69    148    313    689   1550   3488   7519  14637  25527  38850  51154  58443  59309  54156  45893  36054  26619  18519  12191   7691   4720   2906   1807   1170    824    654    534    505    472    463    425    410    391    335    316    287    266    231    207    167    135     98     82     56     45     32     25     19     18     14      9      6      4 
009      0      4      5     10     20     41     80    165    381    847   1945   4465   9449  18715  32545  49447  64869  74035  75167  69014  58312  45889  33772  23538  15544   9803   6054   3634   2227   1473   1066    826    716    641    602    576    556    511    480    460    404    353    316    276    251    208    168    120    100     80     65     49     37     28     21     18     19     12     10 
010      0      4      3      5     11     26     49    114    258    576   1342   3039   6536  12704  22064  33616  44286  50611  51480  47235  39906  31558  23311  16264  10764   6775   4101   2474   1572   1016    734    542    469    436    415    403    382    372    327    311    277    259    230    186    140    121     95     80     64     54     40     32     26     24     20     10      7      4      4 
011      0      4      9     14     26     42     86    189    409    922   2096   4761  10193  20083  35057  53191  70213  80272  81723  75033  63441  49852  36573  25305  16694  10456   6488   3931   2482   1641   1142    904    739    674    644    610    595    562    541    509    457    398    351    287    240    192    153    118     89     61     40     29     22     15     13     12      8      6      8 
012      0      4      3      3      6     12     25     49    117    259    600   1329   2915   5657   9782  14926  19590  22500  22909  21011  17788  13906  10279   7132   4741   2933   1839   1110    697    447    318    252    214    186    168    169    155    152    144    125    111     99     85     78     70     51     38     32     25     20     16      9      6      6      3      3      3      2      1 
013      0      2      1      2      3      8     16     36     91    218    504   1074   2272   4506   7827  11992  15839  18158  18383  16914  14318  11318   8366   5814   3848   2401   1497    888    546    352    239    194    169    160    148    141    128    129    124    116     96     85     69     55     47     34     32     26     21     16     12      9      7      4      4      3      4      5      5 
014      0      3      4      7     14     30     65    138    320    743   1655   3657   7771  15351  26799  40933  53721  61508  62487  57598  48819  38453  28287  19559  12958   8034   4980   3029   1883   1230    914    717    609    557    521    500    474    454    414    373    338    295    268    228    191    150    113     93     71     55     46     38     33     28     18     13      6      6      5 
015      0      2      1      2      4      9     28     61    129    286    669   1479   3148   6289  10963  16619  21712  24869  25260  23250  19712  15554  11521   8088   5410   3450   2122   1313    824    539    378    274    229    219    198    195    182    175    179    172    147    137    129    106     84     74     56     48     36     23     14     11      6      4      4      3      2      3      1 
016      0      4      4      7     12     29     68    147    320    714   1608   3650   7816  15179  26491  40374  52991  60603  61471  56475  47614  37421  27722  19235  12693   8039   4958   3052   1912   1275    890    675    581    526    486    456    433    422    376    354    321    300    264    229    187    149    122     94     60     52     39     27     25     15     10      8      6      4      4 
017      0      2      2      7     15     28     55    126    284    625   1477   3281   7102  14022  24688  37443  49281  56315  57136  52632  44653  35144  25835  17892  11939   7616   4677   2883   1779   1192    812    631    541    502    476    455    449    415    382    345    300    257    230    201    175    150    128     94     71     46     33     27     23     17     17     13     10      9      7 
018      0      4      7     14     27     45     85    172    388    893   2118   4851  10366  20363  35678  54215  71212  81482  82533  75764  64024  50426  37157  25887  17188  10893   6769   4163   2580   1693   1201    984    820    749    698    639    628    596    534    504    448    399    343    292    259    210    171    135    104     80     60     42     34     23     16     14      9     10      9 
019      0      3      3      6     11     24     52    109    246    549   1217   2819   5873  11438  20101  30601  40117  45967  46774  43152  36398  28666  21237  14732   9751   6113   3772   2246   1406    912    650    526    457    401    380    376    364    345    302    264    244    208    194    167    140    116     94     77     60     40     33     28     22     15     10      9      7      6      4 
020      0      2      1      4     10     20     38     74    157    371    798   1789   3841   7580  13218  20061  26442  30386  30958  28376  24072  19029  14111   9780   6445   4159   2535   1544    977    619    429    333    300    281    248    223    206    207    198    196    186    170    152    132    116     98     88     67     45     30     21     14     13      9      9      5      4      3      4 
021      0      2      0      1      5     11     26     61    119    272    663   1507   3270   6397  11027  16738  22076  25178  25651  23579  19965  15749  11536   7999   5237   3303   2039   1221    730    491    353    273    236    209    183    179    174    177    177    166    151    138    117     96     74     57     46     37     27     20     16     15      8      7      5      4      3      2      1 
022      0      2      0      0      2      6     13     23     55    141    328    744   1605   3137   5472   8378  11004  12612  12733  11725   9928   7727   5711   3963   2652   1698   1026    613    382    235    147    118    117    111    110    105     99     95     93     92     86     83     73     60     49     38     30     25     18     16     10     10      9      7      7      5      4      3      2 
023      0      3      1      3      6     18     35     73    163    365    843   1930   4173   8220  14335  21667  28518  32779  33418  30698  26210  20470  15170  10584   7039   4401   2717   1636   1055    653    458    354    297    271    274    263    256    240    223    215    190    176    156    134    105     96     81     69     47     37     26     17     13      8      6      4      3      3      3 
024      0      2      1      5      9     17     41     96    215    486   1142   2549   5406  10651  18483  28111  36937  42173  42769  39345  33363  26230  19364  13497   8817   5568   3449   2071   1256    822    592    483    411    371    319    301    285    278    264    243    214    186    158    137    116     87     67     55     46     36     33     24     21     18     11     10      7      5      6 
025      0      4      8     12     23     37     74    168    379    856   2068   4766  10296  20117  35147  53499  70358  80479  81643  75094  63526  49950  36833  25533  16798  10608   6624   4015   2465   1633   1194    966    841    753    701    632    590    558    527    488    426    380    348    278    233    188    163    113     98     73     62     49     38     28     19     15     12     10      9 
026      0      5      7     14     26     55    119    257    567   1273   2965   6613  14272  27937  48641  73842  97137 111143 113002 103821  87751  69131  50882  35450  23364  14642   8962   5558   3414   2172   1583   1270   1121   1021    951    885    868    838    801    714    670    590    522    439    368    297    242    177    136     98     72     62     43     36     25     22     19     11      8 
027      0      3      2      6     10     20     36     81    169    420    958   2108   4452   8786  15235  23160  30493  34959  35718  32715  27749  21872  16013  11056   7398   4675   2797   1681   1043    707    513    404    353    324    299    288    279    251    233    205    186    162    141    119    106     92     73     49     37     29     22     16     13      9      5      5      3      1      2 
028      0      2      1      3      6     12     27     60    120    287    695   1585   3372   6665  11674  17640  23211  26584  27008  24939  21141  16663  12368   8610   5654   3577   2194   1327    849    558    415    331    286    249    237    230    226    199    196    180    155    126    114     97     85     70     47     32     21     12     10      9      9      7      5      4      2      1      1 
029      0      3      3      8     17     34     68    140    273    625   1418   3220   6902  13635  23877  36492  47869  54725  55457  51072  43120  34054  25015  17392  11492   7300   4480   2687   1657   1080    745    612    520    476    455    458    430    394    347    322    275    256    229    197    163    128    104     79     56     36     30     23     17     15      9      7      7      5      6 
030      0      2      0      1      4      7     14     30     78    191    461   1012   2204   4307   7482  11237  14796  16911  17164  15686  13283  10431   7764   5417   3590   2195   1407    888    537    352    249    202    167    149    136    146    136    132    116    101     96     79     62     52     44     35     27     20     17     13     11     11     10      8      7      5      5      4      4 
031      0      4      4      9     13     25     54    124    281    658   1456   3309   7224  14236  24762  37707  49599  56547  57243  52672  44403  34970  25896  18079  11808   7400   4504   2747   1683   1053    772    628    555    524    477    457    446    408    375    335    309    276    229    177    147    124     98     80     65     52     40     29     20     15     11      8      5      4      4 
032      0      3      2      3      5     12     30     69    150    355    790   1808   3846   7590  13137  19951  26374  30160  30598  28135  23812  18708  13826   9645   6351   4021   2467   1485    931    595    416    326    267    249    254    241    233    213    206    191    172    146    129    103     81     70     57     50     40     30     22     18     13      9      6      2      1      1      2 
033      0      3      3      8     18     35     67    149    343    782   1808   4115   8908  17380  30488  46246  60774  69572  70327  64590  54854  43177  31834  21977  14556   9118   5544   3434   2102   1336    937    742    615    541    504    489    502    480    469    439    409    363    322    272    218    173    138    100     80     70     53     36     32     26     20     17     12     12      8 
034      0      3      3      6      9     19     38     91    205    459   1063   2441   5218  10295  17947  27180  35696  41083  41704  38315  32502  25631  18977  13228   8775   5564   3440   2075   1299    845    585    433    361    339    334    324    311    296    263    239    214    192    166    147    116     89     65     52     43     31     22     17     16     13      8      7      5      4      4 
035      0      5      6     10     22     37     72    153    336    781   1778   4037   8694  17008  29635  45064  59167  67720  68652  63107  53422  42227  31151  21589  14261   9043   5687   3434   2132   1394   1004    781    666    582    578    536    499    456    440    413    398    346    304    255    209    168    140    111     88     67     52     39     25     22     13     12      7      5      3 
036      0      4      3      6     11     20     46     91    203    482   1112   2598   5560  10879  19070  28949  38092  43698  44269  40732  34484  27166  19909  13909   9168   5773   3515   2069   1316    847    603    470    409    363    353    336    317    289    282    254    243    230    204    186    150    118     93     69     52     33     21     18     13     10      7     10      9      8      7 
037      0      3      3      6     11     21     39     79    176    389    886   2049   4386   8563  15087  22989  30273  34488  35092  32324  27336  21570  15828  11069   7305   4639   2827   1736   1079    710    510    389    314    263    242    221    207    195    203    190    166    161    141    133    112     97     77     56     45     35     24     22     21     18     14      9     10      7      6 
038      0      2      0      0      2      6     10     24     50    102    248    521   1099   2115   3635   5453   7189   8238   8337   7592   6371   4947   3619   2509   1667   1078    685    415    248    155    106     83     69     64     64     68     74     69     60     57     45     43     40     34     23     21     17     12      9      9      4      2      2      1      0      0      0      0      0 
039      0      2      0      1      5     10     21     47     96    224    524   1153   2436   4789   8344  12674  16611  18933  19269  17680  14840  11664   8620   6065   4008   2543   1589    959    586    371    270    204    176    175    171    162    155    133    117    104     88     76     65     58     44     35     32     24     19     13      9      6      7      5      6      6      5      5      4 
040      0      3      4      9     16     31     53    135    327    741   1743   3969   8515  16693  28912  43730  57331  65490  66578  61236  51729  40756  30079  21006  13907   8867   5443   3262   2028   1310    967    742    641    598    552    507    502    476    444    412    383    348    312    271    239    201    155    114     78     50     42     29     19     13     12      9      7      8      5 
041      0      4      5     10     17     35     69    130    296    679   1539   3472   7482  14562  25474  38745  51026  58462  59503  54692  46333  36396  26787  18611  12290   7827   4808   2928   1777   1154    807    674    576    524    507    483    452    414    371    344    310    280    253    209    177    143    115     98     69     54     38     28     16      8      5      1      2      2      3 
042      0      2      1      3      8     16     33     75    185    425    975   2176   4650   9161  15916  24150  31722  36241  36790  33853  28827  22616  16711  11615   7706   4817   3001   1882   1197    755    546    417    354    318    295    283    274    270    259    237    205    175    155    136    113     92     79     55     48     37     28     22     19     11     12     10      8      7      6 
043      0      3      4      6     14     28     49    109    264    636   1489   3297   7201  14137  24863  37999  49913  57272  58102  53480  45362  35620  26374  18409  12101   7665   4770   2868   1770   1155    808    666    576    527    507    479    454    407    368    331    306    292    245    223    192    159    123    105     80     63     47     36     27     20     18     13     10      8      7 
044      0      2      0      2      6     14     25     48     97    227    513   1196   2530   4930   8527  13023  17066  19463  19774  18219  15362  12095   8934   6171   4091   2608   1576    954    608    388    265    219    172    160    166    147    135    127    133    116    106     82     79     71     57     44     40     31     31     29     19     15     12     10      7      7      7      5      4 
045      0      4      4      7     12     23     50    102    234    564   1275   2949   6302  12256  21469  32738  43143  49550  50332  46256  39182  30759  22820  15878  10436   6596   4098   2433   1501   1021    717    559    473    431    403    387    373    350    313    294    275    250    225    196    166    135    103     85     65     47     31     20     18     11      7      4      3      3      3 
046      0      2      1      3     11     24     44     97    218    491   1097   2498   5351  10538  18416  27846  36514  41736  42447  39119  33104  26165  19324  13424   8828   5578   3434   2084   1274    797    555    424    363    340    317    288    285    275    265    249    245    213    171    147    131    112     94     80     63     50     43     32     20     17      9     11      6      5      4 
047      0      2      1      3      5      8     21     45    113    269    626   1430   3016   5952  10431  15860  20888  23759  24250  22238  18830  14871  10914   7712   5138   3231   2019   1232    741    482    347    273    222    215    197    195    200    186    177    171    150    134    116    108     83     74     60     43     24     19     13     12     11      9      6      7      5      6      5 
048      0      3      4      7     14     31     69    131    291    687   1576   3565   7651  15119  26138  39863  52473  60333  61254  56230  47571  37424  27646  19322  12713   8057   4971   3003   1827   1187    853    661    568    519    492    494    465    436    426    385    376    347    300    265    226    174    127    100     71     48     37     29     22     15      7      6      4      3      4 
049      0      4      5     10     20     40     84    181    431   1014   2299   5208  11164  21800  38168  57987  75987  86848  87911  80881  68409  53947  39624  27618  18245  11537   7117   4317   2677   1781   1293   1002    857    799    741    700    660    646    613    551    514    465    397    340    284    251    205    159    128     92     76     48     32     22     16     12      7      6      4 
050      0      3      3      5     17     34     75    157    361    818   1948   4378   9385  18559  32560  49358  64716  74078  75143  69155  58618  46155  34039  23708  15657   9948   6158   3725   2304   1481   1040    802    661    583    564    544    532    497    479    441    395    348    308    254    224    191    157    124     85     62     51     37     31     22     11      9      8      8      7 
051      0      3      3      9     17     34     70    152    339    769   1864   4241   8948  17547  30553  46442  60933  69766  70800  65133  55181  43481  31832  22265  14730   9372   5712   3473   2130   1397    983    769    660    588    557    537    505    472    444    393    338    294    277    234    196    158    120    106     88     68     58     35     28     22     12     11      9      6      5 
052      0      3      4      6      7     13     29     68    169    406    929   2108   4558   8968  15606  23858  31294  35825  36494  33680  28564  22459  16526  11495   7649   4877   3008   1813   1104    701    507    412    357    322    290    285    266    241    228    207    191    176    143    127     99     89     77     63     50     40     30     22     15     11      9      5      4      4      3 
053      0      3      1      1      4      9     16     35     76    177    416    935   2027   4059   7157  10886  14448  16528  16793  15407  12976  10246   7540   5257   3489   2227   1341    828    508    340    236    188    171    147    137    123    121    116    104    102     86     76     76     68     59     45     34     26     22     15     12      8      6      5      3      1      1      1      1 
054      0      2      0      0      1      2      5     11     27     65    166    385    828   1661   2887   4377   5769   6616   6691   6157   5233   4102   3037   2161   1427    889    539    329    199    130     85     61     58     54     53     51     49     49     46     37     37     32     33     23     17     16     11      8      6      5      5      5      4      2      2      1      1      1      1 
055      0      2      0      0      1      6     13     25     59    136    337    771   1615   3166   5571   8482  11088  12606  12684  11646   9889   7741   5671   3961   2571   1629   1005    600    357    227    163    134    124    115    103    101     97    100     93     82     75     68     60     45     41     31     29     27     18     19     12     14      8      6      3      1      2      2      2 
056      0      4      2      3      6     10     20     44    111    248    593   1316   2876   5683   9785  14879  19375  22007  22305  20475  17291  13661  10035   7043   4659   2961   1876   1144    703    457    313    230    191    169    148    151    168    165    148    136    127    106     92     76     62     47     38     31     24     16     12     10      6      3      2      2      1      1      1 
057      0      2      2      3     11     25     49    108    250    569   1301   3018   6521  12711  22170  33564  44079  50538  51417  47258  40195  31440  23131  16078  10510   6681   4134   2539   1583    999    705    559    492    435    404    412    379    368    345    318    307    269    226    183    157    127     99     70     53     41     30     21     15     12     10      8     10      9      5 
058      0      3      2      4      9     13     25     48     90    212    482   1072   2315   4619   8139  12444  16449  18896  19162  17720  14985  11699   8639   5957   3983   2510   1531    911    578    374    263    207    188    161    154    151    135    139    128    111    103     93     78     70     61     44     40     34     29     22     15      9      9      7      6      6      6      5      3 
059      0      3      3      8     16     26     50    109    254    589   1372   3078   6544  12883  22469  34194  44851  51531  52322  48084  40682  32074  23549  16316  10773   6907   4235   2563   1594   1058    752    604    509    443    429    397    379    351    331    319    279    240    210    189    172    143    120     89     69     49     28     18     11      9      7      7      7      6      5 
060      0      4      7     11     22     42     83    165    358    814   1883   4254   9053  17833  30910  46906  61838  70753  71725  65880  55793  43746  32299  22304  14806   9305   5683   3427   2156   1429   1079    856    740    680    614    590    556    534    510    466    435    388    345    285    234    199    161    136    107     80     58     40     22     16     11     11     11      9      6 
061      0      2      3      5     11     31     57    123    297    687   1592   3504   7497  14743  25680  38911  51089  58601  59300  54304  45906  36072  26676  18531  12178   7671   4644   2832   1782   1192    800    614    542    496    467    432    424    416    388    359    318    277    238    203    167    126     97     79     55     38     34     27     22     17     13      9      6      4      3 
062      0      2      1      5      9     25     48     97    215    499   1179   2703   5711  11248  19775  30018  39454  45097  45891  42188  35653  27954  20676  14336   9456   6040   3758   2237   1383    909    659    520    430    368    354    351    347    320    291    272    250    225    206    171    142    112     90     68     47     39     33     29     19     14      6      4      3      2      2 
063      0      2      1      3      9     17     42    102    225    509   1134   2603   5603  11037  19230  29130  38315  43888  44485  40909  34531  27191  20108  14026   9288   5923   3663   2255   1435    934    667    493    414    366    346    318    320    295    269    253    245    212    183    156    123     96     73     68     47     37     28     18     11      8      6      4      1      2      3 
064      0      2      0      0      1      3      6     22     48    108    276    606   1370   2744   4717   7225   9463  10739  10859   9998   8437   6636   4937   3405   2264   1458    926    539    328    198    147    119     86     91     86     81     74     65     53     49     47     43     42     43     43     32     30     18     12     11      8      5      6      6      5      5      5      3      2 
065      0      3      2      4      7     16     41     85    198    466   1071   2410   5211  10213  17720  27025  35499  40744  41535  38100  32471  25522  18779  13079   8628   5434   3349   2035   1247    802    577    460    381    349    328    305    286    268    258    242    226    209    165    137    116     97     79     54     46     40     26     16     12     10      7      6      3      3      3 
066      0      3      6     13     19     39     83    184    370    870   2055   4678  10013  19574  34249  52054  68516  78381  79422  73046  61686  48619  35932  24835  16370  10357   6344   3904   2427   1593   1138    921    784    721    694    679    660    623    596    528    478    420    353    294    239    186    149    123    106     81     67     50     46     34     28     20     15     16     13 
067      0      2      1      2      3      6     13     28     77    171    406    919   1893   3742   6596  10027  13265  15128  15375  14067  11843   9253   6854   4781   3141   2008   1272    757    497    301    208    156    139    130    127    129    130    121    110     87     84     72     58     47     43     31     19     15     12     12     11      9      8      6      3      3      2      2      2 
068      0      3      4      9     20     35     67    130    284    655   1496   3351   7223  14078  24560  37381  49177  56334  57126  52533  44558  35092  25786  17930  11761   7478   4598   2764   1694   1115    802    648    557    514    468    436    417    417    401    371    335    303    250    217    172    135    103     86     69     52     39     30     21     17     14     14     12      9      6 
069      0      2      0      1      4     10     21     46     99    219    513   1137   2453   4805   8405  12854  16877  19348  19552  17910  15066  11891   8723   6030   3979   2548   1563   1008    629    418    305    239    195    177    167    155    146    138    126    112    108     94     75     58     51     41     33     22     18     16     11      8      6      6      3      1      0      0      0 
070      0      2      1      1      2      5     11     20     56    128    300    692   1457   2780   4796   7142   9333  10749  10885  10000   8477   6671   4881   3427   2287   1459    909    568    348    243    179    134    109     95     93     86     90     78     81     81     68     66     61     46     37     29     20     16      6      4      4      3      3      2      2      2      2      2      2 
071      0      3      2      2     10     20     45     99    213    469   1066   2471   5291  10364  18114  27516  36078  41339  42017  38675  32720  25665  18849  13109   8656   5513   3379   2061   1267    770    552    456    401    371    353    328    303    289    262    250    238    207    183    163    140    119    100     81     69     54     46     29     21     16     12      7      6      4      3 
072      0      2      0      1      1      4      8     12     27     56    140    305    657   1283   2234   3394   4449   5093   5119   4633   3901   3039   2191   1517   1014    653    416    264    157    113     68     53     46     41     41     48     48     42     40     38     38     32     27     23     22     18     15     10      6      3      3      3      2      2      2      2      2      0      0 
073      0      2      2      7     11     15     37     74    169    409    966   2227   4827   9547  16753  25312  33274  38051  38608  35529  29923  23594  17363  12099   7962   5046   3144   1850   1180    786    540    397    351    328    303    291    271    259    251    235    219    190    166    147    130    110     88     72     51     37     24     18     16     11      9      6      6      7      6 
074      0      3      3      6     10     31     75    167    388    886   2074   4711   9998  19725  34440  52412  69008  78982  80336  73975  62664  49380  36462  25279  16658  10674   6503   3891   2412   1557   1101    857    753    714    689    657    625    596    563    528    483    434    382    303    250    194    147    112     75     45     30     24     18     17     10     10     11     12     10 
075      0      2      3      7     16     32     58    121    256    619   1409   3192   6751  13259  23068  34867  46091  52892  53865  49571  41945  32910  24170  16838  11129   7013   4294   2665   1639   1064    759    580    499    464    438    413    399    367    358    335    300    260    217    187    158    135    106     81     57     43     38     25     24     21     16     10      8      5      4 
076      0      2      0      0      4      7     15     33     76    174    400    857   1818   3575   6314   9576  12672  14510  14749  13521  11422   8966   6604   4630   3053   1913   1160    705    432    288    208    154    148    131    129    111    109    103     89     76     74     58     57     48     45     39     30     24     20     14     12     11      5      5      5      4      1      2      1 
077      0      2      0      1      4      8     16     50    116    273    667   1538   3256   6357  11089  16741  21821  25029  25294  23300  19702  15462  11291   7843   5140   3236   1989   1198    717    498    365    278    243    232    208    204    200    187    183    166    150    128    110     99     90     70     59     44     35     31     19     18     10      7      5      3      2      2      2 
078      0      3      4     13     24     45     85    188    415    975   2263   5106  10926  21387  37228  56756  74485  85133  86516  79502  67236  52899  38931  27109  17870  11334   6998   4303   2660   1748   1263    976    847    752    700    672    643    612    586    531    474    425    372    296    258    204    170    137    109     85     63     47     37     30     22     14     13     11      9 
079      0      3      2      3      3      4     11     24     51    107    249    571   1228   2443   4278   6452   8457   9716   9856   9051   7655   6044   4428   3053   1963   1264    775    469    305    198    138    109     94     88     86     77     75     69     63     60     48     41     37     32     24     20     16     12      9      7      7      5      2      4      4      3      3      2      1 
080      0      4      4      5     12     27     51    104    245    547   1274   2852   6166  12126  21170  32235  42223  48345  49071  45231  38271  30107  22275  15511  10342   6521   3939   2453   1547   1007    715    579    490    449    444    418    398    364    332    318    293    257    225    196    156    130     98     78     64     52     31     19     11      9      7      7      6      6      6 
081      0      2      1      5     10     21     51    103    216    502   1188   2661   5762  11375  19974  30287  39577  45316  46135  42288  35663  27969  20601  14229   9411   5907   3609   2168   1351    883    607    516    434    392    376    357    335    323    298    290    255    229    199    160    136    106     87     69     54     42     29     22     17     11      8      7      7      5      3 
082      0      3      2      6     16     29     61    121    274    630   1442   3210   6898  13549  23757  36189  47408  54303  54986  50646  42629  33399  24739  17261  11494   7326   4500   2752   1706   1095    776    627    528    481    435    418    401    405    368    341    311    266    235    200    172    138    115     89     70     54     41     29     23     20     14     10      5      4      4 
083      0      2      3      7     21     42     93    204    449   1019   2385   5485  11681  22727  39670  60276  79130  90330  91608  84120  70872  55756  41082  28539  19049  11900   7291   4464   2765   1822   1293   1003    866    795    728    690    655    632    588    539    475    434    382    329    270    228    179    143    105     75     55     36     25     25     18     18     15     13     12 
084      0      4      7     19     34     65    137    303    660   1493   3457   7787  16723  32683  56940  86692 114053 130777 132708 121838 102905  81122  59967  41713  27455  17364  10786   6568   4061   2675   1868   1449   1241   1147   1087   1031   1002    950    866    797    718    663    575    493    424    371    297    240    187    145    106     83     59     46     30     26     18     13     10 
085      0      2      0      4      5     10     19     35     83    218    507   1136   2438   4797   8440  12830  16842  19341  19734  18093  15323  12056   8962   6262   4110   2637   1669    974    606    416    295    235    186    171    164    160    142    135    119    103     87     80     73     61     42     34     26     29     20     13      8      7      5      5      4      4      4      3      2 
086      0      2      1      3      7     16     35     80    200    448   1042   2366   5082  10017  17467  26679  35037  40047  40573  37408  31599  24830  18299  12740   8311   5168   3110   1891   1176    740    521    397    349    330    319    306    296    295    283    271    250    229    207    174    140    111     81     65     44     31     24     19     14     11      9      7      6      7      6 
087      0      4      2      4      7     10     28     74    173    395    900   2057   4366   8668  15035  22772  29918  34282  34973  32226  27264  21492  15982  11191   7424   4733   2880   1737   1058    671    473    371    321    283    253    230    221    203    196    184    163    153    133    121    105     90     75     60     51     41     30     21     15     11      9      6      5      3      3 
088      0      3      2      3      6     14     28     81    181    402    927   2077   4396   8600  15120  22899  30145  34509  35123  32311  27392  21603  15916  11232   7455   4665   2807   1694   1085    730    522    391    326    296    272    258    243    230    224    201    191    172    149    120    102     83     68     61     49     34     24     18     13      7      3      5      5      6      5 
089      0      3      3      7     14     31     66    140    331    752   1765   4017   8653  16944  29391  44687  58746  67418  68422  62916  53172  41900  30919  21562  14374   9098   5644   3429   2125   1399    986    787    658    612    574    540    507    478    463    419    385    339    294    258    208    169    139    113     89     66     51     45     39     35     29     22     17     14     11 
090      0      4      3      5     13     22     41     84    187    450   1051   2287   4801   9335  16337  25032  32985  37693  38267  35081  29643  23247  17140  11978   7888   4907   3007   1812   1136    756    545    438    376    341    314    297    298    263    274    262    234    211    179    143    136    107     83     70     47     34     26     19     10      6      2      3      2      2      1 
091      0      3      2      4      6     18     34     77    169    391    868   1955   4225   8249  14374  21959  29102  33133  33623  30851  26143  20461  15145  10458   6949   4396   2744   1704   1040    659    483    388    332    305    281    269    250    231    224    209    198    169    149    112     90     72     62     48     33     26     21     17     14     12      8      5      4      2      1 
092      0      3      3      9     17     35     74    167    383    835   1919   4361   9277  18191  31961  48620  63938  72915  74194  68319  57701  45437  33531  23211  15377   9607   5912   3591   2203   1455   1050    828    711    643    596    565    537    474    452    439    423    379    332    298    230    181    147    112     82     61     51     33     25     17     13     10      8      8      7 
093      0      4      3      6      9     15     30     60    140    331    747   1704   3591   7031  12215  18609  24431  28130  28616  26314  22281  17458  12893   8970   5924   3778   2312   1443    885    560    358    288    234    219    200    189    186    179    169    155    146    139    128    113     99     82     69     47     41     24     14     11      6      7      4      4      3      4      4 
094      0      3      4      5     10     18     41     80    170    405    942   2089   4491   8745  15206  23215  30479  34721  35274  32375  27322  21520  15971  11011   7362   4608   2817   1677   1032    684    473    380    324    301    290    268    253    237    234    216    196    176    150    128     97     72     63     56     44     41     34     24     17     10      9      8      7      4      2 
095      0      2      3      6      8     20     40     94    216    501   1205   2742   5726  11407  19890  30099  39651  45402  45986  42140  35587  28117  20760  14450   9557   6087   3718   2268   1410    879    627    482    407    398    370    358    340    314    284    258    214    196    176    164    139    117     98     78     58     41     27     19     14      7      3      4      2      2      1 
096      0      5      6     15     30     53    103    213    485   1117   2625   5869  12543  24418  42606  64879  85428  97841  99210  91340  77395  60814  44859  31274  20680  13110   8031   4844   3003   1958   1384   1068    947    865    814    780    730    676    640    619    561    536    477    398    349    287    237    180    132     93     65     54     37     29     18     16     13     12      9 
097      0      2      1      4      7     15     38     85    193    451   1052   2426   5175  10037  17587  26730  35174  40351  41057  37660  31922  25122  18551  12788   8442   5386   3323   2023   1232    808    581    455    399    380    364    331    321    299    282    259    248    213    182    159    122    112     78     60     45     34     22     17     15     11      8      6      5      4      2 
098      0      2      2      7     12     21     41     87    198    441   1023   2341   5065   9928  17172  26134  34448  39536  40120  36837  31183  24474  18038  12551   8330   5265   3218   1945   1197    807    563    452    383    341    328    328    302    287    271    241    226    195    179    148    126    108     89     72     46     34     22     17     11      9      5      5      4      5      4 
099      0      2      0      0      0      2      5     15     36     74    172    404    853   1669   2907   4460   5880   6682   6789   6295   5314   4200   3141   2131   1421    919    579    347    228    157    107     75     65     56     53     47     47     43     40     34     31     31     26     22     18     17     10      8     10      7      7      3      2      2      1      0      0      0      0 
100      0      3      2      4     12     30     64    134    325    779   1819   4097   8741  17036  29671  45260  59536  68116  69207  63975  54055  42610  31442  21976  14443   9191   5623   3443   2107   1310    944    751    641    590    558    554    530    498    472    433    400    380    334    282    233    192    146    116     90     68     54     39     27     25     19     16     12      8      6 
101      0      3      1      3      4      5     11     22     58    136    296    696   1480   2916   5069   7625   9938  11410  11556  10673   9052   7111   5298   3701   2445   1581    973    612    395    259    190    149    126    123    103     95     93     91     87     81     73     65     55     46     39     31     21     17     12      6      4      4      4      2      1      2      3      2      2 
102      0      2      1      2      6     14     27     59    131    297    707   1627   3437   6843  11924  18197  23962  27346  27861  25482  21608  17016  12439   8634   5725   3636   2255   1399    842    570    408    314    251    232    217    202    202    188    174    166    151    129    117    101     83     61     53     40     31     22     14     12     11      7      5      4      3      3      2 
103      0      4      5     12     25     48    109    250    580   1345   3057   6860  14752  29044  50696  76997 101154 116052 117833 108360  91895  72345  53450  37214  24455  15378   9452   5783   3581   2341   1667   1300   1177   1077   1015    970    901    845    791    728    651    581    503    433    359    311    261    206    168    131     99     73     55     41     32     21     16     13      8 
104      0      2      1      2      7      9     22     50    122    279    646   1441   3039   5996  10370  15679  20656  23787  24209  22265  18773  14791  10844   7519   4945   3099   1907   1160    727    484    332    265    226    209    186    181    165    154    143    136    121    117    103     84     74     62     43     38     28     22     15     13     10      5      3      2      1      2      1 
105      0      3      1      1      3      6     12     24     59    141    334    773   1626   3127   5499   8376  11030  12664  12859  11869  10112   8028   5898   4064   2725   1687   1042    646    412    290    191    149    110     97     95    106     98     96     94     83     73     67     55     42     39     36     35     29     25     14     12      9      5      5      4      3      3      1      1 
106      0      4      7     17     28     52     98    229    532   1214   2758   6247  13338  26431  46065  69983  91945 105249 106760  98056  82981  65489  48397  33677  22321  14067   8675   5270   3289   2106   1503   1194   1054    935    905    871    819    798    766    721    653    584    498    413    345    280    219    164    124     90     67     52     43     29     19     17     15     13     13 
107      0      4      5     10     20     41     92    200    481   1090   2512   5575  11977  23548  40982  62374  82051  93976  95099  87445  73982  58146  42870  30047  19917  12575   7693   4636   2850   1867   1341   1047    928    856    823    764    735    685    630    583    536    468    411    353    296    236    196    143    121     94     71     52     34     26     18     11     12     14     13 
108      0      6     11     19     39     75    145    301    673   1528   3586   8180  17582  34098  59522  90286 118821 135845 137885 126864 107153  84533  62269  43299  28698  18295  11287   6970   4290   2744   1931   1506   1318   1189   1132   1065   1020    971    944    888    798    722    634    556    486    413    315    242    196    152    121     90     52     41     24     18     16     14     11 
109      0      2      2      5      8     16     37     75    180    392    929   2182   4714   9305  16248  24784  32526  37486  37996  34903  29546  23300  17144  11882   7861   4969   3042   1818   1114    742    555    423    362    314    297    292    277    275    251    232    202    166    135    118     96     79     60     47     39     35     28     22     13      7      6      5      4      2      2 
110      0      4      6     12     16     31     56    122    292    643   1531   3546   7653  15036  26290  39866  52427  60064  61010  55983  47344  37159  27331  19035  12592   7998   4984   3074   1934   1288    903    695    562    495    468    457    436    416    377    349    340    299    268    238    193    154    120     95     71     60     42     31     23     20     13      7      4      3      3 
111      0      4      3      7     16     41     75    173    398    885   1986   4473   9536  18808  32752  49852  65708  75162  76276  70291  59318  46653  34285  23774  15651   9931   6118   3702   2304   1489   1071    842    702    617    585    557    554    527    479    451    402    357    325    277    234    191    166    130     98     71     53     39     24     16     14     11      9      7      7 
112      0      2      1      4      4     12     24     43    100    226    512   1153   2501   4755   8364  12692  16649  19104  19412  17855  15031  11821   8687   5975   3882   2427   1474    882    531    365    277    221    188    173    154    148    129    132    129    110    100     95     80     65     55     47     40     35     28     19     14     10      6      6      4      3      2      2      2 
113      0      2      1      1      3      6     11     25     61    154    373    848   1752   3432   5998   9149  12020  13690  13892  12692  10778   8470   6167   4355   2866   1794   1088    671    458    287    195    139    122    117    109    110     98     91     89     80     70     65     65     52     45     39     31     22     16      8      5      6      6      6      4      4      3      4      3 
114      0      2      0      0      0      5     14     32     65    147    337    773   1697   3327   5777   8705  11563  13303  13421  12319  10447   8172   6028   4163   2779   1733   1048    628    400    263    186    135    128    124    120    110     98     94     83     80     74     66     68     64     50     43     37     32     20     20     12     10      8      8      4      4      4      3      3 
115      0      2      2      2      4      8     12     37     92    219    544   1202   2643   5214   9022  13824  18100  20676  20902  19201  16251  12746   9300   6499   4375   2766   1678    989    602    392    275    206    188    171    163    156    142    136    125    118    113    103     91     79     66     54     43     30     26     20     11      9      8      8      6      5      4      4      3 
116      0      2      0      0      1      1      5     13     20     53    115    242    472    929   1609   2480   3294   3806   3830   3532   2949   2290   1678   1187    797    497    326    194    131     88     64     49     39     32     31     27     21     26     29     25     20     17     16     15     12      9      7      6      4      1      1      0      0      0      0      0      0      0      0 
117      0      3      2      5      8     19     38     72    157    340    793   1773   3861   7607  13393  20377  26710  30599  30961  28579  24250  19137  13921   9714   6510   4087   2478   1514    953    643    447    357    301    271    250    224    214    208    209    202    179    167    140    112     92     81     60     47     27     18     18     10      7      4      3      3      2      2      2 
118      0      4      6     12     22     39     79    181    414    984   2309   5049  10780  21185  36903  55849  73528  83789  84896  78105  65863  51834  38140  26470  17526  11091   6851   4148   2456   1625   1130    874    778    702    688    640    632    616    592    551    502    457    394    327    263    221    175    132    100     83     71     58     43     34     31     17     14     12     11 
119      0      3      1      3      5     10     19     45     97    241    579   1304   2772   5384   9295  14176  18703  21650  21943  20193  17044  13427   9868   6877   4483   2828   1720   1052    656    418    286    231    216    204    197    181    171    149    140    128    112    101     91     82     63     58     45     36     19      8     10      8      5      5      4      4      3      3      2 
120      0      2      0      0      1      3      9     22     58    128    300    660   1392   2715   4788   7280   9589  10995  11151  10308   8826   6928   5121   3538   2278   1426    915    563    359    219    158    126    109     96     86     85     77     78     81     74     78     70     54     43     35     30     23     19     13     10      9      6      5      4      4      3      1      1      0 
121      0      2      3      6     13     36     65    141    294    655   1450   3190   6925  13518  23760  36105  47460  54377  55189  50642  42822  33633  24950  17411  11507   7265   4489   2741   1675   1091    772    604    518    465    458    441    426    405    375    357    311    267    242    209    173    136    106     81     59     42     31     25     22     15     13     12     11      8      4 
122      0      2      0      1      3      5      9     19     45    102    220    514   1117   2195   3789   5659   7462   8516   8613   7943   6743   5261   3899   2680   1771   1107    714    424    270    179    119     90     83     72     72     71     63     61     55     52     52     39     28     24     19     16     15     12      7      5      5      4      2      2      2      3      3      2      1 
123      0      2      2      4     10     16     30     65    141    307    690   1588   3355   6723  11789  17842  23463  26824  27198  25087  21272  16767  12365   8537   5677   3598   2232   1354    805    511    371    277    233    219    217    213    208    194    194    193    187    158    134    108     79     66     51     42     31     24     16     11      6      2      0      1      1      1      1 
124      0      2      4      5      9     17     38     74    176    402    941   2075   4410   8800  15466  23500  30676  35089  35659  32630  27598  21723  15898  11069   7272   4617   2837   1746   1035    663    474    365    331    306    284    277    275    263    257    242    217    194    161    139    114     94     73     56     45     34     29     24     22     17      9      5      4      3      3 
125      0      3      2      6     13     27     61    137    312    713   1645   3716   8058  15915  27792  42294  55515  63458  64405  59049  50145  39355  28861  20167  13373   8512   5222   3159   1971   1258    904    713    629    580    560    519    486    450    412    373    328    299    255    230    198    158    119     91     66     55     45     33     25     20     15     11     10      4      3 
126      0      4      5      8     13     24     48    109    233    537   1241   2819   6065  11820  20593  31280  41101  47021  47861  44123  37208  29152  21518  15070   9932   6354   3932   2378   1470    952    667    534    459    416    391    390    370    347    328    299    300    259    210    174    134    110     92     77     56     37     25     16     12     13      9      9      8      4      4 
127      0      4      5      9     13     30     71    138    313    712   1689   3785   8060  15794  27592  41853  54974  62796  63683  58623  49441  38837  28507  19860  13115   8244   5047   3058   1892   1269    908    702    600    552    526    482    448    451    429    397    352    306    275    230    184    142    121     85     60     54     46     33     28     17     13     12     10      7      6 
128      0      4      7      9     16     44     98    203    434    972   2322   5178  11074  21670  37795  57346  75453  86256  87504  80530  67952  53559  39456  27415  18148  11462   7043   4242   2585   1682   1220    976    855    790    721    683    639    607    588    557    496    436    391    347    284    226    190    144    106     93     71     50     32     29     18     15     13     11     12 
129      0      4      3      7     14     27     61    126    282    614   1417   3163   6815  13407  23454  35688  47040  54008  54842  50382  42539  33410  24752  17172  11429   7230   4519   2753   1714   1182    806    614    501    448    429    422    417    401    389    346    314    286    249    204    170    139    108     90     67     50     43     40     32     23     18     11      9      9      7 
130      0      3      5     12     16     30     61    124    280    617   1437   3261   7009  13703  23966  36275  47699  54748  55586  51208  43520  34417  25311  17640  11669   7381   4524   2709   1702   1101    783    646    529    499    471    458    456    417    389    363    327    291    225    196    159    128    100     81     59     50     41     31     21     16     13     11      8      6      6 
131      0      2      2      5      8     11     22     46    101    246    559   1329   2844   5609   9844  14946  19524  22313  22750  21033  17831  14119  10394   7282   4833   3074   1888   1143    695    458    322    252    213    199    201    176    167    150    141    136    117    122     98     86     70     55     48     41     32     23     15     11      9      7      5      3      3      4      1 
132      0      3      1      4     11     21     41     98    222    534   1201   2722   5921  11483  20081  30523  40105  46017  46749  43118  36502  28708  21095  14734   9841   6310   3895   2392   1475    955    686    576    480    447    427    409    362    331    299    280    253    218    197    177    144    114     81     56     45     37     27     17     11      9      8      6      5      4      4 
133      0      2      2      5     11     20     46     96    224    479   1138   2636   5579  10997  19147  29017  38193  43652  44221  40681  34293  26953  19751  13741   9126   5767   3551   2154   1329    867    611    476    404    372    337    323    315    299    296    280    255    226    193    150    122    104     85     67     55     40     31     20     18     11      9      7      7      6      4 
134      0      3      1      3      7     13     33     69    141    317    717   1602   3383   6682  11709  17853  23501  26772  27156  25006  21226  16765  12359   8615   5723   3628   2253   1363    822    526    349    282    246    235    235    230    223    221    202    190    177    155    127    110     88     70     57     37     29     23     20     18     13     10      7      3      3      1      1 
135      0      2      2      4     12     22     49    111    248    534   1246   2815   6004  11949  20828  31842  41873  47731  48576  44614  37655  29522  21774  15185   9997   6315   3819   2320   1428    935    670    509    442    410    375    345    323    307    315    294    257    228    207    178    147    113    103     78     49     39     24     18     11      8      6      3      2      2      2 
136      0      5      5      9     17     37     84    203    438    999   2333   5283  11310  22095  38826  59291  77835  89027  90387  82912  70349  55346  40722  28102  18634  11738   7308   4428   2702   1753   1241    992    839    767    723    708    709    666    636    599    537    470    397    343    293    243    201    145    106     79     60     43     28     19     11     11     12      6      4 
137      0      2      0      1      4     12     25     60    135    320    710   1535   3325   6484  11333  17084  22511  25705  26009  23871  20197  15901  11778   8181   5383   3437   2105   1263    799    519    362    285    228    218    207    181    176    162    156    145    131    117    105     93     76     70     51     44     29     22     17     15     13     13      8      6      3      3      3 
138      0      4      5      9     15     26     65    156    363    863   1959   4371   9450  18347  31891  48351  63415  72565  73741  67655  57052  44879  32933  22984  15179   9575   5893   3546   2177   1452   1043    811    700    670    654    608    567    540    491    450    391    348    310    255    213    174    143    117     98     70     54     32     28     22     17      9     10     10      8 
139      0      6      8     15     29     56    120    267    614   1435   3361   7536  15961  31139  54435  82813 108915 124814 126825 116627  98780  77909  57389  39933  26225  16642  10289   6252   3925   2506   1744   1380   1217   1092   1024    983    970    913    856    781    712    620    551    464    380    314    253    195    151    113     81     54     42     34     28     26     19     16     11 
140      0      5      6     14     25     49     89    175    397    930   2182   4968  10685  21077  36957  56143  73807  84698  86106  79107  67052  52734  38803  26920  17827  11197   6934   4235   2636   1648   1177    945    835    774    712    698    655    608    563    530    489    431    365    311    269    229    167    124     92     72     50     35     28     24     18     14     15     14     12 
141      0      2      2      6     14     26     54    108    254    563   1289   2864   6165  12114  21278  32312  42620  48631  49530  45506  38525  30478  22493  15630  10148   6495   4034   2404   1537   1000    715    585    493    432    384    350    332    317    308    302    292    263    240    210    165    134    102     75     55     44     36     32     23     15     13      9      9      4      5 
142      0      2      3      6     13     25     52    115    259    596   1378   3139   6684  13088  22832  34871  45560  52108  52898  48603  41024  32142  23668  16525  11021   6997   4289   2577   1581   1051    692    548    488    456    441    411    391    369    359    320    291    260    220    182    143    114     88     78     63     48     39     26     19     15     14     14     13     10      9 
143      0      2      2      2      5     12     22     49    124    286    668   1549   3292   6437  11157  16935  22343  25556  25958  23909  20298  16062  11940   8308   5502   3524   2160   1330    817    513    366    290    242    214    193    177    167    165    161    144    134    110     97     90     75     62     52     44     38     30     21     15     12      9      4      2      2      3      3 
144      0      5      5     10     26     53    102    197    411    966   2274   5192  11294  22070  38356  58354  76488  87613  88833  81386  68902  54258  39995  27690  18298  11535   7083   4213   2602   1718   1207    962    786    726    710    693    632    609    593    552    499    450    396    349    303    237    193    149    111     99     76     57     49     42     30     22     16     13     11 
145      0      3      3      4      7     12     23     61    140    340    785   1735   3801   7390  12861  19564  25788  29485  29906  27484  23286  18260  13493   9311   6185   3891   2361   1478    903    581    419    323    296    257    237    229    221    216    202    178    164    138    123    106     90     70     61     52     38     30     19     15     13      9      5      3      3      1      1 
146      0      6      6     13     18     34     65    122    289    669   1494   3461   7373  14522  25372  38490  50716  58044  59055  54461  46159  36267  26633  18535  12310   7820   4774   2931   1864   1214    856    668    571    512    477    461    442    401    378    357    339    300    257    210    166    125    104     85     72     52     38     30     21     13     10      8      4      4      4 
147      0      4      3      7     16     29     48    103    219    515   1099   2485   5443  10647  18568  28410  37214  42636  43219  39686  33494  26412  19473  13498   8997   5714   3474   2069   1271    847    630    489    421    384    365    347    358    374    333    315    295    258    214    181    141    107     88     69     54     37     30     23     13     11     10      5      5      5      2 
148      0      2      0      2      4      9     14     25     57    144    336    777   1634   3163   5598   8408  11007  12734  12924  11863  10015   7816   5775   4026   2625   1667   1052    615    379    253    190    152    127    127    126    126    119    109     95     79     74     61     59     46     40     36     31     26     19     14     11      6      3      1      1      1      0      0      0 
149      0      4      4      7     15     33     60    137    310    716   1622   3629   7741  15207  26502  40551  53411  61105  62055  56912  48222  37993  27995  19395  12767   8106   4920   3015   1872   1217    825    643    555    509    497    463    453    443    411    374    336    291    262    224    180    158    132    114     88     72     52     43     39     27     21     14      8      7      6 
150      0      2      3      6     11     27     55    126    292    651   1531   3462   7583  14855  26024  39432  51699  59109  59827  54961  46463  36725  26853  18755  12399   7821   4907   3014   1847   1191    844    658    576    538    511    471    476    447    421    402    354    302    254    211    173    135    106     78     66     48     37     31     21     16     10      7      4      1      1 
151      0      2      0      2      5      8     19     40     89    205    509   1173   2492   4790   8346  12767  16771  19172  19589  17989  15241  11964   8806   6137   4097   2679   1625   1041    653    446    307    234    187    171    172    155    135    131    119    102     93     85     76     64     58     52     39     29     24     21     15     11      5      2      1      1      1      1      1 
152      0      3      2      2      3      9     16     29     81    195    453   1006   2096   4166   7256  11135  14680  16771  17106  15638  13316  10505   7750   5393   3595   2276   1366    861    514    326    222    168    144    137    124    118    113    111     98     92     85     83     74     65     62     49     36     23     18     10      5      3      3      1      1      0      0      0      0 
153      0      2      1      4     10     22     40     80    194    459   1040   2306   4842   9471  16542  25214  33194  37885  38368  35237  29845  23403  17307  12083   7992   5008   3059   1847   1158    767    521    419    373    320    298    282    278    257    243    233    221    204    190    162    134    117     86     63     45     35     25     17     17     14      8      8      4      7      6 
154      0      3      2      7     15     29     64    135    318    739   1789   4040   8642  16932  29508  45016  59038  67549  68526  62891  53039  41812  30906  21415  14199   9007   5629   3446   2118   1347    941    728    615    558    530    523    486    466    440    417    385    343    308    270    220    170    142    108     89     69     63     50     37     29     20     12      9      7      5 
155      0      2      0      3      9     20     42     93    202    456   1060   2417   5171  10196  17940  27145  35767  41065  41775  38447  32567  25580  18844  13038   8577   5460   3341   2005   1243    814    580    439    394    383    369    355    335    324    302    278    250    219    201    164    138    100     84     64     54     43     29     22     20     17     13      8      9      7      5 
156      0      2      1      2      2      4     13     31     78    186    436   1025   2160   4267   7448  11187  14672  16886  17211  15776  13349  10580   7809   5298   3510   2265   1412    839    522    335    223    175    152    144    139    137    127    118    105    108     99     87     81     65     52     43     31     25     21     22     18     14     13      8      7      5      4      2      2 
157      0      2      1      2      6     16     32     79    175    364    851   1982   4195   8203  14267  21667  28431  32438  32877  30287  25615  20201  14971  10383   6883   4354   2713   1621    985    655    452    364    337    298    290    273    270    252    243    223    199    166    134    113     96     68     49     34     27     20     16     15      9      7      5      3      3      2      2 
158      0      3      3      8     11     22     45     96    213    474   1068   2345   4971   9800  17057  25991  34202  39073  39556  36338  30636  24163  17779  12285   8117   5160   3198   2003   1248    840    601    473    403    351    320    302    283    280    267    224    185    161    150    128    108     93     77     60     38     26     19     14     11      9      7      4      5      7      7 
159      0      2      0      1      2      7     14     30     67    146    340    807   1771   3466   6025   9151  12139  13964  14214  13056  11042   8705   6399   4438   2892   1775   1098    649    401    261    193    162    147    132    124    117    113    104     93     89     78     72     64     52     48     41     31     28     20     13      7      5      4      1      0      0      0      0      1 
160      0      3      3      8     16     33     67    150    329    767   1750   3903   8287  16234  28245  43007  56285  64501  65638  60117  50818  40128  29546  20487  13552   8570   5241   3216   2007   1309    923    733    643    575    543    513    495    466    453    417    376    327    273    230    208    181    143    118     92     74     57     45     29     20     13     10      8      9      7 
161      0      2      1      3      6     13     26     70    148    346    800   1793   3834   7436  13042  19946  26090  29850  30297  27824  23626  18627  13614   9424   6229   3994   2424   1488    913    599    452    341    283    249    240    225    226    223    199    185    167    150    129    119    101     83     70     56     45     42     29     25     15      9      9      7      5      1      1 
162      0      2      1      5     11     21     35     77    159    374    891   2019   4307   8460  14652  22192  29182  33479  33989  31079  26348  20763  15336  10686   6991   4447   2746   1663   1065    686    455    368    304    296    288    258    255    238    216    195    173    147    132    115     91     79     60     50     37     30     21     12     10      6      4      3      3      2      2 
163      0      2      1      2      6     10     26     53    125    303    687   1522   3250   6411  11174  17034  22462  25624  26070  23939  20306  16063  11775   8213   5473   3383   2113   1277    797    519    388    297    238    212    197    192    174    161    155    154    140    127    112     98     88     72     61     45     30     18     17     11     10      9      7      6      4      3      3 
164      0      3      2      4      8     20     35     81    177    415    951   2155   4676   9088  15744  23822  31450  36005  36511  33566  28473  22434  16516  11502   7526   4783   2933   1770   1121    739    561    450    375    361    340    311    291    268    252    213    188    166    149    138    120     94     74     58     47     32     22     15      8      3      2      3      1      1      2 
165      0      2      0      1      3      6      9     28     59    134    312    701   1483   2882   5014   7634   9992  11477  11689  10780   9130   7292   5341   3765   2484   1545    955    579    337    233    168    131    113     92     93     92     85     78     80     79     71     66     50     39     37     31     28     22     20     13     12      6      5      2      1      0      0      0      0 
166      0      3      2      5     11     24     48    113    234    531   1215   2738   5827  11471  20078  30590  40267  46262  46982  43278  36614  28845  21234  14870   9729   6173   3788   2317   1429    959    694    555    467    443    405    385    359    331    313    278    251    224    207    179    159    120     99     78     64     43     26     15     15     10      9      8      6      7      3 
167      0      2      1      4      9     18     30     72    168    409    968   2195   4659   9079  15885  24177  31665  36169  36873  33818  28658  22536  16732  11584   7640   4821   2942   1760   1102    737    527    416    356    322    321    298    286    266    246    225    210    187    162    132    104     92     69     56     40     33     22     16     11      8      5      4      4      5      4 
168      0      4      7      7     10     17     32     70    159    391    916   2044   4323   8429  14758  22342  29398  33710  34297  31573  26832  21127  15727  10915   7169   4443   2772   1647   1014    663    433    364    328    307    296    292    279    262    247    218    199    186    159    134    110     92     68     54     41     28     21     18     19     19     10      8      6      5      3 
169      0      4      3      5      9     22     48    110    246    583   1298   2856   6090  11958  20858  31587  41243  47157  47793  43981  37312  29287  21701  15204   9979   6276   3826   2343   1498    958    665    524    461    419    422    415    391    382    341    311    293    259    238    193    160    124    101     79     60     45     36     32     24     14     11      9     10      9      4 
170      0      3      4      7      9     16     38     79    167    396    884   2037   4296   8592  14942  22750  30072  34456  35019  32137  27197  21398  15697  10921   7177   4542   2794   1748   1105    714    512    384    334    298    287    278    260    270    258    232    221    185    150    119     92     81     69     61     48     41     29     21     19     14     12      8      5      4      4 
171      0      2      1      3      5      9     19     42    103    222    503   1094   2298   4517   7809  11854  15467  17698  18005  16570  14049  11043   8184   5744   3800   2411   1485    912    582    391    275    220    196    165    162    146    133    121    113    109    101     89     75     62     56     38     29     22     18      8      7      5      5      4      3      1      1      2      2 
172      0      2      1      3      8     16     44     90    191    431    992   2265   4842   9625  16859  25614  33759  38678  39217  36028  30492  23973  17709  12328   8000   5069   3097   1877   1177    763    551    424    370    308    303    308    303    287    262    244    222    198    167    138    115     96     77     57     44     32     23     14     10      5      2      2      3      2      3 
173      0      4      2      6      8     17     32     69    154    370    892   2034   4349   8558  14869  22543  29535  33743  34363  31548  26733  20985  15527  10770   7194   4593   2847   1705   1060    658    466    376    315    294    272    269    252    250    243    220    204    166    143    115     99     83     75     59     45     35     29     21     14     12     11      8      6      5      3 
174      0      3      1      2      6     13     25     55    126    293    720   1572   3391   6675  11583  17613  23134  26478  26983  24756  20894  16459  12156   8490   5663   3525   2177   1320    837    528    385    292    232    199    191    181    185    178    166    153    143    130    110     97     87     77     59     54     50     40     31     24     21     14     11      8      5      4      4 
175      0      4      4      9     17     37     80    156    337    778   1757   3963   8467  16544  28759  43480  57074  65379  66362  60941  51793  40494  29794  20839  13798   8722   5361   3316   2026   1333    938    734    629    586    550    525    501    485    478    463    421    360    318    262    218    175    131     92     71     47     36     32     20     13      7      4      6      5      7 
176      0      2      2      2      5     13     24     57    119    254    603   1394   3000   5895  10173  15433  20267  23312  23648  21676  18320  14383  10578   7321   4846   3121   1929   1205    757    453    322    228    200    185    189    172    174    161    157    145    130    109     85     75     58     53     42     33     27     18     14     11      9     10      4      5      4      4      3 
177      0      3      3      6     12     23     49    107    227    552   1308   2962   6345  12405  21629  32896  43132  49211  49964  45852  38801  30532  22470  15629  10376   6549   4035   2436   1530    981    742    584    489    450    410    387    362    344    326    318    282    248    204    182    151    130    113     82     65     44     36     27     21     16     12      8      3      2      3 
178      0      5      4      9     18     39     83    169    409    891   2060   4651   9980  19588  34195  52190  68439  78406  79688  73367  62015  48826  36072  25136  16594  10587   6524   3874   2350   1528   1075    876    765    702    669    636    609    600    555    509    441    405    347    281    234    187    154    121     89     71     56     40     29     21     14     10      6      3      3 
179      0      3      1      1      5     17     27     76    167    375    912   2055   4424   8753  15192  23061  30422  34903  35605  32642  27615  21812  16141  11282   7550   4668   2897   1727   1077    724    520    394    356    325    313    307    277    245    244    241    229    204    177    151    125     96     83     68     53     37     32     29     22     17     10      5      3      3      3 
180      0      2      2      3      7     15     25     52    114    273    668   1534   3251   6466  11099  16809  22042  25397  25771  23752  20101  15868  11722   8173   5430   3472   2171   1331    805    527    374    290    253    217    201    188    172    165    160    152    139    120    105     96     85     64     52     35     25     23     17     14     11      7      5      4      4      3      3 
181      0      2      0      1      3      6      7     24     54    112    247    566   1202   2356   4125   6229   8094   9300   9408   8669   7289   5733   4246   2991   2029   1287    791    486    289    190    134    100     81     67     69     69     73     72     67     61     58     54     46     40     32     25     19     14     12     12      9      7      4      3      3      1      1      1      0 
182      0      3      2      5     10     17     26     52    118    288    679   1518   3221   6359  11098  16889  22156  25454  25894  23772  20081  15852  11618   8108   5303   3381   2095   1267    758    502    370    298    247    229    212    195    186    168    146    130    117    108    109     97     95     77     67     53     42     35     24     18     15     12      9      6      5      6      4 
183      0      2      1      5      8     14     28     42    103    236    549   1284   2747   5467   9514  14492  19098  21822  22061  20335  17221  13417   9883   6925   4634   2943   1842   1136    711    440    292    236    201    179    165    171    163    148    128    124    114     98     83     68     60     55     45     36     28     17     13      8      5      3      3      3      3      2      2 
184      0      2      1      3      5      8     19     46    103    251    592   1324   2842   5617   9932  15158  19914  22830  23109  21196  17821  14011  10326   7179   4711   2990   1866   1133    693    463    335    258    232    203    182    174    161    146    136    133    119    108     92     85     73     59     42     32     19     17     14     10      8      4      3      3      2      2      3 
185      0      4      3      7     10     22     35     72    154    369    845   1948   4188   8163  14219  21649  28513  32653  33104  30476  25654  20224  14841  10250   6883   4357   2658   1586   1008    647    472    354    301    265    245    225    217    202    188    165    161    153    136    114     92     78     63     49     38     26     17     16     13     10      8      7      5      4      2 
186      0      4      5      7     21     40     80    158    338    774   1824   4103   8659  17030  29693  45130  59357  67748  68700  63079  53358  41916  30883  21470  14061   8825   5420   3362   2041   1319    939    737    638    596    560    534    501    478    464    426    412    383    327    277    218    182    155    125     99     70     53     38     32     23     17     13      9      7      5 
187      0      4      4      5      9     20     35     81    183    431   1008   2265   4838   9433  16421  24928  32924  37873  38450  35443  29926  23505  17304  11951   7857   4957   3038   1854   1120    721    506    388    345    340    299    290    283    253    232    211    193    173    150    134    114     97     81     67     54     38     28     21     16     13      9      7      6      6      5 
188      0      2      1      1      1      4     12     21     62    144    332    759   1606   3095   5308   8036  10510  12034  12311  11279   9525   7467   5490   3852   2524   1615    985    615    372    247    193    149    118    102     98     91     95     94     89     76     64     54     45     39     31     28     22     19     15     11      7      5      4      3      4      2      2      1      1 
189      0      3      2      3     12     18     36     80    198    466   1107   2568   5550  11007  19237  29234  38329  43806  44572  40952  34534  27243  20065  13959   9206   5862   3704   2233   1411    864    600    484    427    379    384    378    355    342    330    306    272    246    225    198    172    141    114     89     70     53     38     24     15     12      9      7      4      4      4 
190      0      3      5      9     16     35     78    158    370    847   1982   4393   9490  18514  32324  49216  64708  73944  75079  68948  58386  45932  33742  23503  15458   9734   5971   3656   2247   1480   1042    829    704    668    630    590    567    542    517    468    435    393    349    288    229    183    148    115     86     67     46     32     25     18     18     16     12     10     10 
191      0      6      9     15     33     58    118    239    542   1268   2952   6742  14512  28477  49953  76073 100034 114380 115974 106573  90011  70634  52055  36271  23937  15164   9355   5783   3629   2423   1756   1366   1141    973    906    875    836    771    722    686    651    596    522    449    379    315    226    181    140    106     83     62     41     32     29     22     20     16     10 
192      0      4      5      7     17     34     59    119    248    599   1338   3118   6657  13147  22920  34853  45957  52494  53196  48961  41311  32616  24033  16705  11071   6954   4196   2555   1522    989    720    573    485    471    419    398    392    388    372    351    316    277    239    206    185    143    118     96     77     54     42     33     21     18     12      7      6      7      8 
193      0      3      2      4      7     15     30     63    123    297    663   1532   3290   6500  11364  17187  22675  25887  26194  23919  20180  15823  11663   8151   5410   3465   2178   1333    814    536    370    293    254    241    219    206    205    199    184    167    146    121    109     85     74     58     44     33     24     20     19     15     10     10      8      4      2      2      2 
194      0      3      1      2      4      7     13     29     62    135    316    713   1557   3030   5255   8040  10575  12169  12406  11406   9663   7639   5641   3983   2649   1662   1002    591    358    229    164    131    120    112    109    106    101     92     92     83     73     68     58     49     38     30     21     16     10      9      6      5      5      4      3      1      1      1      1 
195      0      2      0      1      2      8     21     36     94    237    564   1271   2764   5505   9619  14588  19210  22123  22364  20524  17422  13739  10136   7068   4684   2942   1807   1153    717    461    319    241    210    195    177    164    160    139    143    139    137    126    113     95     76     60     46     34     23     16     15     16     13      9      7      6      5      3      3 
196      0      2      1      3      8     17     33     78    167    401    932   2073   4322   8448  14712  22444  29380  33622  34143  31402  26558  20898  15436  10736   7110   4526   2805   1710   1056    681    483    386    329    282    279    288    279    252    236    220    192    171    143    126    114     93     76     53     36     32     23     20     16      8      4      3      1      1      1 
197      0      2      1      2      3      6     11     30     70    171    396    891   1868   3680   6473   9774  12959  14862  15086  13847  11746   9194   6720   4672   3048   1912   1147    674    413    266    184    144    129    119    108    110    100     95     89     88     94     84     76     63     48     42     30     15     13     10      8      8      8      6      3      2      2      3      2 
198      0      2      2      3      3      8     16     38     97    241    586   1295   2786   5477   9541  14662  19250  22041  22444  20673  17509  13766  10124   7055   4634   2949   1779   1081    667    443    326    256    227    209    206    190    183    172    145    135    128    108     90     73     64     53     47     38     27     21     17     10      9      4      2      2      2      2      2 
199      0      3      2      4      8     16     36     71    160    366    885   1993   4338   8583  14933  22697  29624  33817  34109  31343  26277  20713  15350  10714   7087   4493   2778   1707   1076    723    540    424    341    298    275    261    237    212    208    183    159    146    134    108     92     68     60     50     39     30     20     13     10      9      7      7      4      4      3 
