000      0      6     10     18     32     62     93    137    197    264    359    402    452    451    412    360    299    224    156    105     69     46     32     17 
001      0      5      7     14     25     36     60     98    142    190    217    257    269    278    264    224    185    156    120     96     61     43     25     18 
002      0      6      8     17     28     48     79    135    203    275    355    422    447    444    415    384    322    240    181    119     84     49     35     19 
003      0      3      3      6     12     20     32     51     67    100    123    143    151    149    127    108     89     68     51     40     17     10      6      5 
004      0      4      9     13     22     39     61     74    110    148    179    200    215    206    190    166    126    101     78     58     36     22     14      9 
005      0      5      6     10     21     35     56     85    124    163    210    245    250    245    236    197    153    117     90     69     52     36     24     16 
006      0      2      1      3      6     11     19     25     33     47     54     67     74     79     80     66     61     50     39     29     15      8      4      3 
007      0      3      5      9     19     36     63     99    148    198    235    296    295    306    266    234    200    150    113     77     52     33     23     15 
008      0      2      1      6     12     28     50     76    104    133    170    198    198    208    203    183    144    115     83     57     41     24     18     13 
009      0      2      3      5     12     23     40     61     95    118    150    166    174    167    141    115     92     64     42     29     21     14      9      7 
010      0      2      1      1      5     12     22     44     62     83    100    109    119    117    102     83     67     46     31     24     15      9      7      3 
011      0      4      4     10     15     26     44     69     95    133    168    187    201    201    187    152    122     88     62     36     26     22     16     10 
012      0      5      7     18     35     52     96    166    227    301    361    425    468    454    407    357    291    212    156    105     76     45     26     17 
013      0      3      3     10     20     40     67     95    130    179    228    261    290    289    253    223    193    158    116     72     50     28     15     12 
014      0      4      9     13     33     57     83    125    182    232    277    325    346    351    318    265    218    162    117     78     55     37     23     13 
015      0      4      2      7     13     20     41     58     79    111    138    152    166    165    157    136    111     88     65     51     26     15      9      7 
016      0      4      5     13     22     36     53     94    138    180    226    253    266    243    227    199    165    123     93     66     42     30     21     13 
017      0      4      5      8     19     34     50     85    120    165    210    230    237    239    212    178    130     95     68     41     24     15      8      4 
018      0      3      4      8     16     22     34     57     79     99    139    159    164    159    150    128    106     77     55     37     22     17     11      7 
019      0      5      6     16     29     53     83    126    189    260    330    384    409    405    376    327    252    186    133     94     61     42     24     11 
020      0      2      1      3     11     17     26     42     56     74     84     99    101    108     98     88     75     56     46     37     26     16      8      5 
021      0      3      6      9     12     17     22     30     41     54     72     80     91     89     88     74     63     46     32     22     14      8      7      5 
022      0      3      4      6     12     24     48     67     95    119    149    178    183    192    177    148    125     91     69     50     33     22     12      7 
023      0      4      6     11     20     33     55     79    119    153    199    219    236    233    208    189    159    131     90     60     39     28     20     12 
024      0      5      7     13     22     45     74    112    152    202    241    285    300    288    267    224    180    146    100     67     49     30     17     13 
025      0      3      3      7     11     14     22     40     59     73    101    119    126    123    110     97     80     65     50     37     19     14      8      7 
026      0      5      6      9     18     35     56     91    129    176    216    262    278    265    243    215    185    140    105     72     49     36     23     12 
027      0      3      2      5     11     22     40     64     94    130    162    190    211    218    205    183    157    130    100     67     46     24     11      6 
028      0      4      5      9     25     46     87    127    178    245    298    343    364    368    332    301    250    192    141    102     70     48     31     25 
029      0      4      7     15     22     37     56     85    120    166    204    242    250    261    249    217    163    129    101     70     50     33     18     12 
030      0      3      2      2      3      8     12     17     28     40     52     66     67     69     69     61     53     41     33     18     11      7      6      6 
031      0      5      6     16     27     45     71    107    152    194    240    283    312    319    292    250    211    163    108     81     48     33     24     16 
032      0      5      7     12     19     35     59    102    147    189    246    293    312    308    275    232    185    143    105     77     58     45     30     18 
033      0      3      2      6      8     13     23     40     53     72     97    117    122    116    108     93     72     61     42     29     15      9      7      3 
034      0      6      8     14     23     49     77    126    175    232    289    334    351    342    298    267    222    172    126     91     66     49     31     18 
035      0      3      3      6      9     16     26     39     56     75     89     99    106    111    100     90     74     51     41     26     22     19     11      9 
036      0      5      8     17     35     49     74    124    182    261    311    369    395    394    354    304    246    191    130     81     46     31     21     14 
037      0      6      7     15     29     48     76    108    155    218    277    314    330    327    310    258    220    171    128     95     61     41     29     19 
038      0      5     11     21     38     60    101    160    223    288    362    430    456    462    407    333    266    204    149    106     72     50     28     19 
039      0      4      6     12     20     33     57     85    111    133    175    208    220    220    198    176    141    114     81     51     30     17     10      9 
040      0      4      3     10     20     28     47     73    113    141    182    209    232    236    225    198    157    122     86     61     38     22     17     12 
041      0      6      9     20     38     63     88    135    193    255    316    386    417    414    379    313    266    197    148     90     53     29     16     10 
042      0      3      2      4     12     21     38     62     85    119    144    165    174    174    158    132    111     90     68     49     30     21     14     10 
043      0      4      4      8     14     24     28     46     66     78     93    113    127    126    123    110     90     72     55     41     26     13      7      4 
044      0      3      3      9     14     31     53     87    141    184    228    268    290    295    268    240    199    155    113     82     49     33     18     12 
045      0      5     11     19     35     59     92    138    198    277    373    433    465    469    426    382    320    249    181    120     82     58     36     18 
046      0      4      4      7     10     14     25     43     57     76    102    118    123    136    133    116     97     72     56     36     22     12      7      3 
047      0      4      8     14     29     54     94    149    212    282    363    415    439    437    396    348    286    226    156    108     75     45     25     16 
048      0      4      5     13     23     38     67    103    148    220    257    299    314    305    287    260    207    155    116     90     60     43     31     19 
049      0      3      2      5     13     25     34     50     75    107    130    155    160    158    143    129    108     82     66     43     29     22     14      8 
050      0      5      6      9     16     29     55     94    135    182    248    272    286    275    241    217    171    125     91     60     42     29     16      8 
051      0      3      2      4      8     19     37     51     82    101    132    156    173    169    165    147    122     98     65     41     27     21     13      7 
052      0      4      3      8     17     29     51     77    123    153    180    211    234    237    215    190    154    118     88     69     48     28     19     10 
053      0      3      2      3      5     15     24     38     53     57     81    103    116    115    107     95     76     68     44     26     16     12      7      6 
054      0      3      2      6     12     21     36     60     95    135    170    195    211    208    201    168    136    107     81     53     35     24     19     10 
055      0      3      1      3      9     18     24     34     53     79     94    102    110    102     92     75     65     43     28     20     12      7      7      5 
056      0      2      2      6     10     16     27     38     56     69     74     95    101     98     90     76     57     41     35     23     16      7      4      3 
057      0      2      1      5     11     17     29     51     69    110    133    157    176    176    161    141    117     94     63     41     33     23     17      9 
058      0      5      6      8     11     17     29     51     75    116    148    165    188    189    167    147    114     84     58     36     22     14      9      6 
059      0      5      8     17     37     61    106    151    220    299    369    423    466    461    429    366    296    229    156     99     64     45     34     26 
060      0      3      6      9     16     26     43     71     98    124    159    190    205    202    178    156    125     90     68     46     32     24     18     13 
061      0      3      1      4     13     15     28     48     70     90    120    131    136    130    124    105     81     58     46     34     21      6      5      3 
062      0      2      1      4      7     16     23     32     39     54     59     65     66     70     65     58     48     36     27     18     17     11      5      1 
063      0      3      3      6     13     24     35     56     83    105    125    130    142    141    134    109     90     67     50     32     26     15     11      7 
064      0      5      9     16     25     40     66    109    149    183    226    240    259    251    238    204    165    133     91     66     44     31     25     19 
065      0      8      9     19     38     63    103    167    246    313    383    451    482    490    445    381    312    233    175    122     71     42     31     23 
066      0      4      2      4     11     21     38     68    102    130    177    207    214    208    205    175    142    108     71     46     30     17     10      8 
067      0      3      7     14     26     42     60     86    111    156    183    213    233    237    217    191    152    118     91     63     41     31     20     11 
068      0      3      3      8     19     37     63     89    137    176    215    249    260    256    235    215    170    125     96     68     38     22     18     12 
069      0      4      4      8      9     17     28     44     60     86     99    114    118    119    107     95     83     63     41     26     18     10      2      0 
070      0      3      5     10     16     26     36     62     94    118    156    185    207    211    185    173    143    111     86     62     47     37     23     16 
071      0      2      1      2      2      1      4      9     15     18     25     25     34     31     30     30     24     19     12      6      3      3      2      1 
072      0      3      3      6     11     22     42     66     88    117    137    159    166    171    154    138    107     77     62     41     31     24     16      9 
073      0      5      7     14     25     44     64    102    154    219    267    290    313    303    284    251    205    155    113     77     52     34     19     11 
074      0      3      7     11     23     37     58     85    132    170    208    236    248    245    224    185    149    115     78     53     36     25     10      8 
075      0      2      1      3      6     13     22     33     54     72    101    125    134    140    134    114     97     78     50     36     22     16     15     13 
076      0      3      2      7     15     30     53     75    113    163    204    240    255    249    217    181    137    115     93     60     41     27     13      7 
077      0      5      7     12     23     38     63     90    137    177    220    268    290    270    258    220    163    124     90     60     43     29     21     12 
078      0      3      7     10     20     39     58     88    115    158    207    245    249    257    231    192    148    115     77     51     36     34     23     15 
079      0      2      2     10     17     36     64     99    138    197    246    288    308    293    267    224    185    154    115     76     52     34     16      8 
080      0      6     11     29     47     73    126    176    274    345    418    489    538    530    508    432    339    251    177    127     89     61     44     19 
081      0      2      4      9     20     31     47     80    119    151    194    213    218    220    209    181    148    117     90     66     46     32     19     13 
082      0      5      5      7      9     17     30     46     66     95    115    125    140    138    124    106     88     68     50     42     28     18     15     11 
083      0      2      0      0      1      5      5     11     21     22     27     36     42     45     45     40     34     25     18      8      5      4      1      1 
084      0      4      3      8     15     22     36     52     85    120    144    170    184    182    165    146    115     96     73     55     37     22     15      6 
085      0      4      5      8     19     31     49     74    102    133    175    199    213    218    195    169    139    110     85     58     41     24     18     13 
086      0      2      2      3     11     24     35     65     96    124    155    184    210    213    208    191    158    119     81     60     42     24     13     11 
087      0      3      6      8     19     42     62     93    139    181    231    266    285    288    263    233    175    135    114     81     58     33     17     13 
088      0      4      4     12     25     40     61     97    153    211    269    308    320    337    328    286    231    182    133     94     67     44     22     13 
089      0      4      7     10     18     27     45     71    115    158    191    222    238    231    231    204    168    135    101     75     48     31     19     12 
090      0      2      2      5     10     16     24     37     51     71     94    102    110    107     97     86     66     44     24     20     14      9      8      5 
091      0      7      9     21     40     69    106    157    230    306    391    462    506    506    469    400    327    251    189    142     94     65     43     27 
092      0      6      9     14     23     43     78    123    175    243    303    361    406    402    374    340    291    239    189    141     92     57     35     22 
093      0      2      3     12     18     41     55     88    120    160    201    230    250    243    224    194    159    128    100     80     50     33     21     11 
094      0      4      9     20     38     63    100    148    218    300    365    425    452    445    411    344    291    229    170    113     75     49     27     19 
095      0      3      2      5     14     27     47     77    122    155    203    233    234    243    227    202    160    116     90     62     41     30     21     15 
096      0      4      4      6     16     29     50     86    122    162    203    231    235    239    229    200    162    126     93     72     48     23     14      6 
097      0      2      1      4      8     12     23     36     48     70     90    104    103    105     92     78     60     41     30     17     11      8      5      5 
098      0      4      7      9     14     29     41     53     73     93    124    141    151    143    130    107     86     60     44     29     20     14      8      5 
099      0      4      4     11     33     52     82    116    173    233    295    345    369    368    329    289    224    159    112     81     53     36     25     15 
100      0      5     13     24     37     59     82    123    165    209    276    307    318    309    285    244    201    148    104     74     54     31     18      9 
101      0      6      6     12     24     52     86    129    183    272    323    359    385    390    361    309    265    202    152    113     56     35     24     17 
102      0      4      7     10     23     30     53     74    119    146    182    209    227    232    205    171    146    110     75     49     33     24     11      3 
103      0      2      0      1      4     11     17     23     35     47     53     57     60     59     58     57     48     38     30     27     18     10      6      6 
104      0      3      6     11     17     32     52     76    115    155    189    225    245    249    224    190    156    120     95     71     46     31     23     19 
105      0      3      2      7     10     26     41     65     85    115    136    150    172    167    151    133    113     90     63     40     25     16     11      5 
106      0      5      7     10     19     40     65    107    150    212    256    286    295    302    282    251    201    145    116     80     50     34     20     17 
107      0      4      3      8     17     35     62     98    130    178    218    256    271    258    222    193    162    123     84     59     46     29     19     11 
108      0      4      6     11     22     43     76    121    174    248    321    377    411    402    375    331    244    185    128     93     66     43     26     13 
109      0      2      1      3      9     19     30     42     64     86    102    121    123    123    112     98     77     65     44     34     27     20     14      8 
110      0      4      9     20     32     45     74    124    184    240    290    336    356    353    308    268    230    180    133     89     56     38     24     16 
111      0      3      2      6     10     24     36     52     71     97    124    146    152    153    146    118     91     77     54     36     20     11      6      1 
112      0      3      2      2      3      5      9     17     23     31     35     36     31     32     29     22     16     13      9      7      5      2      1      0 
113      0      2      3      8     20     35     58     74    104    130    158    182    202    193    179    154    126    104     78     54     37     24     15      7 
114      0      3      1      2      5     15     20     30     42     53     73     85     87     93     78     73     55     40     22     17     10      7      4      4 
115      0      3      4      7     12     29     47     72    100    137    167    203    224    226    208    181    144    109     77     51     41     32     21     13 
116      0      4      5     10     15     27     42     67     99    155    186    209    233    227    226    186    156    115     86     61     39     24     16     10 
117      0      2      1      2      8     15     26     50     78     94    110    118    126    121    118    101     81     66     55     43     29     21      9      4 
118      0      4      4      4     10     18     28     40     68     92    117    133    145    141    133    115     92     68     45     32     20     11      8      4 
119      0      4      3      6     17     31     61     97    155    206    259    292    307    302    263    226    173    127     93     63     37     24     12      2 
120      0      4      6     11     20     39     69    104    162    228    303    338    368    369    359    303    247    191    139     98     72     43     25     16 
121      0      3      4      8     11     20     36     47     68     93    121    136    141    142    137    111     87     66     48     31     23     14      9      5 
122      0      3      4      9     18     32     50     71     97    134    159    181    178    172    146    134     96     77     55     40     30     23     14      9 
123      0      6     11     24     40     76    120    182    271    365    466    520    539    528    490    417    350    276    214    151    103     57     37     22 
124      0      5      7     16     30     59     95    144    202    280    345    391    413    418    397    336    266    203    164    116     80     54     31     20 
125      0      4      7     17     26     46     74    120    173    235    287    330    339    326    301    262    223    169    123     89     57     40     22     13 
126      0      4      5     14     29     49     75    119    184    253    325    369    400    385    350    305    241    193    157    115     76     45     27     18 
127      0      2      3      6      7     11     20     26     43     63     78     97    108    111    108     92     78     63     44     31     21     15     13     10 
128      0      4      9     16     29     51     81    123    171    242    311    369    393    381    362    309    256    201    138     97     72     43     29     22 
129      0      3      5      6     13     22     37     58     88    117    144    163    172    167    161    143    114     92     67     51     31     23     16     11 
130      0      4      3      6     13     24     44     67     94    137    163    184    203    212    178    162    134    110     80     52     40     23     13      8 
131      0      3      3     10     23     40     60     96    141    206    254    317    338    338    320    259    206    150    113     70     41     24     17     14 
132      0      3      2      2      7     14     20     37     57     71     93    114    126    120    105    102     81     63     48     36     22     12     10      3 
133      0      3      2      4      8     18     27     43     77    106    137    166    176    178    166    149    115     86     60     35     27     15     10      5 
134      0      4      4     10     20     26     46     76    113    146    194    223    233    231    209    191    160    118     81     49     35     25     19     13 
135      0      4      8     14     29     46     60    102    140    200    269    321    358    360    329    280    218    174    129     86     56     36     26     11 
136      0      4      3      5     12     27     46     84    126    176    216    243    245    245    222    194    158    113     83     67     44     28     19     13 
137      0      2      1      2      5     10     14     19     22     32     38     53     56     59     58     51     42     34     25     21     12      9      4      3 
138      0      3      4      6     12     27     48     69    102    145    186    209    230    233    212    174    139    106     76     58     37     21     13      6 
139      0      2      1      3      7     17     30     42     61     82    110    120    135    128    113    101     80     63     50     27     23     15     11      7 
140      0      4      8     20     43     81    129    202    283    405    519    594    661    676    621    565    468    377    263    194    138     91     57     34 
141      0      5      7     11     24     44     70    113    170    226    285    316    335    326    299    264    213    166    115     79     52     31     16      9 
142      0      5      8     14     22     38     59     98    142    195    249    268    291    286    247    207    160    131     91     71     48     27     18     13 
143      0      2      2      4     12     25     51     79    121    162    200    224    236    235    213    183    150    117     85     58     40     27     17     12 
144      0      2      1      2      3      8     12     17     25     34     44     53     56     61     56     51     34     26     20     13      9      8      5      4 
145      0      6     10     19     30     48     73    106    154    192    227    259    300    305    263    241    193    140    104     75     53     28     14      4 
146      0      5     10     23     46     73    110    159    254    364    457    522    526    522    503    424    340    269    193    136     87     58     36     23 
147      0      3      2      4      8     15     25     44     70     95    116    135    153    148    135    117     99     79     56     39     29     16      8      6 
148      0      3      2      7     11     21     31     50     70     97    114    120    119    122    108     95     79     59     44     31     18      7      6      4 
149      0      4      5      8     15     29     44     71    104    139    180    217    247    248    233    201    164    124     87     65     44     33     22     13 
150      0      2      2      9     16     28     52     84    124    164    208    234    258    253    237    210    164    120     91     62     45     28     16     10 
151      0      6     12     23     42     81    157    256    354    474    580    690    736    727    674    564    440    351    243    169    113     78     50     31 
152      0      5      9     19     34     58     97    154    224    323    386    444    486    482    432    391    332    255    176    121     82     61     40     26 
153      0      3      3      9     14     23     39     72    123    163    206    234    238    242    226    193    148    119     84     56     40     23     18     10 
154      0      3      4      9     14     23     39     61     88    133    161    183    203    208    186    166    139    104     73     60     47     23     15      6 
155      0      3      2      3      6      8     17     27     38     45     60     73     76     77     76     68     56     44     25     18     11      9      5      6 
156      0      4      6     12     21     38     65     96    153    207    256    304    337    325    293    241    187    135     93     54     41     28     19     14 
157      0      5      5     15     31     54     85    122    180    241    301    343    390    382    350    299    252    188    140    109     67     41     28     16 
158      0      2      1      3      8     14     27     43     64     85    108    121    133    134    130    115     93     73     53     38     35     23     15      7 
159      0      3      2      6     11     19     30     48     65     99    125    143    150    150    144    121    108     80     67     42     30     21     15     13 
160      0      3      3      7     11     20     33     52     67     95    114    136    147    154    136    118     89     66     53     33     24     17     11      8 
161      0      5     10     18     24     37     62    102    138    192    239    284    308    315    302    262    213    168    124     91     55     34     24     18 
162      0      3      4     11     24     48     78    127    185    263    317    371    398    394    356    306    242    182    128     90     60     43     27     23 
163      0      5      6     15     19     33     58    100    151    210    247    293    334    338    309    274    212    165    125     97     54     42     27     18 
164      0      5      9     18     26     47     80    114    153    215    269    301    316    304    274    241    184    140    103     70     48     27     20     12 
165      0      4      7     13     23     41     53     66     98    133    167    199    218    218    193    163    131    100     65     41     30     20     17     13 
166      0      3      3      6     15     24     43     64    103    141    163    188    206    183    154    132    103     77     50     41     30     19     16     11 
167      0      3      4      8     14     26     39     58     84    128    154    184    204    192    173    145    118     90     55     38     21     11      7      2 
168      0      5      7     17     30     58     98    160    236    320    402    488    520    522    475    416    342    261    194    135     93     66     39     24 
169      0      3      2      4      5      7     20     28     45     58     69     79     84     77     69     58     44     30     19     14      7      5      3      3 
170      0      3      3      8     16     32     56     74    107    154    194    225    241    244    233    199    164    116     83     53     41     28     20     13 
171      0      3      4      8     15     23     43     54     78    112    135    143    149    150    137    114     87     73     53     36     26     18     12      8 
172      0      3      4     10     21     34     50     83    129    162    195    225    237    236    223    199    158    126     80     50     32     23     13      3 
173      0      5      8     14     25     47     79    128    186    233    293    339    366    361    317    274    218    164    111     74     58     38     24     16 
174      0      3      3      6     14     23     34     49     68     93    119    126    139    147    140    127    102     70     47     28     20     10      5      4 
175      0      3      5     10     17     24     41     68     95    132    161    190    211    218    210    168    136    112     83     54     38     29     20     12 
176      0      3      5      9     16     31     59     87    114    148    185    212    227    225    213    189    151    105     78     53     38     27     18     16 
177      0      5      6     11     21     40     63     95    134    174    224    257    274    278    269    233    198    155    118     87     60     43     31     20 
178      0      3      4      7     12     25     44     72    112    139    174    225    241    248    207    166    128     99     69     40     21     15     14      5 
179      0      2      0      4     12     23     39     56     79    113    138    159    162    162    146    121    102     79     63     39     28     18      7      6 
180      0      2      0      1      5     12     21     32     43     56     74     92     98     93     92     77     70     52     31     25     18     11     11      8 
181      0      3      3      6     15     23     43     61     83    113    149    171    196    191    169    146    118     88     62     47     33     17     13     10 
182      0      3      2      4     10     17     26     40     55     70     89    101    112    105    102     88     71     60     46     37     28     21     10      9 
183      0      3      4      7     13     24     45     76    112    158    201    228    250    242    230    200    167    128     95     71     47     30     21     11 
184      0      2      1      7     10     16     25     35     51     67     89     98    113    109     97     84     63     47     33     22     17      9      5      3 
185      0      7     11     20     41     72    128    189    273    371    491    561    577    567    505    431    350    272    198    147    104     65     35     22 
186      0      4      6     11     17     31     56     79    112    157    193    227    241    242    241    201    164    129     97     68     50     33     20     12 
187      0      3      3      7     14     16     24     42     60     90    119    142    142    131    123    114     88     66     45     29     19     12     10      4 
188      0      3      6     13     28     45     66     96    122    181    232    264    281    278    256    225    181    135     99     74     52     33     27     22 
189      0      3      6     13     26     46     69    104    161    210    275    321    335    347    317    274    236    175    127     83     58     37     16     12 
190      0      2      1      5     10     20     35     63     97    132    178    193    218    206    181    156    118     94     68     44     28     14      9      2 
191      0      3      4      7     14     24     44     79    114    162    211    250    252    252    238    195    161    125     81     51     31     18      9      7 
192      0      4      5     13     24     37     63     90    116    165    196    229    253    247    215    187    155    124     80     53     31     23     14      9 
193      0      3      3      6     13     25     37     55     77    103    126    152    148    145    145    131    104     79     56     37     20     11      6      5 
194      0      2      0      2      5     10     14     19     35     53     69     80     86     83     77     67     55     40     30     22     16     11      8      4 
195      0      5      6     10     23     32     54     79    106    137    182    213    228    232    212    175    142    113     86     60     43     32     24     13 
196      0      4      7     14     22     41     72    127    178    251    317    369    407    382    357    296    231    160    108     72     48     30     23     18 
197      0      5      5      9     17     18     34     57     82    121    158    192    201    187    168    141    116     85     66     40     29     21     13     10 
198      0      3      4     10     21     39     60     87    127    169    215    255    271    278    242    218    175    135     96     64     44     23     17     12 
199      0      3      2      8     15     26     45     75    108    161    197    245    267    255    232    212    167    130     90     58     32     23     14      8 
