000      0      0      2      2      2      2      3      4      5      9     11     17     22     27     34     38     48     57     67     76     73     77     73     68 
001      0      0      2      2      2      2      3      3      3      3      6      8     13     16     20     23     28     34     37     38     39     39     38     34 
002      0      0      2      2      2      2      2      2      3      3      4      4      8     10     17     21     28     29     35     38     43     44     46     42 
003      0      0      2      2      2      2      2      2      3      4      5     12     16     21     30     40     53     57     62     66     67     71     67     62 
004      0      0      2      2      2      2      3      3      3      4      7     10     11     17     20     23     27     33     37     40     42     40     35     31 
005      0      0      1      1      1      1      1      1      2      4      7      9     10     11     12     15     21     25     29     28     27     28     28     28 
006      0      0      2      2      2      2      2      3      3      3      3      3     10     13     22     29     36     40     44     47     49     50     50     46 
007      0      0      2      2      2      2      2      2      2      4      8     11     16     27     27     37     57     69     77     79     83     86     89     83 
008      0      0      2      2      2      2      3      3      4      4      8     13     18     26     34     44     57     61     66     75     81     80     77     73 
009      0      0      2      2      2      2      2      4      4      7     11     22     26     34     44     52     60     65     78     81     87     85     81     73 
010      0      0      2      2      2      3      3      3      8     11     13     19     24     27     40     54     62     71     81     89     92     98     97     94 
011      0      0      2      2      2      2      2      2      2      3      6      8      9     13     21     25     32     38     44     48     50     49     48     43 
012      0      0      2      2      2      2      3      3      6      7      7      6     10     15     19     25     33     40     46     46     54     54     52     51 
013      0      0      2      2      2      2      3      3      3      3      7      7     12     16     18     21     29     29     30     31     33     34     30     24 
014      0      0      2      2      2      2      3      4      7     10     13     17     24     34     49     50     61     78     79     83     85     87     83     76 
015      0      0      2      2      2      2      2      2      2      3      4      6     11     13     15     22     26     32     35     39     40     42     37     36 
016      0      0      2      2      2      2      2      2      3      3      5      5      5      8     12     14     16     15     18     19     22     23     23     20 
017      0      0      2      2      2      2      2      2      2      2      4      4      6      7      8     11     14     18     19     18     19     19     18     17 
018      0      0      1      1      1      1      2      2      3      3      3      6     10     15     21     28     31     33     42     44     44     46     44     39 
019      0      0      2      2      2      2      2      2      3      5      6      9     15     18     23     27     31     34     34     37     40     38     38     33 
020      0      0      2      2      2      2      2      2      3      4      4      7     11     18     29     35     42     49     56     60     61     64     62     57 
021      0      0      2      2      2      2      2      2      2      3      3      3      4      8     12     17     22     25     25     26     28     28     28     25 
022      0      0      2      2      2      2      2      2      2      3      4      4      4      6      8      9     13     15     16     15     16     16     15     15 
023      0      0      2      2      2      2      2      2      2      4      5      6      9     11     12     15     17     21     24     23     22     23     25     22 
024      0      0      2      2      3      3      3      4      6      8      9     10     10     13     15     20     27     30     33     38     41     39     37     38 
025      0      0      2      2      2      2      2      2      4      5      7     10     15     21     33     38     51     59     66     68     71     70     70     62 
026      0      0      2      2      3      3      4      4      4      6      6      7     11     10     11     14     13     17     18     19     17     18     19     19 
027      0      0      1      1      1      2      2      2      3      3      6      7     12     19     30     39     48     55     59     61     63     65     67     60 
028      0      0      2      2      2      2      2      3      3      5      7     10     16     19     22     32     37     45     48     51     52     54     52     45 
029      0      0      2      2      2      2      2      4      6      9     12     14     24     31     39     47     55     62     72     75     74     73     72     70 
030      0      0      2      2      2      2      2      2      2      2      2      4      6      4      7     11     15     18     19     22     23     22     22     23 
031      0      0      2      2      2      2      2      2      2      2      2      5     10     18     27     31     36     42     48     55     55     56     57     53 
032      0      0      2      2      2      2      2      2      2      2      2      2      1      2      2      2      3      3      3      3      3      3      3      3 
033      0      0      2      2      2      3      3      4      5      6      7     10     13     14     21     26     34     36     37     40     44     43     43     39 
034      0      0      2      2      2      2      2      3      5      5      8      8     10     15     21     30     33     39     42     41     42     45     42     40 
035      0      0      2      2      2      2      3      4      5      6     10     12     18     27     36     45     50     59     61     62     63     64     63     60 
036      0      0      2      2      2      2      2      2      2      2      5      7     11     17     20     25     33     36     39     40     40     38     37     36 
037      0      0      2      2      2      2      3      3      3      3      4      6      9     11     14     18     20     21     27     31     33     34     33     30 
038      0      0      2      2      2      2      3      4      4      8     10     12     20     24     27     36     44     49     63     73     73     72     64     62 
039      0      0      2      2      2      2      2      3      5      8      9      9     13     19     28     35     41     49     63     68     73     72     70     66 
040      0      0      2      2      2      2      2      2      3      5      9     17     26     39     50     70     93    101    112    119    119    120    112    108 
041      0      0      2      2      2      2      2      2      2      3      3      4      5      6      7      6      6      6      9     10     10      9      8      7 
042      0      0      2      2      2      2      2      2      2      3      3      4      6      8      8     13     15     19     21     22     24     24     25     23 
043      0      0      2      2      2      2      2      2      2      2      6      8     10     13     20     27     37     38     48     52     53     55     55     51 
044      0      0      2      2      2      2      2      2      2      4      5      6      8     11     14     17     18     21     24     29     32     29     27     26 
045      0      0      2      2      2      2      2      3      5      6     11     19     26     33     44     61     67     77     80     89     93     92     90     82 
046      0      0      2      2      2      2      2      2      3      4      6      8     16     21     31     42     54     64     69     75     77     77     71     65 
047      0      0      2      2      3      3      3      3      6      7     13     17     23     30     51     69     85     91    105    114    113    118    115    114 
048      0      0      1      1      1      1      1      2      2      4      4      9     11     18     19     26     31     39     50     55     58     59     54     51 
049      0      0      2      2      2      2      2      2      2      3      3      6      6     10     14     13     16     18     19     20     21     21     19     17 
050      0      0      2      2      2      2      2      3      4      6      9     15     20     27     41     51     62     69     78     83     89     91     87     79 
051      0      0      2      2      2      2      2      2      3      6      7     10     12     15     20     24     26     28     33     37     36     37     35     32 
052      0      0      2      2      2      3      3      6     11     14     23     30     39     48     57     76     99    118    126    134    137    136    129    127 
053      0      0      2      2      2      2      2      3      5     11     13     18     19     23     28     35     41     48     53     54     56     55     56     58 
054      0      0      2      2      2      2      2      3      3      5     10     13     18     28     37     46     58     68     84     86     88     86     85     82 
055      0      0      2      2      2      3      3      5      5      7     10     12     15     24     28     32     38     41     47     52     53     51     47     43 
056      0      0      2      2      2      2      2      2      2      2      3      7     11     14     19     26     30     35     39     43     45     48     47     42 
057      0      0      2      2      2      3      4      4      8      9     11     19     24     29     35     43     55     57     66     71     69     69     65     56 
058      0      0      2      2      2      2      3      3      4      6      9     11     13     18     22     27     34     40     45     50     48     48     47     46 
059      0      0      2      2      2      2      2      3      4      4      5     11     20     27     34     49     56     68     73     83     84     84     82     76 
060      0      0      2      2      2      2      2      3      3      7     16     22     31     41     56     63     83    100    107    118    121    116    114    104 
061      0      0      2      2      2      2      2      2      2      3      6     15     18     18     25     30     36     42     46     50     54     52     51     43 
062      0      0      2      2      2      2      3      3      3      5      6      8     13     18     21     23     33     40     41     41     43     46     43     40 
063      0      0      2      2      2      2      2      2      3      4      9      9     12     17     21     28     34     38     44     49     47     45     40     38 
064      0      0      2      2      3      3      6      6      6     10     17     25     35     43     57     71     91    106    117    122    131    133    133    123 
065      0      0      2      2      2      2      2      2      2      3      5      7      7     11     19     21     27     30     32     37     38     39     39     37 
066      0      0      2      2      2      3      4      4      5      9     11     13     19     27     37     46     54     62     67     72     77     76     70     62 
067      0      0      2      2      2      3      5      5      6      7     14     20     34     60     74     91    108    129    144    154    158    162    153    138 
068      0      0      2      2      2      2      3      4      5      6     10     15     17     24     28     38     46     51     56     61     66     65     64     61 
069      0      0      2      2      2      2      2      4      5      8     10     11     15     27     40     45     52     63     72     80     82     82     80     76 
070      0      0      2      2      2      3      3      6      7      8     12     16     20     27     34     43     50     54     60     65     66     65     63     59 
071      0      0      2      2      2      2      3      3      3      4      8     13     16     28     36     48     61     74     80     81     84     86     85     82 
072      0      0      2      2      2      3      3      3      3      4      8     17     29     39     50     64     78     91     99    104    108    105     95     89 
073      0      0      2      2      2      2      2      2      3      4      7      8     10     11     13     17     21     26     27     27     29     28     27     26 
074      0      0      2      2      2      2      2      2      2      4      4      5      8     11     13     13     18     20     21     23     23     21     19     18 
075      0      0      2      3      3      3      3      3      5      6      7     11     19     22     24     36     41     50     57     63     67     66     66     61 
076      0      0      2      2      2      2      2      2      4      6      9     14     23     31     40     45     52     58     63     65     65     64     58     58 
077      0      0      2      2      2      2      2      3      6      8     18     25     36     46     54     75     91    107    126    131    137    142    135    128 
078      0      0      2      2      2      2      3      6      8     13     20     33     45     67     91    115    141    158    178    198    198    201    199    185 
079      0      0      2      2      2      3      5      6      6      8     17     22     33     47     67     83    105    125    143    151    159    158    153    140 
080      0      0      2      2      2      2      2      2      2      6      9     18     27     27     36     47     55     64     69     73     77     77     77     67 
081      0      0      2      2      2      2      2      3      4      5      6     10     13     23     32     47     52     62     72     76     79     77     75     73 
082      0      0      2      2      2      2      3      4      4      4      4      4      6      9     11     12     19     22     22     23     26     24     24     23 
083      0      0      2      2      3      3      4      4      4      4      4      3      6     12     16     19     23     34     37     41     45     47     47     46 
084      0      0      2      2      2      2      2      2      3      5      7      8     13     15     20     23     25     34     37     35     35     38     38     34 
085      0      0      2      2      2      2      2      2      2      4      6      6      7     10     20     29     34     38     41     47     46     45     43     44 
086      0      0      2      2      2      2      2      2      3      3      7     12     20     27     41     51     57     65     71     75     83     80     76     74 
087      0      0      2      2      2      2      3      3      4      4      5      5      8     12     23     26     25     27     35     38     40     39     37     35 
088      0      0      2      2      2      2      2      3      3      6      8     12     16     19     26     32     36     51     54     61     60     55     53     50 
089      0      0      2      2      2      2      2      3      6      9     15     21     28     36     47     58     71     79     90     94     99    105    107    100 
090      0      0      2      2      2      2      2      3      4      5      7      8     12     19     23     32     39     42     46     53     62     62     59     53 
091      0      0      2      2      2      2      2      2      2      2      3      8     13     16     16     22     30     35     39     44     49     49     47     43 
092      0      0      2      2      2      2      2      3      4      7      8     12     14     17     22     30     32     41     45     53     50     53     54     54 
093      0      0      2      2      2      2      2      2      2      2      2      2      5      8     13     15     18     20     23     25     26     25     25     22 
094      0      0      2      2      2      2      2      4      6      8      9     11     14     17     21     29     35     42     48     47     44     43     43     40 
095      0      0      2      2      2      2      2      3      4      5      6      8     13     17     22     26     31     40     45     51     51     52     51     51 
096      0      0      2      2      2      2      2      2      4      4      4      5      8     14     20     22     25     26     28     33     34     32     33     31 
097      0      0      2      2      2      2      2      2      2      2      2      1      1      3      5      8      8      9     10     10     12     12     12     11 
098      0      0      2      2      2      2      3      3      3      5      6      8     11     16     17     23     25     30     30     35     36     36     32     29 
099      0      0      2      2      2      2      2      2      3      3      5      4      7      8      9     12     18     21     23     27     26     25     24     24 
100      0      0      2      2      2      2      2      3      6      6      9     13     15     18     25     32     40     50     62     70     70     71     70     65 
101      0      0      2      2      2      2      2      3      3      4      5      8     12     12     13     14     21     23     23     25     30     28     26     23 
102      0      0      2      2      2      2      2      2      5      9     13     16     26     32     41     54     64     75     81     90     94     97     93     85 
103      0      0      2      2      2      2      3      4      6      8     13     22     33     42     59     75     90    109    123    125    133    129    123    114 
104      0      0      2      2      3      3      5      5      6     12     13     25     34     54     73     97    114    132    156    164    175    170    165    160 
105      0      0      2      2      2      2      2      3      3      5      8     11     18     23     29     32     41     45     52     55     57     52     47     45 
106      0      0      2      2      2      2      2      4      5      6      6      7     12     16     19     29     35     41     46     53     55     55     55     51 
107      0      0      2      2      2      2      2      2      3      3      4     11     13     22     31     40     50     55     61     68     70     69     68     63 
108      0      0      2      2      2      2      2      2      3      3      4      8      9     10     16     25     29     36     40     43     47     47     48     46 
109      0      0      2      2      2      2      2      3      4      4      4      4      8     14     19     20     26     28     30     36     37     35     30     27 
110      0      0      2      2      2      2      2      2      2      2      5      6      8     10     11     12     18     22     23     25     32     34     36     36 
111      0      0      2      2      2      2      4      7      8      9     12     13     19     29     37     50     57     64     69     77     82     84     82     75 
112      0      0      2      2      2      2      2      2      3      5      7     14     20     26     35     41     51     56     60     63     62     62     60     55 
113      0      0      2      2      2      2      3      4      5      5      8     12     18     20     21     30     42     47     56     66     68     66     65     66 
114      0      0      2      2      2      3      4      4      7      8      9     12     17     19     23     26     33     35     44     49     51     53     53     49 
115      0      0      2      2      2      2      4      4      7     10     13     14     14     18     21     25     31     38     45     50     53     53     56     53 
116      0      0      2      2      2      2      2      2      2      3      5      6     11     12     13     18     23     27     31     37     37     37     35     34 
117      0      0      2      2      2      3      3      3      4      6      8     16     25     30     34     46     57     67     75     80     81     79     76     73 
118      0      0      2      2      2      3      3      4      4      6     10     12     21     29     37     49     58     65     75     81     83     84     81     75 
119      0      0      2      2      2      2      5      6      8     12     20     28     35     52     67     79     98    121    140    151    158    159    150    138 
120      0      0      2      2      2      2      2      2      3      4      5      6      7     10     15     22     28     31     40     47     51     50     49     50 
121      0      0      2      2      2      2      3      3      5      5      6      8      9     10     12     17     21     24     28     32     30     32     32     33 
122      0      0      2      2      2      2      2      2      2      2      2      3      5      7     11     17     23     25     27     28     28     30     31     29 
123      0      0      2      2      2      2      2      2      2      3      4      9     10     13     20     32     37     42     46     49     50     46     42     41 
124      0      0      2      2      2      2      2      2      4      5      7     10     16     17     22     28     35     42     47     55     54     53     50     49 
125      0      0      2      2      2      2      2      3      4      6      7      9     12     14     14     16     21     27     28     28     26     26     26     23 
126      0      0      1      1      1      1      1      1      3      3      5     10     12     26     30     41     49     59     66     72     79     80     78     77 
127      0      0      2      2      2      2      2      5      5      5      6     12     17     24     30     37     45     51     58     63     66     67     62     56 
128      0      0      2      2      2      2      2      2      3      3      7     11     15     16     19     22     26     31     37     42     44     44     41     41 
129      0      0      2      2      2      2      2      2      5      7     10     13     19     31     39     48     56     64     68     74     77     77     72     64 
130      0      0      2      2      2      2      2      2      3      5      6      8     11     17     23     30     33     40     42     46     46     47     47     43 
131      0      0      2      2      2      2      2      2      3      5      6      6      7      6      6      8     15     17     21     21     18     18     19     18 
132      0      0      2      2      2      2      2      2      3      4      5      8     13     17     20     26     30     36     41     45     48     50     48     48 
133      0      0      2      2      2      2      3      3      5      7     12     14     16     21     24     24     28     36     39     41     39     39     37     32 
134      0      0      2      2      2      2      3      4      4      4      8      8     10     15     19     23     32     36     46     49     48     48     46     46 
135      0      0      2      2      2      3      3      5      5     12     19     29     38     48     64     90    106    133    144    155    154    161    160    149 
136      0      0      2      2      2      2      2      2      2      2      5      7      7      7      6      8     11     17     17     19     18     16     16     16 
137      0      0      2      3      3      4      4      4      6      7      8     14     24     32     51     74     86    100    115    122    128    125    121    111 
138      0      0      2      2      2      3      3      3      5      8     10     14     17     29     43     49     53     59     68     72     72     70     66     57 
139      0      0      2      2      2      2      3      3      4      8      8     11     18     21     24     26     31     32     36     41     46     46     45     44 
140      0      0      2      2      2      2      2      4      5      8     12     21     32     40     55     67     81     95    103    112    115    111    108    102 
141      0      0      2      2      2      2      3      3      4      4      6      6      9      8     12     14     20     21     25     29     30     30     29     28 
142      0      0      2      2      2      2      2      3      5      8      9     13     18     29     42     50     61     69     77     82     88     88     83     82 
143      0      0      2      2      2      2      2      4      4      6     11     16     21     29     40     55     67     78     85     89     88     88     85     84 
144      0      0      2      2      2      4      4      4      6      9     13     17     32     45     56     70     84     98    108    113    116    116    112    108 
145      0      0      2      2      2      2      2      3      5      7     11     16     31     45     58     73     89    106    119    127    138    140    139    129 
146      0      0      2      2      2      2      2      2      3      3      3      9     10     12     16     23     28     30     33     35     36     34     31     26 
147      0      0      2      2      2      2      2      2      3      5      8     10      8     14     19     25     29     32     33     35     36     37     35     34 
148      0      0      2      2      2      3      3      5      5      7      9     16     19     28     36     41     53     58     63     69     70     70     68     60 
149      0      0      2      2      2      2      2      2      6      9     10     11     12     16     21     27     31     35     41     45     48     44     43     43 
150      0      0      2      2      2      2      2      2      2      2      2      3      4      7     10     12     13     17     22     23     25     25     23     22 
151      0      0      2      2      2      2      2      2      2      2      2      2      1      2      3      3      5      5      6      7      8      9      9      9 
152      0      0      2      2      2      2      2      3      3      3      3      4      9     12     20     25     29     32     35     39     41     41     41     39 
153      0      0      2      2      2      2      3      3      5      6      8      8      9     12     18     23     29     34     34     37     42     41     40     37 
154      0      0      2      2      2      3      3      4      4      4      8     11      9     10     14     17     23     27     29     35     36     35     35     34 
155      0      0      2      2      2      2      2      3      4      6      8     11     17     22     36     41     48     50     52     55     52     51     54     49 
156      0      0      2      2      2      2      2      2      5      9     13     19     23     29     36     44     60     75     86     95    101     97     94     91 
157      0      0      2      3      3      3      3      3      3      4     10     12     18     22     33     45     53     58     63     66     67     68     67     64 
158      0      0      2      2      2      2      3      4      8     12     12     15     21     30     42     56     82     98    106    111    114    114    115    114 
159      0      0      2      2      2      2      5      5      5      8     16     18     24     33     44     59     71     86     92     97     98    103    103     98 
160      0      0      2      2      2      3      4      4      5      6      8     10     19     26     35     44     54     61     65     69     72     67     65     56 
161      0      0      2      2      2      2      3      5      5      6      9     11     14     21     26     36     45     51     61     69     78     80     81     79 
162      0      0      2      2      2      2      2      4      5      8     10     14     17     22     38     51     65     75     81     87     88     91     96     97 
163      0      0      2      2      2      2      3      4      5      8     14     22     31     39     57     73     87     99    111    124    131    132    127    121 
164      0      0      2      2      2      2      2      3      3      5      9     11     11     12     16     23     30     35     39     42     39     38     36     37 
165      0      0      2      2      2      2      3      4      5      5      6      6      6      8     10     13     14     18     21     24     25     27     27     29 
166      0      0      2      2      2      2      3      3      3      5      9     10     12     18     22     31     36     41     43     44     45     46     46     42 
167      0      0      2      2      2      2      2      3      3      4      4      5      6     12     14     17     22     26     30     31     33     32     30     24 
168      0      0      2      2      2      3      3      3      3      8     11     15     22     36     38     44     51     61     65     68     73     71     69     63 
169      0      0      2      2      2      2      2      2      3      4     10     14     19     31     51     62     77     95    110    117    122    117    118    113 
170      0      0      2      2      2      2      2      2      3      4      8     11     16     24     36     42     50     67     79     88     89     93     93     91 
171      0      0      2      2      2      2      3      5      5      6      8     13     20     24     35     44     50     57     61     66     70     68     69     65 
172      0      0      2      2      2      2      2      2      4      4      9     14     17     26     35     43     55     65     76     79     81     85     80     76 
173      0      0      2      2      2      2      2      4      4      7     15     20     25     28     38     42     53     66     75     82     81     80     75     71 
174      0      0      2      2      2      2      3      4      4      4      5     10     12     20     26     34     44     47     51     52     53     56     54     48 
175      0      0      2      2      2      2      2      2      3      5      8     10     16     22     27     32     33     33     35     35     38     34     29     28 
176      0      0      2      2      2      2      2      2      3      3      4      4      5      4      5      8     10     11     10     10     10     10     10      9 
177      0      0      2      2      2      3      3      3      4      8     15     19     28     42     59     74     84     93    109    114    120    115    113    108 
178      0      0      2      2      2      2      2      2      3      3      3      3      7     12     14     17     22     27     31     35     37     38     33     33 
179      0      0      2      2      2      2      2      2      2      2      2      2      1      2      1      2      2      2      3      3      3      3      3      3 
180      0      0      2      2      2      2      3      4      4      6      8     11     14     16     17     21     23     24     22     21     22     24     22     20 
181      0      0      2      2      2      2      2      2      3      3      4      5      5      7     12     18     20     25     29     28     28     31     29     29 
182      0      0      2      2      2      2      2      4      6      8      9     14     21     27     26     31     38     41     46     48     44     45     43     40 
183      0      0      2      2      2      2      3      3      5      5      5      3      6     12     20     27     37     46     56     61     63     62     66     63 
184      0      0      2      2      2      2      2      2      2      3      3      4      8     12     21     26     35     41     48     54     56     56     56     52 
185      0      0      2      2      2      2      2      2      3      4      7      8     10     11     14     19     26     30     35     36     34     34     33     31 
186      0      0      2      2      2      2      3      4      4      6     10     14     17     22     30     39     47     60     64     65     68     65     64     61 
187      0      0      2      2      2      2      2      2      2      2      4      7      7      9     14     18     18     18     20     19     22     24     24     20 
188      0      0      2      2      2      2      2      3      5      7      9     10     15     21     35     43     52     62     71     78     80     79     79     77 
189      0      0      2      2      2      2      3      3      6      6      7      9     11     14     25     31     43     53     60     62     64     61     57     54 
190      0      0      2      2      2      2      2      3      3      7     10     12     17     30     39     49     59     67     73     75     81     83     83     78 
191      0      0      2      2      2      2      2      3      7     10     16     21     22     26     36     56     69     82     99    104    113    113    111    107 
192      0      0      2      2      2      2      2      2      3      4      4      6      9     12     19     22     28     33     39     47     50     56     56     54 
193      0      0      2      2      2      2      2      2      3      5      7      8     12     19     22     29     31     38     40     43     40     38     35     30 
194      0      0      2      2      2      2      2      3      4      6      6      8     14     14     20     21     24     24     25     28     26     26     22     23 
195      0      0      2      2      2      2      2      3      3      3      3      5      9     15     20     25     27     27     31     31     34     33     34     32 
196      0      0      2      2      2      2      2      2      3      5      7      7      7     10     12     17     19     21     21     27     28     28     30     28 
197      0      0      2      2      2      2      2      2      2      3      4      6      7     13     17     19     22     26     28     29     32     30     31     29 
198      0      0      2      2      2      2      2      3      6      8     11     14     28     38     48     66     76     87     96    104    110    111    109    100 
199      0      0      2      2      2      2      3      3      4      4      8     12     11     19     27     30     35     38     47     51     53     53     50     47 
