000      0      0      0      0      0      0      0      0      0      0      0      0      0      0      0      0      0      0      0      2      3      6     11     15 
001      0      0      0      0      0      0      0      0      0      0      0      0      0      0      0      0      0      0      0      0      1      3      3      7 
002      0      0      0      0      0      0      0      0      0      0      0      0      0      0      0      0      0      0      1      2      2      4      6     13 
003      0      0      0      0      0      0      0      0      0      0      0      0      0      0      0      0      0      0      0      0      0      5      7      7 
004      0      0      0      0      0      0      0      0      0      0      0      0      0      0      0      0      0      0      0      2      2      2      4      5 
005      0      0      0      0      0      0      0      0      0      0      0      0      0      0      0      0      0      0      0      0      1      1      3      4 
006      0      0      0      0      0      0      0      0      0      0      0      0      0      0      0      0      0      0      1      1      1      1      3      4 
007      0      0      0      0      0      0      0      0      0      0      0      0      0      0      0      0      0      0      0      0      1      1      2      5 
008      0      0      0      0      0      0      0      0      0      0      0      0      0      0      0      0      0      0      0      0      0      2      3      4 
009      0      0      0      0      0      0      0      0      0      0      0      0      0      0      0      0      0      0      0      0      0      3      4      5 
010      0      0      0      0      0      0      0      0      0      0      0      0      0      0      0      0      0      0      0      0      1      2      3      6 
011      0      0      0      0      0      0      0      0      0      0      0      0      0      0      0      0      0      0      0      0      1      1      2      4 
012      0      0      0      0      0      0      0      0      0      0      0      0      0      0      0      0      0      0      0      0      1      3      8     12 
013      0      0      0      0      0      0      0      0      0      0      0      0      0      0      0      0      0      0      1      1      2      2      3      5 
014      0      0      0      0      0      0      0      0      0      0      0      0      0      0      0      0      0      0      0      0      3      5      6     13 
015      0      0      0      0      0      0      0      0      0      0      0      0      0      0      0      0      0      0      0      0      0      1      4      5 
016      0      0      0      0      0      0      0      0      0      0      0      0      0      0      0      0      0      0      0      0      1      2      5      9 
017      0      0      0      0      0      0      0      0      0      0      0      0      0      0      0      0      0      0      1      1      1      2      5      7 
018      0      0      0      0      0      0      0      0      0      0      0      0      0      0      0      0      0      0      0      2      2      3      4      8 
019      0      0      0      0      0      0      0      0      0      0      0      0      0      0      0      0      0      0      0      1      1      3      5      8 
020      0      0      0      0      0      0      0      0      0      0      0      0      0      0      0      0      0      0      0      2      3      6      7      7 
021      0      0      0      0      0      0      0      0      0      0      0      0      0      0      0      0      0      0      0      1      1      1      3      4 
022      0      0      0      0      0      0      0      0      0      0      0      0      0      0      0      0      0      0      0      0      1      2      5      8 
023      0      0      0      0      0      0      0      0      0      0      0      0      0      0      0      0      0      0      0      0      1      2      6      7 
024      0      0      0      0      0      0      0      0      0      0      0      0      0      0      0      0      0      0      0      0      0      1      4      7 
025      0      0      0      0      0      0      0      0      0      0      0      0      0      0      0      0      0      0      1      1      1      2      2      2 
026      0      0      0      0      0      0      0      0      0      0      0      0      0      0      0      0      0      0      0      0      0      2      3      8 
027      0      0      0      0      0      0      0      0      0      0      0      0      0      0      0      0      0      0      0      0      0      2      3      7 
028      0      0      0      0      0      0      0      0      0      0      0      0      0      0      0      0      0      0      0      0      2      5      6     14 
029      0      0      0      0      0      0      0      0      0      0      0      0      0      0      0      0      0      0      0      0      2      3      6     11 
030      0      0      0      0      0      0      0      0      0      0      0      0      0      0      0      0      0      0      0      0      0      0      2      2 
031      0      0      0      0      0      0      0      0      0      0      0      0      0      0      0      0      0      0      0      0      2      6      8      9 
032      0      0      0      0      0      0      0      0      0      0      0      0      0      0      0      0      0      0      0      0      0      5      9     10 
033      0      0      0      0      0      0      0      0      0      0      0      0      0      0      0      0      0      0      0      0      0      1      4      6 
034      0      0      0      0      0      0      0      0      0      0      0      0      0      0      0      1      1      1      1      1      1      3      5      9 
035      0      0      0      0      0      0      0      0      0      0      0      0      0      0      0      0      0      0      0      1      2      3      3      5 
036      0      0      0      0      0      0      0      0      0      0      0      0      0      0      0      0      0      0      0      2      3      5     12     15 
037      0      0      0      0      0      0      0      0      0      0      0      0      0      0      0      0      0      0      1      1      3      7      9     13 
038      0      0      0      0      0      0      0      0      0      0      0      0      0      0      0      0      0      0      0      0      2      2      7     17 
039      0      0      0      0      0      0      0      0      0      0      0      0      0      0      0      0      0      0      0      0      1      3      6     12 
040      0      0      0      0      0      0      0      0      0      0      0      0      0      0      0      0      0      0      0      2      2      3      4      9 
041      0      0      0      0      0      0      0      0      0      0      0      0      0      0      0      0      0      0      0      0      2      4      6     12 
042      0      0      0      0      0      0      0      0      0      0      0      0      0      0      0      0      0      0      0      0      1      2      2      3 
043      0      0      0      0      0      0      0      0      0      0      0      0      0      0      0      0      0      0      0      0      0      1      2      5 
044      0      0      0      0      0      0      0      0      0      0      0      0      0      0      0      0      0      0      0      0      2      3      5      8 
045      0      0      0      0      0      0      0      0      0      0      0      0      0      0      0      0      0      0      0      2      2      3      8     14 
046      0      0      0      0      0      0      0      0      0      0      0      0      0      0      0      0      0      0      1      1      1      2      3      4 
047      0      0      0      0      0      0      0      0      0      0      0      0      0      0      0      0      0      0      0      0      1      4      7     10 
048      0      0      0      0      0      0      0      0      0      0      0      0      0      0      0      0      0      0      0      3      4      5      7     10 
049      0      0      0      0      0      0      0      0      0      0      0      0      0      0      0      0      0      0      0      0      1      2      2      3 
050      0      0      0      0      0      0      0      0      0      0      0      0      0      0      0      0      0      0      1      1      1      1      1      4 
051      0      0      0      0      0      0      0      0      0      0      0      0      0      0      0      0      0      0      0      0      0      0      1      4 
052      0      0      0      0      0      0      0      0      0      0      0      0      0      0      0      0      0      0      0      0      2      2      6      9 
053      0      0      0      0      0      0      0      0      0      0      0      0      0      0      0      0      0      0      0      0      0      2      4      7 
054      0      0      0      0      0      0      0      0      0      0      0      0      0      0      0      0      0      0      0      0      1      1      2      3 
055      0      0      0      0      0      0      0      0      0      0      0      0      0      0      0      0      0      0      0      0      0      0      0      0 
056      0      0      0      0      0      0      0      0      0      0      0      0      0      0      0      0      0      0      0      0      0      1      2      3 
057      0      0      0      0      0      0      0      0      0      0      0      0      0      0      0      0      0      0      0      0      1      1      3      4 
058      0      0      0      0      0      0      0      0      0      0      0      0      0      0      0      0      0      0      0      0      0      1      2      5 
059      0      0      0      0      0      0      0      0      0      0      0      0      0      0      0      0      0      0      1      1      2      5      7     11 
060      0      0      0      0      0      0      0      0      0      0      0      0      0      0      0      0      0      0      0      1      3      3      4      8 
061      0      0      0      0      0      0      0      0      0      0      0      0      0      0      0      0      0      0      0      0      0      0      1      1 
062      0      0      0      0      0      0      0      0      0      0      0      0      0      0      0      0      0      0      0      0      0      1      1      2 
063      0      0      0      0      0      0      0      0      0      0      0      0      0      0      0      0      0      0      0      0      0      1      2      3 
064      0      0      0      0      0      0      0      0      0      0      0      0      0      0      0      0      0      0      0      0      0      2      2      5 
065      0      0      0      0      0      0      0      0      0      0      0      0      0      0      0      0      0      1      1      2      2      7     11     17 
066      0      0      0      0      0      0      0      0      0      0      0      0      0      0      0      0      0      0      0      0      0      0      3      4 
067      0      0      0      0      0      0      0      0      0      0      0      0      0      0      0      0      0      0      0      1      1      1      5      7 
068      0      0      0      0      0      0      0      0      0      0      0      0      0      0      0      0      0      0      0      0      0      1      4      8 
069      0      0      0      0      0      0      0      0      0      0      0      0      0      0      0      0      0      0      0      0      0      2      2      2 
070      0      0      0      0      0      0      0      0      0      0      0      0      0      0      0      0      0      0      1      1      1      4      4      8 
071      0      0      0      0      0      0      0      0      0      0      0      0      0      0      0      0      0      0      0      0      1      2      2      2 
072      0      0      0      0      0      0      0      0      0      0      0      0      0      0      0      0      0      0      0      0      1      2      2      4 
073      0      0      0      0      0      0      0      0      0      0      0      0      0      0      0      0      0      0      0      2      3      6      8     10 
074      0      0      0      0      0      0      0      0      0      0      0      0      0      0      0      0      0      0      0      0      0      2      3      5 
075      0      0      0      0      0      0      0      0      0      0      0      0      0      0      0      0      0      0      0      0      0      1      2      4 
076      0      0      0      0      0      0      0      0      0      0      0      0      0      0      0      0      0      0      0      0      2      3      3      9 
077      0      0      0      0      0      0      0      0      0      0      0      0      0      0      0      0      0      0      1      2      2      3      3      6 
078      0      0      0      0      0      0      0      0      0      0      0      0      0      0      0      0      0      0      0      0      0      2      4      9 
079      0      0      0      0      0      0      0      0      0      0      0      0      0      0      0      0      0      0      1      1      1      1      2      7 
080      0      0      0      0      0      0      0      0      0      0      0      0      0      0      0      0      0      0      0      1      1      5      7     13 
081      0      0      0      0      0      0      0      0      0      0      0      0      0      0      0      0      0      0      0      0      1      3      3      6 
082      0      0      0      0      0      0      0      0      0      0      0      0      0      0      0      0      0      0      0      0      0      2      4      5 
083      0      0      0      0      0      0      0      0      0      0      0      0      0      0      0      0      0      0      0      1      1      1      2      2 
084      0      0      0      0      0      0      0      0      0      0      0      0      0      0      0      0      0      0      0      0      2      6      6      6 
085      0      0      0      0      0      0      0      0      0      0      0      0      0      0      0      0      0      0      0      1      2      4      5     10 
086      0      0      0      0      0      0      0      0      0      0      0      0      0      0      0      0      0      0      0      0      0      1      4      7 
087      0      0      0      0      0      0      0      0      0      0      0      0      0      0      0      0      0      0      0      0      0      3      6      8 
088      0      0      0      0      0      0      0      0      0      0      0      0      0      0      0      0      0      0      0      0      1      1      5      7 
089      0      0      0      0      0      0      0      0      0      0      0      0      0      0      0      0      0      0      0      0      2      4      7     11 
090      0      0      0      0      0      0      0      0      0      0      0      0      0      0      0      0      0      0      0      0      0      0      0      1 
091      0      0      0      0      0      0      0      0      0      0      0      0      0      0      0      0      0      0      0      0      1      3      8     13 
092      0      0      0      0      0      0      0      0      0      0      0      0      0      0      0      0      0      0      0      1      3      5      8     15 
093      0      0      0      0      0      0      0      0      0      0      0      0      0      0      0      0      0      0      0      0      0      1      1      4 
094      0      0      0      0      0      0      0      0      0      0      0      0      0      0      0      0      0      0      0      2      2      3      9     16 
095      0      0      0      0      0      0      0      0      0      0      0      0      0      0      0      0      0      0      0      1      1      2      5      6 
096      0      0      0      0      0      0      0      0      0      0      0      0      0      0      0      0      0      0      0      1      2      3      5      9 
097      0      0      0      0      0      0      0      0      0      0      0      0      0      0      0      0      0      0      0      0      0      1      4      4 
098      0      0      0      0      0      0      0      0      0      0      0      0      0      0      0      0      0      0      0      1      1      3      7      8 
099      0      0      0      0      0      0      0      0      0      0      0      0      0      0      0      0      0      0      0      0      0      1      4     11 
100      0      0      0      0      0      0      0      0      0      0      0      0      0      0      0      0      0      0      0      0      2      3      7     14 
101      0      0      0      0      0      0      0      0      0      0      0      0      0      0      0      0      0      0      0      0      1      2      5     12 
102      0      0      0      0      0      0      0      0      0      0      0      0      0      0      0      0      0      0      0      0      1      1      1      1 
103      0      0      0      0      0      0      0      0      0      0      0      0      0      0      0      0      0      0      0      0      0      0      0      2 
104      0      0      0      0      0      0      0      0      0      0      0      0      0      0      0      0      0      0      0      0      0      0      3      4 
105      0      0      0      0      0      0      0      0      0      0      0      0      0      0      0      0      0      0      0      0      0      3      8      8 
106      0      0      0      0      0      0      0      0      0      0      0      0      0      0      0      0      0      1      2      2      2      3      7      9 
107      0      0      0      0      0      0      0      0      0      0      0      0      0      0      0      0      0      0      1      1      1      1      1      3 
108      0      0      0      0      0      0      0      0      0      0      0      0      0      0      0      0      0      0      0      0      2      2      7      8 
109      0      0      0      0      0      0      0      0      0      0      0      0      0      0      0      0      0      0      0      1      2      3      3      3 
110      0      0      0      0      0      0      0      0      0      0      0      0      0      0      0      0      0      0      0      1      2      4     10     15 
111      0      0      0      0      0      0      0      0      0      0      0      0      0      0      0      0      0      0      0      0      0      1      1      2 
112      0      0      0      0      0      0      0      0      0      0      0      0      0      0      0      0      0      0      0      0      0      0      0      0 
113      0      0      0      0      0      0      0      0      0      0      0      0      0      0      0      0      0      0      0      2      3      3      5      7 
114      0      0      0      0      0      0      0      0      0      0      0      0      0      0      0      0      0      0      1      1      1      2      3      3 
115      0      0      0      0      0      0      0      0      0      0      0      0      0      0      0      0      0      0      0      1      1      4      5      8 
116      0      0      0      0      0      0      0      0      0      0      0      0      0      0      0      0      0      0      0      0      1      2      5      7 
117      0      0      0      0      0      0      0      0      0      0      0      0      0      0      0      0      0      0      0      0      0      0      0      0 
118      0      0      0      0      0      0      0      0      0      0      0      0      0      0      0      0      0      0      0      0      0      0      2      4 
119      0      0      0      0      0      0      0      0      0      0      0      0      0      0      0      0      0      0      0      0      0      1      2      5 
120      0      0      0      0      0      0      0      0      0      0      0      0      0      0      0      0      0      0      0      1      1      1      1      4 
121      0      0      0      0      0      0      0      0      0      0      0      0      0      0      0      0      0      0      0      1      2      2      4      8 
122      0      0      0      0      0      0      0      0      0      0      0      0      0      0      0      0      0      0      0      0      1      2      3      8 
123      0      0      0      0      0      0      0      0      0      0      0      0      0      0      0      0      0      0      0      0      1      2      8     12 
124      0      0      0      0      0      0      0      0      0      0      0      0      0      0      0      0      0      0      0      0      1      3      6     12 
125      0      0      0      0      0      0      0      0      0      0      0      0      0      0      0      0      0      0      1      1      1      3      6     11 
126      0      0      0      0      0      0      0      0      0      0      0      0      0      0      0      0      0      0      0      0      0      1      4      6 
127      0      0      0      0      0      0      0      0      0      0      0      0      0      0      0      0      0      0      0      0      0      0      0      2 
128      0      0      0      0      0      0      0      0      0      0      0      0      0      0      0      0      0      0      0      1      1      1      3      8 
129      0      0      0      0      0      0      0      0      0      0      0      0      0      0      0      0      0      0      0      0      0      0      2      2 
130      0      0      0      0      0      0      0      0      0      0      0      0      0      0      0      0      0      0      0      0      0      1      4      6 
131      0      0      0      0      0      0      0      0      0      0      0      0      0      0      0      0      0      0      0      0      2      3      5     11 
132      0      0      0      0      0      0      0      0      0      0      0      0      0      0      0      0      0      0      0      0      0      1      2      5 
133      0      0      0      0      0      0      0      0      0      0      0      0      0      0      0      0      0      0      0      0      1      3      4      5 
134      0      0      0      0      0      0      0      0      0      0      0      0      0      0      0      0      0      0      0      0      1      4      5      8 
135      0      0      0      0      0      0      0      0      0      0      0      0      0      0      0      0      0      0      1      1      2      4      5      7 
136      0      0      0      0      0      0      0      0      0      0      0      0      0      0      0      0      0      0      0      0      0      1      2      3 
137      0      0      0      0      0      0      0      0      0      0      0      0      0      0      0      0      0      0      1      1      1      1      1      2 
138      0      0      0      0      0      0      0      0      0      0      0      0      0      0      0      0      0      0      0      0      1      3      4      6 
139      0      0      0      0      0      0      0      0      0      0      0      0      0      0      0      0      0      0      0      0      0      1      1      3 
140      0      0      0      0      0      0      0      0      0      0      0      0      0      0      0      0      0      0      2      2      2      5     11     19 
141      0      0      0      0      0      0      0      0      0      0      0      0      0      0      0      0      0      0      0      0      0      2      3      7 
142      0      0      0      0      0      0      0      0      0      0      0      0      0      0      0      0      0      0      0      0      0      2      5      8 
143      0      0      0      0      0      0      0      0      0      0      0      0      0      0      0      0      0      0      0      0      1      1      3      4 
144      0      0      0      0      0      0      0      0      0      0      0      0      0      0      0      0      0      0      0      1      1      1      2      3 
145      0      0      0      0      0      0      0      0      0      0      0      0      0      0      0      0      0      0      0      0      0      1      3     13 
146      0      0      0      0      0      0      0      0      0      0      0      0      0      0      0      0      0      0      0      0      3      6     11     22 
147      0      0      0      0      0      0      0      0      0      0      0      0      0      0      0      0      0      0      0      0      0      3      4      4 
148      0      0      0      0      0      0      0      0      0      0      0      0      0      0      0      0      0      0      0      0      0      1      3      3 
149      0      0      0      0      0      0      0      0      0      0      0      0      0      0      0      0      0      0      0      0      0      1      2      8 
150      0      0      0      0      0      0      0      0      0      0      0      0      0      0      0      0      0      0      0      0      0      0      1      4 
151      0      0      0      0      0      0      0      0      0      0      0      0      0      0      0      0      0      0      0      1      1      3      6     22 
152      0      0      0      0      0      0      0      0      0      0      0      0      0      0      0      0      0      1      1      1      2      8     10     18 
153      0      0      0      0      0      0      0      0      0      0      0      0      0      0      0      0      0      0      0      1      1      2      4      8 
154      0      0      0      0      0      0      0      0      0      0      0      0      0      0      0      0      0      0      0      0      1      2      5      5 
155      0      0      0      0      0      0      0      0      0      0      0      0      0      0      0      0      0      0      0      0      0      0      3      4 
156      0      0      0      0      0      0      0      0      0      0      0      0      0      0      0      0      0      0      0      0      1      1      3      8 
157      0      0      0      0      0      0      0      0      0      0      0      0      0      0      0      0      0      0      0      0      0      4      9     15 
158      0      0      0      0      0      0      0      0      0      0      0      0      0      0      0      0      0      0      0      0      0      1      2      3 
159      0      0      0      0      0      0      0      0      0      0      0      0      0      0      0      0      0      0      0      1      1      2      4      4 
160      0      0      0      0      0      0      0      0      0      0      0      0      0      0      0      0      0      0      0      0      1      1      2      3 
161      0      0      0      0      0      0      0      0      0      0      0      0      0      0      0      0      0      0      0      1      2      4      5      9 
162      0      0      0      0      0      0      0      0      0      0      0      0      0      0      0      0      0      0      0      0      0      2      5      6 
163      0      0      0      0      0      0      0      0      0      0      0      0      0      0      0      0      0      0      0      0      0      1      3      5 
164      0      0      0      0      0      0      0      0      0      0      0      0      0      0      0      0      0      0      0      0      2      4      7     12 
165      0      0      0      0      0      0      0      0      0      0      0      0      0      0      0      0      0      0      1      1      3      5      6     10 
166      0      0      0      0      0      0      0      0      0      0      0      0      0      0      0      0      0      0      0      0      0      2      3      5 
167      0      0      0      0      0      0      0      0      0      0      0      0      0      0      0      0      0      0      0      0      2      3      5      7 
168      0      0      0      0      0      0      0      0      0      0      0      0      0      0      0      0      0      0      0      1      1      2      5     12 
169      0      0      0      0      0      0      0      0      0      0      0      0      0      0      0      0      0      0      0      1      1      2      2      3 
170      0      0      0      0      0      0      0      0      0      0      0      0      0      0      0      0      0      0      0      0      3      3      5      6 
171      0      0      0      0      0      0      0      0      0      0      0      0      0      0      0      0      0      0      1      1      1      1      2      3 
172      0      0      0      0      0      0      0      0      0      0      0      0      0      0      0      0      0      0      1      1      1      3      8     10 
173      0      0      0      0      0      0      0      0      0      0      0      0      0      0      0      0      0      0      0      0      2      2      4      6 
174      0      0      0      0      0      0      0      0      0      0      0      0      0      0      0      0      0      0      0      0      1      1      3      5 
175      0      0      0      0      0      0      0      0      0      0      0      0      0      0      0      0      0      0      0      0      1      1      1      3 
176      0      0      0      0      0      0      0      0      0      0      0      0      0      0      0      0      0      0      0      0      0      2      4      8 
177      0      0      0      0      0      0      0      0      0      0      0      0      0      0      0      0      0      0      0      0      0      1      4      8 
178      0      0      0      0      0      0      0      0      0      0      0      0      0      0      0      0      0      0      0      0      1      2      3      7 
179      0      0      0      0      0      0      0      0      0      0      0      0      0      0      0      0      0      0      0      0      1      2      2      3 
180      0      0      0      0      0      0      0      0      0      0      0      0      0      0      0      0      0      0      0      1      1      2      2      5 
181      0      0      0      0      0      0      0      0      0      0      0      0      0      0      0      0      0      0      0      0      0      1      3      5 
182      0      0      0      0      0      0      0      0      0      0      0      0      0      0      0      0      0      0      0      1      1      1      2      3 
183      0      0      0      0      0      0      0      0      0      0      0      0      0      0      0      0      0      0      0      1      2      4      6      9 
184      0      0      0      0      0      0      0      0      0      0      0      0      0      0      0      0      0      0      0      0      1      1      1      3 
185      0      0      0      0      0      0      0      0      0      0      0      0      0      0      0      0      0      0      0      0      0      6     10     18 
186      0      0      0      0      0      0      0      0      0      0      0      0      0      0      0      0      0      0      0      0      0      0      2      4 
187      0      0      0      0      0      0      0      0      0      0      0      0      0      0      0      0      0      0      0      0      0      1      5      7 
188      0      0      0      0      0      0      0      0      0      0      0      0      0      0      0      0      0      0      0      1      1      3      5     10 
189      0      0      0      0      0      0      0      0      0      0      0      0      0      0      0      0      0      0      1      1      2      2      4      9 
190      0      0      0      0      0      0      0      0      0      0      0      0      0      0      0      0      0      0      0      1      1      1      4      4 
191      0      0      0      0      0      0      0      0      0      0      0      0      0      0      0      0      0      0      1      1      1      2      4      7 
192      0      0      0      0      0      0      0      0      0      0      0      0      0      0      0      0      0      0      0      0      1      1      4     10 
193      0      0      0      0      0      0      0      0      0      0      0      0      0      0      0      0      0      0      0      0      0      2      3      5 
194      0      0      0      0      0      0      0      0      0      0      0      0      0      0      0      0      0      0      0      2      2      2      2      3 
195      0      0      0      0      0      0      0      0      0      0      0      0      0      0      0      0      0      0      0      0      0      2      5      7 
196      0      0      0      0      0      0      0      0      0      0      0      0      0      0      0      0      0      0      1      1      2      3      3      6 
197      0      0      0      0      0      0      0      0      0      0      0      0      0      0      0      0      0      0      0      0      0      3      6      6 
198      0      0      0      0      0      0      0      0      0      0      0      0      0      0      0      0      0      0      1      1      1      2      4      6 
199      0      0      0      0      0      0      0      0      0      0      0      0      0      0      0      0      0      0      0      0      0      3      3      5 
