000      2      0      0      0      0      0      7     16     23     37     51     81    102    158    204    252    297    339    373    383    369    335    278    228 
001      2      0      0      0      0      0      0      4     10     18     40     61     86    112    142    177    202    209    222    211    217    194    174    146 
002      2      0      0      0      1      2      6      8     19     28     34     59     89    130    178    222    257    317    335    359    348    332    278    230 
003      2      0      0      0      0      1      2      5      8     14     19     32     40     50     72     87    101    111    123    120    115    103     90     74 
004      2      0      0      0      0      1      3      9     13     17     32     49     62     87    104    135    167    180    185    179    178    157    131    107 
005      2      0      0      0      0      0      1      3      6     15     21     36     57     91    111    145    182    198    204    204    194    170    145    119 
006      2      0      0      0      0      0      2      2      4      8     12     14     17     19     25     37     43     50     57     61     64     61     55     47 
007      2      0      0      0      0      0      0      1      6     14     33     48     83     98    144    172    198    213    226    233    218    207    171    145 
008      2      0      0      0      0      0      0      1      3     10     18     38     66     80     98    126    154    172    180    184    167    162    143    121 
009      2      0      0      0      0      0      0      2      6     14     20     31     45     62     88    105    122    139    150    146    125    105     86     70 
010      2      0      0      0      0      0      0      0      2      5      9     18     31     46     63     79     90    105    110     99     91     78     62     49 
011      2      0      0      0      1      2      2      6      7     11     19     31     48     71     96    126    152    173    174    183    171    144    119    100 
012      2      0      0      0      0      5      6      6     13     28     49     69     98    160    224    267    308    356    378    380    356    335    284    219 
013      2      0      0      0      0      0      1      4      8     13     24     38     53     80    108    133    154    176    203    214    208    200    178    155 
014      2      0      0      0      0      1      3      9     12     26     46     65     88    117    161    208    233    259    275    284    275    251    217    184 
015      2      0      0      0      0      1      1      2      5      8     15     25     37     57     69     92    109    119    124    124    122    122    112     92 
016      2      0      0      0      1      1      2      2      6     17     27     40     69    111    135    161    188    208    212    208    205    177    151    118 
017      2      0      0      1      1      1      2      5      9     13     26     43     70     91    121    153    185    195    198    206    199    175    140    107 
018      2      0      0      0      0      1      2      4      8     12     15     27     41     61     78    100    109    127    131    130    124    118    103     85 
019      2      0      0      0      0      1      3      6     12     22     37     57     96    136    179    228    288    328    353    341    329    300    260    219 
020      2      0      0      0      0      0      1      2      6      9     16     18     27     32     46     60     74     80     81     85     83     83     72     54 
021      2      0      0      0      1      1      1      3      6      9     12     16     24     28     35     45     52     62     70     71     66     59     48     44 
022      2      0      0      0      0      0      1      1      4     15     23     35     53     68     87    113    130    148    161    154    146    128    112     95 
023      2      0      0      0      0      0      1      4      5     14     21     35     50     76    101    120    141    158    182    190    189    165    141    124 
024      2      0      0      0      0      0      3      4      8     20     40     62     82    106    144    184    210    224    244    244    239    226    197    152 
025      2      0      0      0      1      1      1      2      4      9     14     23     33     47     61     77     87     90     94     99     99     86     82     61 
026      2      0      0      0      0      0      2      5      8     12     25     44     68     98    128    163    188    218    225    229    216    194    173    151 
027      2      0      0      0      0      0      0      1      8     13     20     36     51     64     86    108    128    142    157    166    168    161    150    127 
028      2      0      0      0      0      2      3      8     13     22     45     73    102    133    180    216    249    282    288    289    280    263    227    191 
029      2      0      0      0      0      0      3      6     10     17     29     43     62     88    114    145    183    194    197    200    186    179    160    133 
030      2      0      0      0      0      0      1      1      1      3      5      9     15     18     22     28     37     43     44     55     55     54     49     38 
031      2      0      0      0      0      1      5      8     14     27     41     56     74    109    142    180    213    228    260    255    250    236    202    159 
032      2      0      0      0      1      1      4      5     12     18     28     47     70    100    141    183    221    236    255    247    235    211    177    149 
033      2      0      0      0      0      0      0      2      6      8     17     25     35     50     63     68     84     89     97     89     86     81     68     59 
034      2      0      0      1      2      2      5      8     10     19     37     59     87    127    172    214    234    260    270    270    262    231    201    167 
035      2      0      0      0      0      0      2      3      6      7     10     19     28     32     48     62     73     86     86     88     80     72     62     52 
036      2      0      0      0      1      1      7     13     22     30     49     71     98    132    190    237    278    305    335    337    325    295    254    207 
037      2      0      0      0      0      1      3      6     14     26     36     56     89    121    150    204    221    241    253    261    247    216    194    163 
038      2      0      0      0      0      1      4      7     20     37     55     79    116    163    219    288    331    363    377    374    356    309    269    226 
039      2      0      0      0      0      1      3      6     15     24     35     48     69     81    103    125    148    163    172    169    168    154    139    116 
040      2      0      0      0      1      1      2      5      7     15     22     35     55     77    101    122    151    164    183    187    184    165    145    116 
041      2      0      0      0      0      0      4      8     14     25     39     56     87    121    178    226    262    298    316    325    315    283    255    211 
042      2      0      0      0      0      0      0      0      6      8     19     24     36     53     78    102    123    137    146    151    148    122    110     87 
043      2      0      0      0      0      0      0      0      1      6     17     25     35     49     61     70     84     91     92     95     98     95     85     77 
044      2      0      0      0      0      0      3      4      6     17     25     36     57     82    122    148    183    215    227    235    227    205    186    152 
045      2      0      0      0      1      2      7     11     20     31     43     68    103    150    206    245    289    331    366    377    362    334    291    259 
046      2      0      0      0      0      0      0      2      3      8     10     17     32     40     55     69     81    100    103    108    107     92     89     74 
047      2      0      0      0      0      2      5     12     18     32     45     70    109    150    204    250    294    323    346    357    334    304    273    233 
048      2      0      0      0      1      2      3      7     12     15     28     53     84    123    157    183    219    248    259    247    246    225    199    169 
049      2      0      0      0      0      0      1      1      6     13     17     28     45     61     83    100    115    130    132    129    121    115    101     92 
050      2      0      0      0      1      1      2      3      8     17     17     41     67     98    138    168    203    225    240    241    229    212    179    145 
051      2      0      0      0      1      1      1      3      4      8     15     23     34     52     71     91    109    118    140    142    139    120    106     94 
052      2      0      0      0      0      1      2      3      4     15     28     44     59     78    108    133    156    181    186    177    169    161    135    117 
053      2      0      0      0      0      0      1      1      6     11     12     17     23     31     45     53     70     71     86     93     85     81     70     56 
054      2      0      0      0      0      0      1      3      7      9     17     26     47     61     80    107    137    153    171    171    159    144    123    110 
055      2      0      0      0      0      0      0      0      1      2      5     19     27     40     55     71     80     91     96     85     79     76     66     52 
056      2      0      0      0      0      0      0      2      3      4     12     16     22     33     43     56     70     79     77     80     77     73     63     53 
057      2      0      0      0      0      1      3      3      6      9     14     26     36     49     66     83     99    113    125    133    122    120    109     97 
058      2      0      0      0      0      2      3      5      7     10     14     27     39     54     80     98    121    139    151    151    146    130    112     81 
059      2      0      0      0      0      1      2      9     15     30     46     67     97    150    192    254    302    337    370    385    369    324    278    227 
060      2      0      0      0      0      0      1      2      5     12     21     30     50     68     94    122    144    166    175    168    156    139    112     87 
061      2      0      0      0      0      1      1      2      5     11     13     22     38     54     66     87    102    118    119    116    109    108     87     68 
062      2      0      0      0      0      0      1      2      4      6      9     18     25     29     35     39     44     51     52     54     46     47     42     42 
063      2      0      0      0      0      0      0      2      5     10     20     31     41     60     71     90    101    109    114    120    104    100     82     72 
064      2      0      0      0      1      1      1      5     11     19     34     56     79    112    137    173    198    217    229    219    201    191    159    129 
065      2      0      0      0      0      2      5      8     18     32     54     78    126    174    226    290    341    381    396    407    393    361    301    256 
066      2      0      0      0      0      0      2      2      6     11     18     29     52     75     93    114    137    156    174    187    180    162    138    117 
067      2      0      0      0      0      0      1      3     13     19     28     41     60     81    105    132    155    174    182    189    179    158    141    120 
068      2      0      0      0      0      0      2      6      8     17     29     48     76    107    133    157    186    213    209    210    203    180    148    121 
069      2      0      0      0      1      1      2      3      5     10     16     23     38     50     64     71     82     96    103    106     97     95     87     72 
070      2      0      0      0      0      0      0      1      3     10     18     28     38     57     79    104    123    142    152    156    147    135    118    105 
071      2      0      0      0      0      1      1      1      1      2      2      5      5      8     10     12     16     21     24     28     31     27     23     22 
072      2      0      0      0      0      0      1      5      5     11     18     30     41     59     80     91    114    128    132    141    129    120    104     83 
073      2      0      0      0      1      3      5      6     11     22     35     49     79    117    153    186    227    254    267    265    248    223    199    164 
074      2      0      0      0      0      0      1      3      5     16     27     43     64     89    122    162    178    186    197    198    193    172    142    114 
075      2      0      0      0      0      0      0      1      2      4      8     16     27     40     53     74     85     97    116    123    120    106     89     79 
076      2      0      0      0      0      0      1      5     14     17     25     36     51     74    105    132    162    174    184    186    184    164    153    127 
077      2      0      0      1      1      3      3      7     10     18     27     39     58     94    110    143    187    204    223    232    217    198    163    136 
078      2      0      0      0      0      0      1      6     12     19     31     45     68     81    114    152    180    196    210    216    203    161    145    111 
079      2      0      0      0      0      0      0      4      9     16     30     45     69    106    144    185    211    232    246    245    228    202    179    151 
080      2      0      0      0      1      1      1      8     18     37     64     98    144    189    232    299    369    412    449    451    426    389    336    275 
081      2      0      0      0      0      0      1      2      7     16     22     38     62     83     93    124    149    173    183    178    166    156    137    120 
082      2      0      0      0      1      1      4      4      5      6      9     16     30     44     64     82     99    112    120    112    105     98     80     70 
083      2      0      0      0      0      0      0      0      0      2      5      9     11     16     19     24     27     33     38     41     38     34     35     28 
084      2      0      0      0      0      0      1      1      4      7     14     29     45     59     74     98    129    137    139    137    128    115    107     95 
085      2      0      0      0      1      1      2      5     13     22     27     43     60     77    106    130    152    163    167    168    164    157    134    105 
086      2      0      0      0      0      0      0      1      4     13     23     33     48     66     88    109    130    153    168    175    171    151    143    125 
087      2      0      0      0      0      0      4      6      9     18     27     45     64     84    118    148    193    214    215    222    211    193    169    136 
088      2      0      0      0      0      0      1      6     12     17     27     52     86    115    149    181    226    254    272    266    251    229    208    177 
089      2      0      0      0      0      0      1      5      6     17     30     40     61     86    101    121    145    164    178    181    182    176    159    133 
090      2      0      0      0      0      0      1      1      4      6     10     19     29     41     55     62     77     91    102     97     87     82     66     55 
091      2      0      0      0      2      3      4     11     18     32     54     76    109    164    207    271    335    372    392    401    392    361    298    241 
092      2      0      0      0      0      2      2      7     18     22     38     55     76    124    168    206    246    276    301    312    320    299    262    235 
093      2      0      0      0      0      0      2      3      9     15     27     39     58     85    111    143    170    193    197    199    195    182    163    132 
094      2      0      0      0      0      1      3      6     14     22     47     73    107    154    206    258    295    324    338    345    344    316    270    225 
095      2      0      0      0      0      0      0      1      4     11     23     30     59     79    106    127    158    186    195    198    188    174    150    127 
096      2      0      0      1      1      2      2      3     10     13     23     40     71     89    113    139    166    179    192    196    194    187    174    145 
097      2      0      0      0      0      0      0      1      5      9     11     15     28     36     48     64     76     85     86     90     80     72     61     45 
098      2      0      0      0      0      0      2      7      8     19     25     33     45     60     74     95    109    126    125    122    108     92     79     71 
099      2      0      0      0      0      1      3      4      8     18     32     53     82    114    158    191    232    267    290    285    270    242    212    178 
100      2      0      0      0      0      1      6     11     15     24     37     60     87    118    156    194    222    245    259    253    247    230    199    169 
101      2      0      0      0      0      0      1      4     14     25     39     67     97    134    181    230    264    300    317    316    325    288    242    202 
102      2      0      0      0      0      0      1      5      7     16     34     52     66     88    120    154    175    191    203    200    183    158    131    110 
103      2      0      0      0      0      0      0      0      2      4      9     15     19     27     31     36     40     44     48     43     44     40     39     34 
104      2      0      0      0      0      0      1      3      4     11     28     41     61     85    118    149    174    194    201    202    194    179    158    133 
105      2      0      0      0      0      0      0      1      7     12     18     35     50     73     97    114    131    140    149    152    145    128    111     95 
106      2      0      0      1      2      4      6      7     12     15     27     46     76    107    138    166    199    234    250    250    248    232    203    162 
107      2      0      0      0      0      0      1      1      7     12     22     41     59     89    128    151    173    194    211    202    186    171    154    130 
108      2      0      0      0      0      1      2      5     12     20     32     52     86    123    165    207    269    310    342    332    316    293    261    218 
109      2      0      0      0      0      0      1      2      6      8     15     24     31     43     59     73     86     95    106     97     87     80     69     58 
110      2      0      0      0      1      3      7     14     21     33     42     62     94    135    185    213    246    270    280    283    272    252    221    190 
111      2      0      0      0      0      0      0      1      4      6     15     25     34     53     68     89    106    114    124    124    120    112    101     82 
112      2      0      0      0      0      0      1      1      1      2      4      9     16     18     21     25     27     24     24     22     19     19     15     13 
113      2      0      0      0      0      0      0      2      6     16     27     39     59     78    105    129    144    149    156    157    151    137    124    102 
114      2      0      0      0      0      0      1      2      5      6      8     15     24     29     45     54     65     77     86     81     69     66     62     47 
115      2      0      0      0      0      0      2      3      7     14     22     30     41     60     79    107    139    163    175    185    171    160    144    116 
116      2      0      0      0      0      0      1      2      6      8     18     34     56     81    106    140    161    187    197    192    187    171    150    120 
117      2      0      0      0      0      0      0      0      1      6     11     21     34     44     56     73     89     96     95     89     91     88     77     74 
118      2      0      0      0      0      0      2      4      4      8     12     18     32     51     62     77     93    106    113    118    110    103     88     75 
119      2      0      0      0      0      0      0      4      7     15     29     45     78    109    158    188    228    250    262    255    243    209    181    159 
120      2      0      0      0      0      1      1      5      9     19     31     63     90    123    156    207    256    278    297    299    280    273    238    193 
121      2      0      0      0      1      1      1      2     10     11     19     30     39     47     61     82    102    115    118    123    116    108     95     72 
122      2      0      0      0      0      0      1      4      7     13     21     34     50     68     92    108    131    141    143    142    129    113    102     86 
123      2      0      0      0      1      2      3      7     18     33     49     81    138    200    263    325    380    414    428    433    415    387    337    280 
124      2      0      0      0      0      0      3      6     14     21     44     77    109    150    192    240    282    315    319    322    298    284    245    195 
125      2      0      0      0      0      2      5     10     13     17     34     49     72    112    151    188    219    253    276    278    258    235    207    166 
126      2      0      0      0      0      0      2      5      9     21     35     57     92    134    183    235    284    303    313    312    305    280    243    205 
127      2      0      0      0      0      0      1      2      5      8     12     19     21     32     42     49     57     69     79     83     81     79     72     59 
128      2      0      0      0      0      0      3      6     13     24     39     60     80    124    162    205    249    277    304    306    296    282    248    207 
129      2      0      0      0      0      1      1      1      6     11     15     20     38     63     78     98    120    131    138    139    131    121    103     96 
130      2      0      0      0      0      0      2      4      4      8     16     35     49     60     96    112    131    147    168    174    163    155    145    122 
131      2      0      0      0      0      0      2      7     10     18     32     49     73     99    131    179    221    250    268    280    275    250    210    168 
132      2      0      0      0      0      0      2      3      4      7     13     18     24     37     54     60     72     82     90     92     95     91     76     64 
133      2      0      0      0      0      0      0      2      7      8     10     15     26     41     62     77    102    122    133    143    136    122    102     85 
134      2      0      0      0      0      1      1      2      6     14     21     35     58     78    107    128    158    182    197    203    187    177    155    126 
135      2      0      0      0      0      1      3      7     12     20     30     49     70     93    136    189    240    260    276    288    284    254    217    188 
136      2      0      0      0      1      1      1      1      2     10     23     39     61     90    127    156    179    199    213    202    187    170    144    116 
137      2      0      0      0      0      0      1      1      2      3      7      9     12     15     21     27     37     42     46     45     50     47     43     35 
138      2      0      0      0      1      1      1      5      6     11     25     38     52     76    107    137    159    187    204    201    194    180    156    128 
139      2      0      0      0      0      0      0      0      2      3      7     17     23     39     55     66     82     89     96    107     95     84     76     65 
140      2      0      0      0      0      2      4     10     22     36     63    101    151    205    287    362    432    477    518    529    521    493    448    372 
141      2      0      0      0      0      1      2      5     12     17     25     42     67    112    149    182    224    256    276    275    258    239    210    179 
142      2      0      0      0      0      1      4      5     10     18     28     50     66    100    135    168    199    216    236    223    209    190    158    132 
143      2      0      0      0      0      0      0      2      3     11     22     37     58     79    104    130    157    171    177    187    179    164    145    125 
144      2      0      0      0      0      0      1      2      3      4      5      9     10     14     21     29     43     47     52     57     52     50     39     31 
145      2      0      0      0      0      1      7     11     17     30     48     67     88    114    158    174    205    229    236    233    226    214    189    161 
146      2      0      0      0      0      0      3     12     23     41     56     90    148    205    255    324    377    415    443    445    433    386    351    303 
147      2      0      0      0      0      1      1      2      4      9     13     23     32     44     60     72     86    100    110    113    111    108     93     80 
148      2      0      0      0      2      3      4      4      7     10     17     28     40     51     65     86     94    102    101    103    102     99     82     66 
149      2      0      0      0      0      1      1      6      8     13     22     40     51     70     94    131    161    186    205    205    195    178    153    126 
150      2      0      0      0      0      0      0      2      5     11     25     46     66     96    126    153    189    213    221    229    225    190    161    129 
151      2      0      0      0      0      0      5      7     19     43     71    121    179    239    315    409    498    552    601    603    573    501    443    371 
152      2      0      0      0      1      1      5     10     21     29     51     82    112    151    213    255    297    330    370    368    355    317    293    246 
153      2      0      0      0      0      0      2      6      9     15     23     40     63     91    116    146    176    192    207    215    197    186    162    135 
154      2      0      0      0      0      0      0      1      6     11     20     37     47     66     89    113    137    154    164    157    144    138    120     97 
155      2      0      0      0      0      0      1      2      2      8      8      9     15     24     31     37     42     49     63     66     69     65     57     39 
156      2      0      0      0      1      2      2      3      8     21     33     44     71    107    138    179    217    250    257    263    244    215    176    129 
157      2      0      0      0      0      0      1      5     10     25     40     62     89    118    164    211    251    289    308    309    293    272    234    204 
158      2      0      0      0      0      0      0      1      2      8     12     17     29     38     52     64     80     87     95     96     92     90     80     67 
159      2      0      0      0      0      0      2      3      6      7     16     23     33     46     68     91    109    132    134    133    125    117    101     86 
160      2      0      0      0      0      0      1      2      5      9     11     19     30     38     55     80    103    114    117    127    120    110     95     71 
161      2      0      0      0      1      1      1      4     10     16     33     47     77    108    139    181    203    225    238    244    247    220    193    157 
162      2      0      0      0      0      0      1      5      9     17     37     58     94    132    183    222    277    308    330    333    327    296    243    193 
163      2      0      0      0      0      2      2      3      7     14     30     43     66     97    143    174    222    251    262    263    262    232    208    164 
164      2      0      0      0      1      1      4      6     15     23     38     60     87    127    164    206    248    259    264    266    243    221    173    144 
165      2      0      0      0      0      2      5      8     13     22     27     32     45     63     87    104    129    148    174    171    159    141    125    100 
166      2      0      0      0      0      0      0      2      7     12     18     27     46     71    103    125    135    153    158    146    132    120     90     70 
167      2      0      0      0      0      1      2      2      5     10     15     21     34     63     91    116    134    149    166    162    163    141    120     97 
168      2      0      0      0      1      2      4      5     16     30     49     80    119    159    217    275    332    366    400    404    377    356    321    270 
169      2      0      0      0      0      0      0      0      0      1      6     15     20     32     42     51     63     69     72     67     64     57     52     40 
170      2      0      0      0      0      0      2      5      7     10     23     34     52     75    100    138    167    192    204    211    203    177    153    124 
171      2      0      0      0      0      1      1      6      8     10     15     26     38     61     78    100    117    122    128    125    119    108     95     76 
172      2      0      0      0      0      0      1      4      8     16     29     46     75     94    114    143    163    182    207    209    191    164    152    134 
173      2      0      0      0      0      0      2      6     11     21     40     62     86    118    163    203    241    273    293    298    281    263    223    185 
174      2      0      0      0      0      0      0      2      4      7     12     29     36     50     62     80     95    110    122    127    125    118     96     76 
175      2      0      0      0      0      0      0      0      1      8     16     32     53     68     88    124    146    161    167    169    159    136    119    103 
176      2      0      0      0      0      0      3      5     12     17     28     45     58     78    102    128    152    179    183    182    169    154    131     98 
177      2      0      0      0      0      0      3      7     10     17     31     49     70    100    124    168    195    214    224    224    215    205    173    150 
178      2      0      0      0      0      0      0      1      5     11     25     36     52     70    104    134    160    176    189    186    182    156    132    105 
179      2      0      0      0      0      0      1      2      3      7     15     26     42     56     81    104    122    129    130    136    126    117    106     82 
180      2      0      0      0      0      0      0      1      2      4      6     11     23     33     40     51     60     71     78     74     73     58     48     45 
181      2      0      0      0      0      0      0      2      4     10     15     26     38     51     71     94    116    137    146    149    146    130    111     88 
182      2      0      0      0      0      0      1      1      7     11     16     22     30     49     59     71     80     88     87     89     82     74     62     53 
183      2      0      0      0      0      2      3      3      8     10     18     34     51     76    106    142    166    190    200    198    200    175    160    132 
184      2      0      0      0      0      0      0      4      7     12     15     23     29     41     56     65     75     82     86     83     75     67     59     47 
185      2      0      0      0      0      2      6     15     23     40     57     89    145    203    278    345    398    439    462    453    414    384    340    284 
186      2      0      0      0      0      0      0      2      7     12     21     37     60     91    106    145    168    187    190    200    193    173    153    130 
187      2      0      0      0      0      2      3      5      8     10     16     20     35     55     67     73     90    107    113    110    104    101     83     69 
188      2      0      0      0      1      2      5      7     15     22     34     58     78    110    139    170    207    222    232    227    210    200    171    142 
189      2      0      0      0      0      1      1      8     14     22     31     53     87    113    146    185    215    245    261    276    263    244    224    180 
190      2      0      0      0      0      0      1      2      7      9     12     25     40     63     96    121    146    165    170    171    164    144    113     95 
191      2      0      0      0      0      0      0      1      6     11     20     33     61     84    105    143    172    180    200    200    202    187    170    135 
192      2      0      0      0      0      1      1      6     10     18     31     46     67     92    130    148    166    186    212    215    207    185    157    126 
193      2      0      0      0      0      0      0      1     10     12     19     27     50     64     73     88    111    124    133    133    132    120    106     86 
194      2      0      0      0      0      0      1      2      2      4      6     10     13     24     37     44     57     64     66     68     69     55     44     39 
195      2      0      0      0      0      0      0      1      9     16     23     39     52     73     95    125    153    170    184    187    171    157    136    122 
196      2      0      0      0      0      0      1      4      6     17     32     53     84    133    179    224    270    320    329    339    322    293    249    183 
197      2      0      0      0      0      2      3      6      7     12     16     25     38     59     80    102    123    140    142    141    136    111    101     84 
198      2      0      0      0      0      1      2      4      6     12     22     41     58     84    121    151    190    211    230    242    229    212    179    144 
199      2      0      0      0      0      0      1      1      7     15     24     38     52     75    106    125    161    178    198    210    212    197    167    133 
