000 2399548 2399545 2399542 2399535 2399529 2399513 2399481 2399444 2399399 2399354 2399292 2399234 2399182 2399151 2399131 2399123 2399120 2399118 2399117 2399116 2399116 2399116 2399115 2399115 
001 2399548 2399545 2399544 2399542 2399540 2399531 2399512 2399494 2399464 2399428 2399394 2399352 2399325 2399302 2399287 2399277 2399275 2399270 2399269 2399269 2399269 2399269 2399269 2399269 
002 2399548 2399547 2399546 2399541 2399535 2399528 2399512 2399495 2399464 2399424 2399384 2399357 2399324 2399302 2399286 2399278 2399272 2399269 2399269 2399269 2399268 2399268 2399268 2399268 
003 2399548 2399547 2399544 2399540 2399531 2399515 2399493 2399460 2399416 2399362 2399306 2399249 2399204 2399182 2399162 2399150 2399144 2399140 2399139 2399139 2399138 2399138 2399137 2399137 
004 2399548 2399547 2399546 2399543 2399535 2399524 2399515 2399493 2399470 2399445 2399421 2399390 2399367 2399346 2399330 2399318 2399318 2399317 2399317 2399317 2399317 2399317 2399317 2399317 
005 2399548 2399548 2399548 2399545 2399538 2399527 2399516 2399494 2399471 2399451 2399423 2399389 2399361 2399343 2399334 2399327 2399325 2399324 2399324 2399324 2399324 2399324 2399323 2399323 
006 2399548 2399547 2399546 2399539 2399533 2399523 2399507 2399480 2399446 2399410 2399359 2399305 2399271 2399249 2399238 2399231 2399226 2399224 2399224 2399222 2399222 2399222 2399222 2399221 
007 2399548 2399547 2399544 2399540 2399530 2399515 2399478 2399431 2399391 2399323 2399261 2399198 2399156 2399116 2399095 2399082 2399072 2399071 2399069 2399069 2399067 2399067 2399067 2399067 
008 2399548 2399544 2399540 2399535 2399529 2399519 2399498 2399468 2399420 2399364 2399295 2399250 2399214 2399184 2399162 2399146 2399140 2399140 2399140 2399140 2399139 2399139 2399139 2399139 
009 2399548 2399543 2399541 2399532 2399521 2399503 2399461 2399413 2399342 2399250 2399154 2399076 2399003 2398954 2398920 2398904 2398895 2398891 2398891 2398891 2398890 2398890 2398890 2398890 
010 2399548 2399545 2399538 2399529 2399511 2399484 2399442 2399382 2399300 2399222 2399145 2399068 2398994 2398934 2398900 2398880 2398870 2398865 2398864 2398864 2398863 2398863 2398863 2398863 
011 2399548 2399547 2399545 2399543 2399535 2399522 2399503 2399470 2399436 2399402 2399362 2399317 2399286 2399267 2399247 2399240 2399236 2399235 2399234 2399233 2399233 2399233 2399233 2399233 
012 2399548 2399546 2399543 2399540 2399531 2399512 2399487 2399461 2399413 2399362 2399314 2399267 2399232 2399204 2399180 2399175 2399171 2399169 2399169 2399169 2399169 2399169 2399169 2399169 
013 2399548 2399547 2399545 2399543 2399537 2399528 2399514 2399492 2399466 2399441 2399415 2399394 2399374 2399362 2399354 2399349 2399346 2399345 2399345 2399345 2399345 2399345 2399345 2399345 
014 2399548 2399545 2399541 2399533 2399520 2399504 2399473 2399436 2399378 2399310 2399255 2399196 2399151 2399111 2399090 2399078 2399068 2399064 2399063 2399063 2399063 2399061 2399061 2399061 
015 2399548 2399546 2399544 2399540 2399535 2399523 2399505 2399484 2399463 2399437 2399408 2399384 2399359 2399340 2399327 2399321 2399318 2399318 2399318 2399318 2399318 2399318 2399318 2399318 
016 2399548 2399547 2399547 2399547 2399545 2399541 2399530 2399517 2399495 2399484 2399461 2399447 2399434 2399422 2399419 2399413 2399413 2399413 2399413 2399413 2399413 2399413 2399412 2399412 
017 2399548 2399548 2399545 2399544 2399541 2399539 2399532 2399522 2399512 2399496 2399488 2399469 2399452 2399443 2399433 2399432 2399431 2399430 2399430 2399430 2399430 2399430 2399430 2399429 
018 2399548 2399547 2399546 2399544 2399539 2399531 2399513 2399488 2399456 2399428 2399391 2399341 2399308 2399286 2399270 2399263 2399259 2399257 2399255 2399254 2399253 2399252 2399252 2399252 
019 2399548 2399548 2399547 2399546 2399540 2399533 2399520 2399507 2399485 2399464 2399437 2399410 2399388 2399376 2399370 2399363 2399359 2399357 2399356 2399355 2399355 2399354 2399354 2399354 
020 2399548 2399545 2399543 2399539 2399531 2399517 2399503 2399471 2399431 2399388 2399338 2399279 2399235 2399195 2399182 2399172 2399165 2399163 2399161 2399159 2399158 2399158 2399158 2399157 
021 2399548 2399548 2399547 2399543 2399539 2399537 2399527 2399513 2399494 2399470 2399446 2399426 2399411 2399404 2399393 2399387 2399385 2399384 2399384 2399384 2399384 2399383 2399383 2399383 
022 2399548 2399548 2399548 2399548 2399547 2399546 2399542 2399537 2399528 2399518 2399508 2399499 2399495 2399493 2399489 2399487 2399484 2399484 2399484 2399484 2399484 2399484 2399484 2399484 
023 2399548 2399547 2399545 2399545 2399543 2399536 2399524 2399512 2399499 2399481 2399458 2399441 2399428 2399417 2399410 2399406 2399406 2399404 2399404 2399404 2399404 2399404 2399404 2399404 
024 2399548 2399547 2399544 2399540 2399532 2399525 2399509 2399486 2399459 2399432 2399400 2399372 2399341 2399331 2399320 2399309 2399308 2399307 2399307 2399307 2399306 2399306 2399306 2399306 
025 2399548 2399546 2399542 2399534 2399521 2399498 2399470 2399433 2399382 2399319 2399255 2399187 2399138 2399101 2399079 2399073 2399063 2399062 2399061 2399061 2399061 2399059 2399059 2399059 
026 2399548 2399547 2399546 2399545 2399544 2399538 2399533 2399522 2399502 2399490 2399474 2399457 2399448 2399436 2399425 2399422 2399419 2399418 2399418 2399418 2399418 2399418 2399418 2399418 
027 2399548 2399546 2399543 2399538 2399531 2399513 2399488 2399441 2399385 2399325 2399258 2399198 2399152 2399127 2399110 2399099 2399091 2399089 2399088 2399088 2399087 2399086 2399085 2399085 
028 2399548 2399546 2399543 2399542 2399533 2399522 2399506 2399478 2399449 2399403 2399344 2399309 2399281 2399254 2399241 2399229 2399228 2399226 2399225 2399224 2399224 2399224 2399224 2399223 
029 2399548 2399546 2399543 2399537 2399529 2399520 2399495 2399464 2399421 2399382 2399320 2399273 2399244 2399212 2399197 2399187 2399183 2399181 2399181 2399180 2399180 2399180 2399180 2399179 
030 2399548 2399548 2399548 2399547 2399544 2399542 2399537 2399528 2399517 2399503 2399486 2399473 2399462 2399453 2399452 2399450 2399449 2399448 2399448 2399448 2399448 2399448 2399448 2399448 
031 2399548 2399547 2399545 2399539 2399529 2399514 2399496 2399461 2399416 2399380 2399324 2399285 2399248 2399218 2399197 2399185 2399178 2399175 2399175 2399175 2399174 2399174 2399174 2399174 
032 2399548 2399548 2399547 2399546 2399544 2399543 2399541 2399539 2399538 2399532 2399528 2399525 2399523 2399520 2399519 2399519 2399519 2399518 2399518 2399518 2399518 2399518 2399518 2399518 
033 2399548 2399547 2399546 2399543 2399536 2399529 2399514 2399493 2399458 2399425 2399389 2399349 2399319 2399300 2399286 2399274 2399269 2399267 2399265 2399265 2399264 2399264 2399264 2399263 
034 2399548 2399547 2399544 2399541 2399536 2399526 2399505 2399479 2399441 2399405 2399361 2399314 2399284 2399256 2399244 2399239 2399229 2399228 2399227 2399227 2399226 2399225 2399225 2399225 
035 2399548 2399547 2399544 2399538 2399533 2399515 2399490 2399461 2399411 2399357 2399297 2399252 2399204 2399178 2399166 2399150 2399145 2399143 2399141 2399140 2399140 2399138 2399138 2399137 
036 2399548 2399547 2399546 2399543 2399540 2399534 2399517 2399493 2399465 2399423 2399387 2399357 2399326 2399309 2399294 2399291 2399287 2399285 2399283 2399282 2399281 2399280 2399280 2399279 
037 2399548 2399547 2399546 2399545 2399541 2399535 2399519 2399499 2399478 2399452 2399423 2399400 2399381 2399367 2399360 2399354 2399350 2399347 2399345 2399345 2399345 2399345 2399345 2399345 
038 2399548 2399547 2399542 2399534 2399523 2399505 2399477 2399435 2399384 2399326 2399263 2399205 2399162 2399118 2399100 2399090 2399082 2399077 2399074 2399074 2399074 2399074 2399074 2399074 
039 2399548 2399547 2399543 2399537 2399528 2399515 2399492 2399463 2399421 2399374 2399311 2399238 2399192 2399161 2399138 2399124 2399119 2399116 2399115 2399115 2399115 2399115 2399115 2399115 
040 2399548 2399545 2399540 2399530 2399515 2399484 2399440 2399390 2399302 2399210 2399100 2398988 2398909 2398842 2398801 2398777 2398761 2398758 2398755 2398754 2398754 2398753 2398753 2398751 
041 2399548 2399548 2399547 2399547 2399547 2399545 2399541 2399533 2399528 2399518 2399515 2399511 2399509 2399509 2399505 2399502 2399502 2399502 2399502 2399502 2399502 2399502 2399502 2399502 
042 2399548 2399547 2399546 2399542 2399540 2399532 2399524 2399512 2399495 2399479 2399464 2399448 2399432 2399416 2399408 2399402 2399396 2399395 2399395 2399395 2399394 2399394 2399394 2399394 
043 2399548 2399546 2399544 2399540 2399530 2399517 2399498 2399473 2399432 2399388 2399345 2399296 2399264 2399223 2399201 2399192 2399186 2399184 2399183 2399183 2399183 2399182 2399181 2399181 
044 2399548 2399548 2399546 2399544 2399539 2399535 2399524 2399511 2399485 2399453 2399430 2399402 2399383 2399373 2399359 2399352 2399346 2399345 2399344 2399344 2399344 2399344 2399344 2399344 
045 2399548 2399546 2399540 2399537 2399526 2399506 2399463 2399406 2399329 2399247 2399156 2399079 2399013 2398969 2398936 2398914 2398905 2398902 2398902 2398902 2398901 2398901 2398901 2398901 
046 2399548 2399548 2399545 2399540 2399530 2399519 2399490 2399460 2399410 2399358 2399287 2399231 2399180 2399154 2399131 2399124 2399117 2399114 2399113 2399113 2399113 2399113 2399113 2399112 
047 2399548 2399547 2399544 2399534 2399521 2399503 2399461 2399401 2399325 2399258 2399163 2399075 2399000 2398953 2398914 2398897 2398884 2398883 2398881 2398880 2398880 2398880 2398879 2398878 
048 2399548 2399546 2399543 2399536 2399528 2399517 2399501 2399477 2399446 2399404 2399371 2399329 2399297 2399277 2399265 2399259 2399254 2399254 2399252 2399252 2399252 2399252 2399252 2399252 
049 2399548 2399548 2399547 2399544 2399540 2399537 2399527 2399512 2399502 2399483 2399468 2399451 2399439 2399431 2399423 2399423 2399423 2399423 2399423 2399423 2399423 2399423 2399423 2399422 
050 2399548 2399547 2399542 2399538 2399528 2399516 2399484 2399447 2399394 2399344 2399271 2399198 2399148 2399110 2399086 2399071 2399063 2399059 2399059 2399059 2399059 2399058 2399058 2399058 
051 2399548 2399547 2399546 2399543 2399539 2399531 2399510 2399492 2399468 2399443 2399414 2399382 2399355 2399334 2399325 2399321 2399319 2399317 2399317 2399317 2399317 2399317 2399316 2399316 
052 2399548 2399545 2399540 2399531 2399515 2399492 2399447 2399378 2399294 2399187 2399087 2398977 2398882 2398831 2398782 2398756 2398744 2398737 2398737 2398737 2398736 2398736 2398736 2398735 
053 2399548 2399547 2399547 2399542 2399532 2399510 2399484 2399452 2399405 2399350 2399283 2399226 2399173 2399146 2399125 2399117 2399111 2399105 2399103 2399103 2399103 2399102 2399101 2399101 
054 2399548 2399546 2399544 2399540 2399531 2399517 2399491 2399452 2399394 2399332 2399264 2399195 2399145 2399107 2399085 2399064 2399057 2399054 2399054 2399054 2399054 2399054 2399054 2399053 
055 2399548 2399548 2399546 2399540 2399527 2399512 2399496 2399470 2399437 2399400 2399360 2399303 2399245 2399218 2399201 2399188 2399183 2399182 2399180 2399180 2399180 2399180 2399180 2399180 
056 2399548 2399547 2399544 2399536 2399531 2399519 2399503 2399487 2399449 2399417 2399386 2399359 2399327 2399306 2399294 2399287 2399282 2399281 2399279 2399279 2399279 2399279 2399279 2399279 
057 2399548 2399546 2399542 2399534 2399523 2399504 2399474 2399428 2399380 2399328 2399252 2399194 2399153 2399122 2399094 2399079 2399074 2399071 2399070 2399070 2399070 2399070 2399069 2399068 
058 2399548 2399547 2399545 2399541 2399536 2399526 2399508 2399484 2399460 2399429 2399388 2399359 2399329 2399307 2399296 2399287 2399285 2399283 2399283 2399283 2399283 2399283 2399283 2399283 
059 2399548 2399546 2399542 2399539 2399529 2399517 2399490 2399452 2399408 2399354 2399292 2399231 2399186 2399147 2399127 2399115 2399109 2399105 2399105 2399105 2399104 2399103 2399102 2399102 
060 2399548 2399547 2399542 2399531 2399519 2399495 2399455 2399404 2399330 2399250 2399159 2399074 2398998 2398953 2398914 2398904 2398892 2398887 2398885 2398884 2398884 2398884 2398883 2398881 
061 2399548 2399546 2399545 2399544 2399537 2399524 2399509 2399485 2399448 2399412 2399370 2399338 2399312 2399296 2399279 2399271 2399267 2399264 2399264 2399264 2399264 2399263 2399263 2399263 
062 2399548 2399547 2399544 2399542 2399540 2399527 2399515 2399495 2399462 2399420 2399379 2399341 2399318 2399298 2399285 2399280 2399273 2399272 2399270 2399270 2399270 2399268 2399268 2399268 
063 2399548 2399547 2399547 2399542 2399538 2399529 2399512 2399491 2399467 2399442 2399400 2399373 2399344 2399332 2399322 2399318 2399317 2399316 2399315 2399315 2399315 2399314 2399313 2399313 
064 2399548 2399543 2399535 2399529 2399512 2399476 2399430 2399355 2399279 2399155 2399044 2398934 2398841 2398784 2398738 2398710 2398696 2398689 2398685 2398684 2398683 2398682 2398681 2398681 
065 2399548 2399548 2399547 2399546 2399542 2399531 2399517 2399496 2399467 2399433 2399401 2399369 2399347 2399327 2399318 2399308 2399304 2399301 2399301 2399301 2399301 2399301 2399301 2399301 
066 2399548 2399546 2399540 2399537 2399524 2399507 2399480 2399448 2399396 2399341 2399291 2399231 2399179 2399134 2399116 2399099 2399095 2399093 2399092 2399090 2399090 2399090 2399090 2399088 
067 2399548 2399547 2399540 2399527 2399501 2399460 2399413 2399330 2399233 2399117 2399007 2398890 2398774 2398720 2398675 2398645 2398634 2398628 2398627 2398627 2398625 2398625 2398623 2398621 
068 2399548 2399547 2399545 2399541 2399529 2399514 2399494 2399453 2399401 2399361 2399293 2399244 2399205 2399178 2399152 2399146 2399140 2399139 2399139 2399139 2399139 2399139 2399138 2399138 
069 2399548 2399547 2399545 2399538 2399527 2399508 2399474 2399440 2399384 2399310 2399216 2399141 2399078 2399031 2399005 2398990 2398979 2398976 2398975 2398975 2398974 2398972 2398972 2398970 
070 2399548 2399546 2399543 2399534 2399524 2399503 2399475 2399430 2399383 2399313 2399254 2399184 2399141 2399102 2399073 2399058 2399052 2399048 2399047 2399046 2399046 2399045 2399045 2399045 
071 2399548 2399546 2399542 2399534 2399521 2399502 2399474 2399439 2399387 2399327 2399258 2399196 2399128 2399082 2399064 2399050 2399041 2399039 2399038 2399038 2399038 2399038 2399038 2399038 
072 2399548 2399544 2399540 2399530 2399517 2399493 2399459 2399401 2399338 2399246 2399155 2399078 2399015 2398956 2398921 2398900 2398889 2398883 2398880 2398879 2398878 2398878 2398876 2398875 
073 2399548 2399548 2399546 2399543 2399535 2399528 2399519 2399508 2399491 2399471 2399447 2399425 2399402 2399389 2399385 2399381 2399380 2399380 2399380 2399380 2399379 2399379 2399378 2399377 
074 2399548 2399548 2399547 2399547 2399546 2399540 2399534 2399524 2399512 2399491 2399464 2399447 2399431 2399422 2399415 2399408 2399408 2399408 2399408 2399407 2399407 2399407 2399407 2399407 
075 2399548 2399545 2399540 2399537 2399525 2399508 2399491 2399441 2399390 2399332 2399259 2399212 2399170 2399130 2399109 2399097 2399088 2399083 2399080 2399080 2399080 2399080 2399080 2399080 
076 2399548 2399548 2399544 2399535 2399523 2399499 2399465 2399421 2399363 2399310 2399238 2399168 2399125 2399087 2399050 2399036 2399029 2399027 2399024 2399024 2399024 2399024 2399024 2399023 
077 2399548 2399546 2399546 2399537 2399524 2399491 2399452 2399399 2399328 2399251 2399149 2399057 2398991 2398934 2398911 2398889 2398881 2398875 2398871 2398871 2398870 2398870 2398870 2398868 
078 2399548 2399544 2399536 2399520 2399494 2399443 2399364 2399263 2399136 2398988 2398808 2398646 2398505 2398408 2398351 2398319 2398305 2398297 2398293 2398292 2398290 2398289 2398288 2398285 
079 2399548 2399544 2399539 2399526 2399507 2399472 2399422 2399349 2399243 2399126 2399019 2398901 2398790 2398726 2398673 2398647 2398632 2398628 2398627 2398625 2398625 2398625 2398624 2398624 
080 2399548 2399547 2399544 2399538 2399529 2399515 2399486 2399441 2399391 2399333 2399286 2399231 2399186 2399160 2399138 2399129 2399121 2399118 2399116 2399116 2399115 2399115 2399113 2399112 
081 2399548 2399547 2399542 2399538 2399530 2399511 2399490 2399448 2399392 2399314 2399247 2399169 2399121 2399080 2399052 2399042 2399033 2399032 2399031 2399031 2399030 2399030 2399029 2399028 
082 2399548 2399547 2399546 2399543 2399540 2399535 2399525 2399508 2399488 2399464 2399441 2399415 2399397 2399384 2399373 2399371 2399368 2399367 2399367 2399367 2399366 2399366 2399366 2399366 
083 2399548 2399546 2399544 2399539 2399528 2399517 2399501 2399470 2399429 2399382 2399327 2399268 2399227 2399198 2399178 2399169 2399163 2399162 2399162 2399159 2399159 2399159 2399159 2399159 
084 2399548 2399547 2399546 2399543 2399539 2399532 2399524 2399512 2399487 2399464 2399437 2399419 2399388 2399376 2399367 2399363 2399362 2399361 2399361 2399361 2399361 2399361 2399361 2399361 
085 2399548 2399547 2399543 2399541 2399536 2399525 2399503 2399481 2399446 2399409 2399377 2399339 2399308 2399285 2399277 2399267 2399260 2399259 2399259 2399259 2399259 2399258 2399258 2399258 
086 2399548 2399546 2399544 2399538 2399527 2399511 2399487 2399439 2399376 2399315 2399247 2399190 2399132 2399081 2399057 2399035 2399029 2399025 2399023 2399021 2399020 2399020 2399020 2399020 
087 2399548 2399547 2399544 2399539 2399532 2399521 2399506 2399482 2399458 2399425 2399398 2399372 2399343 2399316 2399303 2399296 2399291 2399290 2399288 2399288 2399288 2399288 2399288 2399288 
088 2399548 2399545 2399544 2399540 2399535 2399519 2399497 2399464 2399423 2399382 2399342 2399291 2399244 2399216 2399191 2399183 2399179 2399179 2399179 2399178 2399178 2399177 2399176 2399176 
089 2399548 2399546 2399542 2399535 2399521 2399500 2399455 2399407 2399338 2399255 2399146 2399058 2398981 2398930 2398888 2398860 2398850 2398846 2398843 2398843 2398842 2398842 2398842 2398842 
090 2399548 2399544 2399541 2399536 2399528 2399514 2399492 2399459 2399421 2399371 2399310 2399260 2399214 2399189 2399176 2399163 2399156 2399154 2399153 2399152 2399152 2399150 2399149 2399149 
091 2399548 2399546 2399544 2399540 2399533 2399519 2399502 2399472 2399440 2399397 2399348 2399305 2399275 2399259 2399245 2399239 2399232 2399231 2399230 2399229 2399229 2399229 2399229 2399229 
092 2399548 2399546 2399543 2399538 2399532 2399523 2399499 2399464 2399432 2399390 2399330 2399284 2399239 2399207 2399180 2399172 2399167 2399166 2399165 2399165 2399165 2399163 2399162 2399162 
093 2399548 2399548 2399546 2399545 2399544 2399539 2399531 2399521 2399507 2399488 2399470 2399453 2399443 2399435 2399431 2399428 2399425 2399425 2399424 2399424 2399424 2399424 2399424 2399424 
094 2399548 2399547 2399545 2399542 2399536 2399526 2399507 2399474 2399431 2399379 2399332 2399273 2399238 2399212 2399193 2399182 2399180 2399179 2399176 2399176 2399175 2399175 2399175 2399175 
095 2399548 2399547 2399547 2399544 2399538 2399525 2399509 2399488 2399451 2399413 2399370 2399335 2399297 2399273 2399254 2399244 2399237 2399236 2399234 2399234 2399233 2399233 2399233 2399233 
096 2399548 2399547 2399544 2399541 2399538 2399531 2399520 2399500 2399486 2399448 2399410 2399377 2399352 2399333 2399318 2399311 2399307 2399304 2399304 2399303 2399303 2399303 2399303 2399303 
097 2399548 2399548 2399548 2399545 2399544 2399540 2399536 2399530 2399518 2399511 2399501 2399492 2399482 2399473 2399469 2399461 2399460 2399460 2399460 2399460 2399460 2399460 2399460 2399460 
098 2399548 2399547 2399542 2399539 2399534 2399519 2399498 2399464 2399430 2399395 2399353 2399318 2399291 2399267 2399249 2399240 2399235 2399234 2399232 2399232 2399232 2399232 2399232 2399231 
099 2399548 2399548 2399548 2399547 2399543 2399537 2399526 2399510 2399486 2399458 2399428 2399400 2399376 2399364 2399354 2399346 2399345 2399345 2399345 2399344 2399343 2399343 2399342 2399341 
100 2399548 2399546 2399544 2399540 2399535 2399519 2399493 2399461 2399418 2399369 2399306 2399245 2399186 2399161 2399139 2399127 2399120 2399119 2399119 2399119 2399119 2399118 2399117 2399117 
101 2399548 2399547 2399545 2399543 2399541 2399534 2399527 2399510 2399488 2399473 2399452 2399431 2399424 2399416 2399405 2399402 2399399 2399396 2399396 2399396 2399396 2399396 2399396 2399396 
102 2399548 2399547 2399541 2399532 2399520 2399493 2399459 2399409 2399354 2399286 2399207 2399127 2399068 2399023 2398996 2398974 2398970 2398969 2398967 2398966 2398966 2398964 2398964 2398964 
103 2399548 2399547 2399542 2399535 2399521 2399488 2399444 2399379 2399292 2399187 2399067 2398954 2398875 2398807 2398761 2398737 2398727 2398724 2398722 2398722 2398722 2398720 2398717 2398715 
104 2399548 2399544 2399540 2399530 2399509 2399480 2399416 2399330 2399229 2399095 2398957 2398810 2398711 2398635 2398579 2398549 2398531 2398523 2398519 2398518 2398517 2398517 2398516 2398516 
105 2399548 2399547 2399544 2399534 2399526 2399516 2399489 2399460 2399419 2399362 2399310 2399250 2399209 2399173 2399153 2399148 2399138 2399135 2399134 2399134 2399133 2399131 2399131 2399131 
106 2399548 2399546 2399544 2399542 2399539 2399529 2399516 2399481 2399451 2399421 2399375 2399330 2399293 2399267 2399245 2399232 2399227 2399226 2399225 2399224 2399224 2399224 2399224 2399224 
107 2399548 2399547 2399545 2399541 2399527 2399516 2399496 2399463 2399417 2399365 2399320 2399276 2399238 2399202 2399182 2399170 2399165 2399161 2399160 2399160 2399160 2399160 2399160 2399159 
108 2399548 2399547 2399545 2399540 2399532 2399521 2399503 2399480 2399452 2399411 2399373 2399338 2399316 2399292 2399277 2399272 2399265 2399263 2399263 2399263 2399263 2399263 2399263 2399263 
109 2399548 2399547 2399545 2399542 2399538 2399525 2399507 2399488 2399461 2399426 2399396 2399363 2399339 2399316 2399303 2399293 2399287 2399284 2399283 2399283 2399283 2399283 2399283 2399282 
110 2399548 2399548 2399546 2399542 2399536 2399526 2399509 2399489 2399454 2399414 2399366 2399334 2399298 2399275 2399260 2399251 2399242 2399240 2399240 2399240 2399239 2399239 2399238 2399238 
111 2399548 2399546 2399542 2399538 2399525 2399504 2399469 2399429 2399367 2399297 2399229 2399150 2399106 2399067 2399052 2399034 2399026 2399020 2399019 2399018 2399018 2399017 2399017 2399016 
112 2399548 2399547 2399543 2399540 2399532 2399518 2399493 2399459 2399419 2399377 2399336 2399291 2399248 2399230 2399212 2399201 2399196 2399193 2399191 2399191 2399190 2399190 2399190 2399190 
113 2399548 2399546 2399543 2399536 2399530 2399511 2399485 2399451 2399402 2399337 2399279 2399218 2399169 2399129 2399110 2399099 2399091 2399084 2399080 2399080 2399080 2399079 2399078 2399077 
114 2399548 2399548 2399546 2399544 2399539 2399530 2399517 2399493 2399474 2399437 2399404 2399374 2399351 2399333 2399322 2399318 2399315 2399312 2399311 2399311 2399311 2399311 2399311 2399311 
115 2399548 2399547 2399545 2399539 2399529 2399514 2399489 2399452 2399417 2399375 2399329 2399281 2399240 2399203 2399179 2399161 2399157 2399157 2399156 2399155 2399152 2399151 2399151 2399151 
116 2399548 2399546 2399543 2399539 2399534 2399525 2399506 2399479 2399450 2399423 2399393 2399365 2399332 2399319 2399308 2399301 2399296 2399295 2399293 2399293 2399293 2399293 2399292 2399292 
117 2399548 2399547 2399543 2399537 2399525 2399508 2399474 2399435 2399377 2399314 2399251 2399187 2399136 2399097 2399070 2399058 2399053 2399052 2399052 2399051 2399051 2399050 2399050 2399050 
118 2399548 2399548 2399545 2399540 2399530 2399510 2399483 2399449 2399397 2399340 2399286 2399236 2399193 2399161 2399137 2399122 2399118 2399113 2399110 2399110 2399110 2399110 2399110 2399110 
119 2399548 2399544 2399539 2399524 2399506 2399470 2399418 2399348 2399258 2399146 2399024 2398914 2398817 2398744 2398697 2398674 2398660 2398655 2398653 2398653 2398651 2398650 2398648 2398646 
120 2399548 2399547 2399545 2399539 2399534 2399525 2399509 2399487 2399451 2399419 2399377 2399337 2399307 2399295 2399278 2399270 2399269 2399267 2399266 2399266 2399266 2399265 2399265 2399265 
121 2399548 2399546 2399544 2399540 2399534 2399526 2399520 2399505 2399489 2399459 2399425 2399393 2399371 2399358 2399351 2399345 2399342 2399341 2399340 2399340 2399339 2399339 2399338 2399338 
122 2399548 2399548 2399545 2399544 2399540 2399533 2399519 2399495 2399469 2399443 2399409 2399370 2399341 2399313 2399299 2399296 2399294 2399293 2399292 2399292 2399292 2399292 2399292 2399292 
123 2399548 2399548 2399546 2399544 2399538 2399530 2399520 2399501 2399475 2399442 2399408 2399376 2399347 2399327 2399319 2399310 2399303 2399302 2399301 2399301 2399301 2399300 2399299 2399299 
124 2399548 2399546 2399542 2399536 2399523 2399505 2399485 2399451 2399408 2399352 2399302 2399254 2399220 2399200 2399183 2399173 2399168 2399167 2399167 2399167 2399167 2399165 2399165 2399165 
125 2399548 2399548 2399546 2399546 2399543 2399537 2399524 2399509 2399490 2399466 2399438 2399416 2399394 2399381 2399375 2399368 2399362 2399361 2399361 2399361 2399361 2399361 2399361 2399361 
126 2399548 2399545 2399543 2399532 2399522 2399505 2399485 2399452 2399401 2399346 2399282 2399223 2399176 2399142 2399116 2399104 2399097 2399093 2399092 2399092 2399092 2399091 2399091 2399091 
127 2399548 2399546 2399544 2399540 2399531 2399512 2399492 2399461 2399418 2399366 2399317 2399273 2399234 2399210 2399187 2399168 2399161 2399159 2399158 2399158 2399157 2399157 2399157 2399157 
128 2399548 2399547 2399545 2399538 2399532 2399521 2399508 2399483 2399451 2399416 2399383 2399353 2399327 2399310 2399296 2399285 2399282 2399281 2399281 2399281 2399281 2399281 2399281 2399280 
129 2399548 2399547 2399543 2399536 2399528 2399511 2399488 2399450 2399397 2399341 2399275 2399223 2399175 2399151 2399137 2399125 2399119 2399117 2399114 2399114 2399113 2399111 2399110 2399110 
130 2399548 2399547 2399546 2399543 2399536 2399526 2399508 2399489 2399468 2399441 2399399 2399352 2399325 2399299 2399288 2399278 2399275 2399275 2399275 2399275 2399275 2399272 2399272 2399271 
131 2399548 2399547 2399545 2399545 2399544 2399539 2399533 2399523 2399509 2399493 2399471 2399453 2399436 2399425 2399422 2399419 2399416 2399415 2399415 2399415 2399415 2399414 2399413 2399413 
132 2399548 2399546 2399543 2399538 2399531 2399520 2399502 2399483 2399448 2399415 2399373 2399323 2399288 2399266 2399248 2399238 2399232 2399231 2399230 2399230 2399230 2399230 2399230 2399229 
133 2399548 2399547 2399546 2399542 2399533 2399521 2399497 2399480 2399442 2399405 2399357 2399313 2399287 2399261 2399248 2399241 2399235 2399232 2399231 2399231 2399231 2399231 2399231 2399231 
134 2399548 2399547 2399545 2399541 2399539 2399532 2399518 2399493 2399475 2399445 2399416 2399374 2399350 2399324 2399313 2399307 2399306 2399302 2399302 2399302 2399302 2399302 2399302 2399302 
135 2399548 2399543 2399535 2399526 2399506 2399476 2399427 2399344 2399234 2399111 2398989 2398848 2398718 2398636 2398592 2398565 2398550 2398544 2398539 2398538 2398536 2398535 2398534 2398532 
136 2399548 2399547 2399546 2399544 2399542 2399537 2399530 2399519 2399505 2399487 2399473 2399461 2399444 2399435 2399428 2399421 2399418 2399417 2399417 2399417 2399417 2399415 2399414 2399414 
137 2399548 2399544 2399540 2399527 2399514 2399493 2399448 2399386 2399308 2399208 2399114 2399015 2398934 2398887 2398845 2398820 2398813 2398811 2398809 2398808 2398806 2398805 2398805 2398805 
138 2399548 2399546 2399544 2399541 2399534 2399523 2399502 2399469 2399428 2399378 2399313 2399268 2399239 2399208 2399189 2399179 2399174 2399172 2399172 2399172 2399172 2399171 2399171 2399171 
139 2399548 2399547 2399544 2399541 2399534 2399522 2399500 2399473 2399440 2399400 2399354 2399314 2399276 2399251 2399240 2399231 2399226 2399223 2399223 2399223 2399222 2399222 2399222 2399222 
140 2399548 2399546 2399540 2399532 2399521 2399493 2399451 2399391 2399323 2399250 2399157 2399071 2398992 2398934 2398916 2398893 2398887 2398886 2398883 2398883 2398882 2398882 2398880 2398880 
141 2399548 2399547 2399544 2399542 2399540 2399535 2399525 2399503 2399479 2399461 2399425 2399402 2399385 2399363 2399354 2399348 2399346 2399343 2399342 2399342 2399341 2399340 2399340 2399340 
142 2399548 2399546 2399542 2399539 2399531 2399513 2399485 2399438 2399380 2399310 2399242 2399176 2399126 2399101 2399074 2399059 2399050 2399042 2399039 2399037 2399037 2399036 2399036 2399033 
143 2399548 2399546 2399538 2399531 2399511 2399495 2399458 2399409 2399342 2399267 2399188 2399117 2399047 2399000 2398972 2398956 2398951 2398948 2398948 2398948 2398946 2398945 2398944 2398943 
144 2399548 2399545 2399542 2399533 2399520 2399494 2399460 2399394 2399324 2399242 2399150 2399069 2399000 2398957 2398931 2398916 2398908 2398905 2398904 2398904 2398903 2398903 2398903 2398902 
145 2399548 2399546 2399539 2399533 2399517 2399487 2399431 2399360 2399269 2399140 2398999 2398913 2398827 2398745 2398703 2398673 2398660 2398656 2398656 2398655 2398654 2398652 2398651 2398651 
146 2399548 2399547 2399542 2399538 2399532 2399522 2399508 2399490 2399456 2399421 2399387 2399347 2399321 2399307 2399293 2399283 2399279 2399275 2399275 2399275 2399275 2399275 2399275 2399275 
147 2399548 2399548 2399546 2399543 2399538 2399530 2399518 2399503 2399472 2399449 2399422 2399391 2399359 2399347 2399338 2399330 2399329 2399328 2399326 2399326 2399325 2399325 2399325 2399325 
148 2399548 2399546 2399543 2399534 2399525 2399513 2399482 2399446 2399372 2399310 2399250 2399185 2399126 2399093 2399074 2399058 2399053 2399047 2399045 2399045 2399045 2399043 2399043 2399043 
149 2399548 2399547 2399545 2399544 2399539 2399533 2399520 2399492 2399467 2399434 2399400 2399375 2399346 2399318 2399303 2399294 2399292 2399289 2399288 2399288 2399287 2399287 2399287 2399287 
150 2399548 2399547 2399547 2399544 2399542 2399536 2399529 2399519 2399504 2399477 2399454 2399438 2399424 2399407 2399399 2399393 2399388 2399388 2399387 2399387 2399387 2399387 2399387 2399387 
151 2399548 2399548 2399547 2399546 2399543 2399539 2399537 2399534 2399530 2399525 2399514 2399506 2399500 2399497 2399494 2399492 2399492 2399492 2399492 2399492 2399492 2399492 2399492 2399492 
152 2399548 2399547 2399546 2399541 2399534 2399527 2399513 2399496 2399474 2399427 2399392 2399359 2399336 2399322 2399308 2399301 2399300 2399299 2399299 2399298 2399298 2399297 2399296 2399296 
153 2399548 2399546 2399543 2399537 2399530 2399522 2399515 2399496 2399473 2399441 2399402 2399368 2399342 2399324 2399315 2399306 2399299 2399297 2399297 2399297 2399297 2399297 2399297 2399297 
154 2399548 2399548 2399544 2399539 2399532 2399520 2399509 2399492 2399455 2399418 2399386 2399356 2399325 2399298 2399285 2399281 2399276 2399272 2399272 2399272 2399272 2399272 2399272 2399272 
155 2399548 2399547 2399545 2399542 2399536 2399523 2399504 2399478 2399437 2399389 2399338 2399290 2399261 2399245 2399230 2399220 2399218 2399216 2399215 2399215 2399214 2399214 2399214 2399214 
156 2399548 2399548 2399545 2399540 2399528 2399509 2399476 2399439 2399377 2399316 2399243 2399179 2399116 2399066 2399042 2399023 2399018 2399014 2399013 2399013 2399013 2399013 2399012 2399012 
157 2399548 2399546 2399544 2399539 2399529 2399514 2399491 2399457 2399419 2399369 2399293 2399238 2399189 2399156 2399135 2399123 2399113 2399113 2399112 2399112 2399112 2399112 2399112 2399112 
158 2399548 2399547 2399541 2399533 2399520 2399494 2399452 2399390 2399315 2399207 2399111 2399015 2398947 2398887 2398851 2398832 2398819 2398816 2398814 2398814 2398813 2398812 2398811 2398810 
159 2399548 2399545 2399538 2399529 2399509 2399487 2399448 2399386 2399325 2399237 2399155 2399060 2398985 2398937 2398904 2398881 2398864 2398862 2398860 2398860 2398859 2398858 2398857 2398856 
160 2399548 2399545 2399542 2399536 2399530 2399515 2399496 2399463 2399412 2399367 2399305 2399248 2399211 2399181 2399165 2399160 2399153 2399150 2399150 2399150 2399150 2399149 2399148 2399148 
161 2399548 2399545 2399542 2399536 2399521 2399510 2399483 2399432 2399388 2399320 2399254 2399189 2399143 2399103 2399084 2399065 2399058 2399056 2399055 2399054 2399054 2399054 2399052 2399051 
162 2399548 2399544 2399540 2399532 2399525 2399503 2399465 2399421 2399359 2399277 2399195 2399125 2399063 2399019 2398988 2398979 2398971 2398965 2398964 2398964 2398964 2398964 2398964 2398964 
163 2399548 2399544 2399540 2399527 2399509 2399483 2399445 2399376 2399292 2399193 2399092 2399003 2398943 2398883 2398848 2398827 2398817 2398813 2398811 2398809 2398808 2398808 2398805 2398803 
164 2399548 2399547 2399545 2399543 2399537 2399530 2399517 2399491 2399464 2399428 2399389 2399366 2399344 2399328 2399317 2399310 2399308 2399304 2399302 2399302 2399302 2399301 2399300 2399300 
165 2399548 2399548 2399546 2399544 2399539 2399534 2399527 2399516 2399497 2399474 2399459 2399442 2399422 2399410 2399397 2399392 2399391 2399390 2399390 2399390 2399390 2399390 2399389 2399389 
166 2399548 2399546 2399544 2399541 2399538 2399522 2399501 2399474 2399444 2399412 2399364 2399327 2399294 2399275 2399258 2399250 2399249 2399246 2399246 2399246 2399246 2399246 2399246 2399246 
167 2399548 2399547 2399545 2399541 2399536 2399529 2399519 2399505 2399484 2399457 2399431 2399405 2399393 2399384 2399371 2399369 2399367 2399367 2399367 2399367 2399367 2399366 2399366 2399366 
168 2399548 2399546 2399544 2399540 2399530 2399512 2399488 2399461 2399421 2399373 2399332 2399280 2399238 2399214 2399193 2399185 2399183 2399181 2399181 2399181 2399181 2399181 2399180 2399180 
169 2399548 2399546 2399539 2399532 2399518 2399497 2399452 2399397 2399309 2399221 2399126 2399035 2398969 2398920 2398876 2398846 2398837 2398831 2398830 2398829 2398829 2398829 2398828 2398828 
170 2399548 2399547 2399546 2399540 2399529 2399509 2399472 2399418 2399362 2399278 2399181 2399082 2399033 2398976 2398944 2398921 2398915 2398913 2398911 2398910 2398909 2398909 2398907 2398906 
171 2399548 2399545 2399540 2399536 2399527 2399512 2399485 2399442 2399394 2399340 2399270 2399215 2399167 2399124 2399098 2399090 2399086 2399082 2399081 2399081 2399081 2399081 2399080 2399080 
172 2399548 2399547 2399544 2399539 2399529 2399512 2399486 2399434 2399385 2399312 2399232 2399182 2399142 2399109 2399079 2399068 2399063 2399056 2399054 2399054 2399054 2399054 2399054 2399053 
173 2399548 2399547 2399544 2399538 2399526 2399515 2399487 2399448 2399389 2399317 2399246 2399166 2399116 2399080 2399055 2399041 2399034 2399030 2399028 2399028 2399028 2399028 2399028 2399028 
174 2399548 2399546 2399542 2399536 2399526 2399514 2399496 2399465 2399416 2399364 2399317 2399264 2399231 2399210 2399189 2399177 2399170 2399168 2399168 2399168 2399168 2399168 2399168 2399168 
175 2399548 2399548 2399546 2399542 2399538 2399530 2399509 2399493 2399465 2399425 2399392 2399360 2399340 2399320 2399310 2399303 2399299 2399298 2399295 2399295 2399295 2399294 2399294 2399294 
176 2399548 2399548 2399548 2399545 2399545 2399543 2399538 2399531 2399518 2399504 2399493 2399483 2399476 2399475 2399468 2399466 2399465 2399465 2399464 2399464 2399464 2399464 2399464 2399464 
177 2399548 2399546 2399542 2399533 2399520 2399492 2399452 2399399 2399317 2399233 2399140 2399062 2398988 2398938 2398892 2398866 2398855 2398847 2398845 2398845 2398844 2398842 2398839 2398838 
178 2399548 2399547 2399546 2399544 2399542 2399532 2399519 2399499 2399472 2399442 2399400 2399375 2399351 2399333 2399317 2399312 2399309 2399309 2399309 2399308 2399308 2399308 2399306 2399306 
179 2399548 2399547 2399547 2399547 2399547 2399547 2399546 2399544 2399542 2399538 2399535 2399532 2399532 2399530 2399530 2399530 2399530 2399530 2399530 2399530 2399530 2399530 2399530 2399530 
180 2399548 2399547 2399544 2399542 2399535 2399529 2399514 2399497 2399469 2399444 2399420 2399391 2399379 2399365 2399352 2399349 2399345 2399345 2399343 2399343 2399343 2399343 2399343 2399342 
181 2399548 2399548 2399547 2399542 2399538 2399532 2399525 2399512 2399497 2399477 2399447 2399422 2399407 2399387 2399379 2399376 2399374 2399374 2399374 2399374 2399373 2399373 2399372 2399371 
182 2399548 2399547 2399545 2399538 2399532 2399517 2399495 2399465 2399430 2399388 2399343 2399296 2399255 2399232 2399213 2399208 2399203 2399200 2399198 2399196 2399196 2399196 2399196 2399193 
183 2399548 2399546 2399543 2399535 2399523 2399512 2399486 2399453 2399403 2399346 2399292 2399225 2399185 2399143 2399121 2399113 2399104 2399100 2399099 2399099 2399098 2399097 2399097 2399097 
184 2399548 2399546 2399543 2399542 2399534 2399522 2399507 2399482 2399450 2399411 2399370 2399324 2399288 2399270 2399256 2399247 2399242 2399239 2399238 2399238 2399238 2399237 2399237 2399237 
185 2399548 2399548 2399546 2399543 2399537 2399529 2399517 2399497 2399473 2399440 2399410 2399381 2399360 2399341 2399326 2399318 2399318 2399316 2399315 2399315 2399315 2399315 2399315 2399314 
186 2399548 2399547 2399542 2399540 2399533 2399516 2399486 2399459 2399418 2399356 2399312 2399251 2399213 2399188 2399171 2399156 2399152 2399149 2399148 2399148 2399148 2399147 2399146 2399145 
187 2399548 2399548 2399546 2399542 2399538 2399534 2399524 2399507 2399494 2399469 2399446 2399424 2399411 2399404 2399392 2399385 2399384 2399382 2399382 2399382 2399382 2399382 2399381 2399381 
188 2399548 2399546 2399538 2399533 2399521 2399509 2399474 2399434 2399377 2399312 2399241 2399172 2399109 2399056 2399025 2399012 2399006 2399002 2399000 2399000 2399000 2399000 2398999 2398996 
189 2399548 2399547 2399544 2399542 2399534 2399523 2399501 2399480 2399429 2399382 2399334 2399297 2399275 2399244 2399226 2399217 2399215 2399215 2399215 2399215 2399215 2399215 2399215 2399215 
190 2399548 2399545 2399542 2399535 2399521 2399504 2399472 2399423 2399353 2399283 2399214 2399136 2399085 2399031 2398994 2398982 2398974 2398972 2398970 2398969 2398969 2398967 2398967 2398967 
191 2399548 2399545 2399537 2399525 2399513 2399494 2399449 2399394 2399325 2399251 2399156 2399070 2398999 2398943 2398903 2398882 2398873 2398871 2398869 2398868 2398868 2398867 2398867 2398866 
192 2399548 2399547 2399545 2399543 2399538 2399525 2399511 2399484 2399453 2399411 2399368 2399327 2399286 2399266 2399250 2399243 2399241 2399239 2399236 2399236 2399236 2399235 2399235 2399235 
193 2399548 2399546 2399544 2399538 2399533 2399515 2399496 2399480 2399446 2399409 2399369 2399338 2399311 2399291 2399280 2399275 2399275 2399270 2399270 2399270 2399270 2399270 2399270 2399270 
194 2399548 2399547 2399546 2399544 2399540 2399529 2399519 2399504 2399485 2399466 2399428 2399406 2399381 2399366 2399359 2399354 2399350 2399349 2399348 2399348 2399348 2399348 2399348 2399348 
195 2399548 2399547 2399545 2399541 2399535 2399522 2399514 2399496 2399472 2399439 2399404 2399370 2399349 2399326 2399312 2399300 2399298 2399297 2399296 2399296 2399296 2399295 2399295 2399295 
196 2399548 2399548 2399547 2399545 2399539 2399533 2399525 2399507 2399494 2399473 2399457 2399433 2399411 2399397 2399385 2399381 2399380 2399379 2399379 2399379 2399379 2399379 2399379 2399379 
197 2399548 2399547 2399544 2399540 2399537 2399529 2399512 2399494 2399473 2399454 2399430 2399411 2399389 2399378 2399368 2399364 2399362 2399362 2399362 2399362 2399362 2399362 2399362 2399362 
198 2399548 2399546 2399540 2399532 2399514 2399495 2399454 2399399 2399335 2399251 2399164 2399091 2399015 2398964 2398938 2398918 2398905 2398903 2398901 2398899 2398898 2398897 2398897 2398895 
199 2399548 2399547 2399545 2399535 2399526 2399516 2399501 2399473 2399436 2399391 2399334 2399285 2399238 2399217 2399201 2399197 2399190 2399187 2399186 2399186 2399184 2399183 2399183 2399183 
