000      0      0      0      0      0      0      0      0      0      0      0      1      7     10     16     25     36     59     87    119    164    223    292    361 
001      0      0      0      0      0      0      0      0      0      0      0      0      1      5      8     15     22     39     58     88    113    152    189    222 
002      0      0      0      0      0      0      0      0      0      1      1      3      5      7     15     19     33     44     68     96    137    187    258    319 
003      0      0      0      0      0      0      0      0      0      0      0      1      1      3      6     12     18     25     30     41     64     78     94    112 
004      0      0      0      0      0      0      0      0      0      0      0      0      2      5      9     13     19     30     47     71     91    125    161    195 
005      0      0      0      0      0      0      0      0      0      0      0      1      3      3      8     11     17     30     50     70     98    139    175    208 
006      0      0      0      0      0      0      0      0      0      0      0      2      4      5      6      8     12     13     14     20     30     39     48     57 
007      0      0      0      0      0      0      0      0      0      0      0      1      1      3      5     10     21     43     62     85    121    148    197    234 
008      0      0      0      0      0      0      0      0      0      0      0      0      1      1      4      5      9     21     42     64     96    117    144    177 
009      0      0      0      0      0      0      0      0      0      0      0      0      0      2      6     12     17     23     29     43     72     96    120    142 
010      0      0      0      0      0      0      0      0      0      0      0      0      0      2      3      5      9     15     22     40     53     73     92    108 
011      0      0      0      0      0      0      0      0      0      1      1      3      3      4      5      8     16     25     47     62     80    112    141    167 
012      0      0      0      0      0      0      0      0      0      0      1      2      7      8     11     18     33     56     78    123    175    227    303    376 
013      0      0      0      0      0      0      0      0      0      0      0      1      4      4      8     14     22     32     40     66     93    125    159    188 
014      0      0      0      0      0      0      0      0      0      0      0      0      3      7     10     17     36     55     78    106    136    177    229    268 
015      0      0      0      0      0      0      0      0      0      0      0      0      2      3      5      6     11     21     36     47     68     78     95    119 
016      0      0      0      0      0      0      0      0      0      0      0      0      3      4      5     15     21     35     59     84    106    148    183    219 
017      0      0      0      0      0      0      0      0      0      0      1      2      2      3      7     11     19     41     58     76     98    129    172    208 
018      0      0      0      0      0      0      0      0      0      0      0      1      4      6      7      9     18     25     39     54     73     88    106    125 
019      0      0      0      0      0      0      0      0      0      0      0      1      1      3      9     14     24     46     72    119    163    210    266    325 
020      0      0      0      0      0      0      0      0      0      0      0      1      2      5      7      8     10     17     24     26     37     43     60     80 
021      0      0      0      0      0      0      0      0      0      0      0      0      2      4      5     10     12     15     18     26     39     52     62     69 
022      0      0      0      0      0      0      0      0      0      0      0      1      2      2      5     11     16     25     31     53     72     99    123    142 
023      0      0      0      0      0      0      0      0      0      0      0      0      2      5      8     15     24     30     41     57     79    114    145    180 
024      0      0      0      0      0      0      0      0      0      0      0      1      2      4      5     13     26     43     63     95    118    150    191    246 
025      0      0      0      0      0      0      0      0      0      0      0      1      1      2      3      6      9     19     29     32     49     67     78    100 
026      0      0      0      0      0      0      0      0      0      0      0      0      0      1      8     13     23     37     54     77    114    147    181    211 
027      0      0      0      0      0      0      0      0      0      0      0      0      0      3     10     14     20     28     38     58     78    101    123    148 
028      0      0      0      0      0      0      0      0      0      0      0      0      1      4     13     22     37     54     88    123    158    194    246    284 
029      0      0      0      0      0      0      0      0      0      0      0      0      3      6     10     16     24     39     58     77    109    133    168    193 
030      0      0      0      0      0      0      0      0      0      0      0      0      1      1      2      4      6      9     13     14     20     26     32     46 
031      0      0      0      0      0      0      0      0      0      0      0      1      2      5     12     21     27     52     71     98    132    158    198    250 
032      0      0      0      0      0      0      0      0      0      0      0      2      3      6     11     19     25     43     58     92    120    154    199    240 
033      0      0      0      0      0      0      0      0      0      0      0      0      0      2      4     11     16     22     29     46     62     72     83     94 
034      0      0      0      0      0      0      0      0      1      1      1      1      3      7     12     16     31     47     71    105    138    183    230    276 
035      0      0      0      0      0      0      0      0      0      0      0      1      3      5      6      6      9     15     21     30     42     53     72     85 
036      0      0      0      0      0      0      0      0      0      0      0      1      7     13     15     22     37     55     77    114    155    198    248    300 
037      0      0      0      0      0      0      0      0      0      0      0      1      2      5     13     18     30     50     71     90    130    177    216    264 
038      0      0      0      0      0      0      0      0      0      0      0      2      3      9     12     23     40     66    101    140    188    262    323    371 
039      0      0      0      0      0      0      0      0      0      0      0      0      0      6     12     18     28     39     57     81    100    126    147    169 
040      0      0      0      0      0      0      0      0      0      1      1      1      3      4      7     12     16     30     44     58     80    112    136    171 
041      0      0      0      0      0      0      0      0      0      0      0      0      2      9     12     22     33     52     74    114    156    210    251    304 
042      0      0      0      0      0      0      0      0      0      0      0      0      0      3      5      8     11     24     32     45     61     97    120    148 
043      0      0      0      0      0      0      0      0      0      0      0      0      1      1      4     10     14     24     35     45     56     70     84     93 
044      0      0      0      0      0      0      0      0      0      0      0      1      3      4      7     17     21     27     48     67    104    137    169    214 
045      0      0      0      0      0      0      0      0      0      1      1      2      8      9     15     25     39     58     84    122    172    221    281    334 
046      0      0      0      0      0      0      0      0      0      0      0      1      1      3      4      8     10     14     23     37     48     71     79     99 
047      0      0      0      0      0      0      0      0      0      0      1      2      4      9     13     20     34     55     88    117    174    227    282    336 
048      0      0      0      0      0      0      0      0      0      0      1      3      6      8      9     16     28     44     63    100    127    165    205    245 
049      0      0      0      0      0      0      0      0      0      0      0      1      1      3      9     10     16     25     35     56     75     87    111    127 
050      0      0      0      0      0      0      0      0      0      0      1      2      3      7      8     10     20     37     56     81    110    139    185    230 
051      0      0      0      0      0      0      0      0      0      0      0      0      1      2      3      6     12     22     27     41     60     83    106    121 
052      0      0      0      0      0      0      0      0      0      0      0      0      2      4      7     15     21     29     45     69     92    122    154    183 
053      0      0      0      0      0      0      0      0      0      0      0      1      2      4      7     11     12     19     24     29     45     52     66     79 
054      0      0      0      0      0      0      0      0      0      0      0      0      0      3      7     11     13     23     29     48     76    102    128    153 
055      0      0      0      0      0      0      0      0      0      0      0      0      0      0      0      1      2      8     20     38     52     62     74     91 
056      0      0      0      0      0      0      0      0      0      0      0      1      3      4      4      6      9     14     22     30     39     55     67     80 
057      0      0      0      0      0      0      0      0      0      0      1      1      2      4      6     11     17     21     37     45     64     78     95    120 
058      0      0      0      0      0      0      0      0      0      0      0      0      1      3      4      8     13     22     34     48     67     90    113    149 
059      0      0      0      0      0      0      0      0      0      0      0      3      4      5     18     21     35     59     88    127    176    236    301    362 
060      0      0      0      0      0      0      0      0      0      0      0      0      1      3      8     10     16     22     33     57     82    110    140    167 
061      0      0      0      0      0      0      0      0      0      0      0      0      0      2      5      9     14     22     31     45     62     78    102    123 
062      0      0      0      0      0      0      0      0      0      0      0      0      0      2      4      6      9     13     19     27     36     42     55     59 
063      0      0      0      0      0      0      0      0      0      0      0      0      0      1      4      7     13     23     33     43     68     86    108    124 
064      0      0      0      0      0      0      0      0      0      0      0      0      1      3      5     10     21     36     60     90    132    156    200    238 
065      0      0      0      0      0      0      0      0      0      0      1      3      5     10     20     30     45     71    110    148    206    264    333    387 
066      0      0      0      0      0      0      0      0      0      0      0      1      2      4      6     12     18     25     40     50     68    100    132    156 
067      0      0      0      0      0      0      0      0      0      0      0      1      1      3      8     12     21     33     51     67     97    128    152    183 
068      0      0      0      0      0      0      0      0      0      0      0      1      4      7      8     11     25     37     62     83    117    149    183    218 
069      0      0      0      0      0      0      0      0      0      0      0      0      0      1      3      9     13     17     29     42     58     66     82     99 
070      0      0      0      0      0      0      0      0      0      0      0      1      1      1      6      7     15     23     35     52     76     97    133    155 
071      0      0      0      0      0      0      0      0      0      0      0      1      1      3      3      3      5      5      8     10      9     14     19     22 
072      0      0      0      0      0      0      0      0      0      0      0      0      1      4      6     11     12     24     34     46     67     83    109    136 
073      0      0      0      0      0      0      0      0      0      0      0      2      4      8     12     19     25     39     66     97    138    177    218    264 
074      0      0      0      0      0      0      0      0      0      0      0      0      0      3      5      8     22     37     55     77     97    123    166    195 
075      0      0      0      0      0      0      0      0      0      0      0      1      2      2      4      4     10     15     20     28     43     63     82     95 
076      0      0      0      0      0      0      0      0      0      0      0      0      4      7     10     15     21     32     42     67     85    118    147    177 
077      0      0      0      0      0      0      0      0      0      0      2      3      6      7     11     17     27     41     52     68     98    132    179    218 
078      0      0      0      0      0      0      0      0      0      0      0      0      3      7      8     14     24     38     55     71    101    144    172    212 
079      0      0      0      0      0      0      0      0      0      0      0      1      2      2      6     12     26     38     53     87    124    167    208    249 
080      0      0      0      0      0      0      0      0      0      0      1      1      5     10     18     29     44     78    108    148    205    267    338    419 
081      0      0      0      0      0      0      0      0      0      0      0      0      0      3      9     12     21     26     40     69     98    121    153    177 
082      0      0      0      0      0      0      0      0      0      0      0      0      1      4      5      9      9     15     22     36     55     69     91    104 
083      0      0      0      0      0      0      0      0      0      0      0      1      2      2      3      4      7      8     10     13     18     23     24     31 
084      0      0      0      0      0      0      0      0      0      0      0      2      2      5      8      9     10     21     35     54     76     97    112    135 
085      0      0      0      0      0      0      0      0      0      0      1      2      2      5     10     16     23     37     49     72     91    110    141    174 
086      0      0      0      0      0      0      0      0      0      0      0      0      0      2      6     12     18     26     43     56     75    110    126    145 
087      0      0      0      0      0      0      0      0      0      0      0      0      0      1      5     11     17     31     51     70    102    143    181    222 
088      0      0      0      0      0      0      0      0      0      0      0      0      0      2      3     13     22     37     61     99    141    185    223    265 
089      0      0      0      0      0      0      0      0      0      0      0      0      0      6     10     17     26     38     55     76     96    119    144    174 
090      0      0      0      0      0      0      0      0      0      0      0      1      2      3      5      8     12     15     21     30     45     58     78     96 
091      0      0      0      0      0      0      0      0      0      0      1      2      3      7     13     26     35     60     95    123    177    232    317    389 
092      0      0      0      0      0      0      0      0      0      0      1      1      2      7      9     17     31     48     72    102    136    187    242    285 
093      0      0      0      0      0      0      0      0      0      0      0      1      2      3      8     13     21     32     53     72    101    130    163    205 
094      0      0      0      0      0      0      0      0      0      0      0      1      2      3     11     19     33     59     91    133    174    230    294    347 
095      0      0      0      0      0      0      0      0      0      0      0      1      1      3      5     11     17     28     40     58     85    114    144    173 
096      0      0      0      0      0      0      0      0      0      1      2      2      3      4      7     13     22     40     57     69     92    123    147    182 
097      0      0      0      0      0      0      0      0      0      0      0      0      1      3      6      7      9     13     23     31     47     58     70     87 
098      0      0      0      0      0      0      0      0      0      0      0      0      4      6     12     15     23     28     40     51     72     92    107    121 
099      0      0      0      0      0      0      0      0      0      0      0      2      2      6      8     12     25     43     64     98    134    178    219    259 
100      0      0      0      0      0      0      0      0      0      0      1      4      5      8     10     17     30     54     77    108    133    177    219    258 
101      0      0      0      0      0      0      0      0      0      0      0      0      2      7     11     19     33     55     83    118    154    207    270    325 
102      0      0      0      0      0      0      0      0      0      0      0      0      1      4      6      9     17     34     49     74    104    132    172    202 
103      0      0      0      0      0      0      0      0      0      0      0      0      0      1      2      5      7     11     15     23     30     39     46     55 
104      0      0      0      0      0      0      0      0      0      0      0      1      1      2      3     14     23     33     51     77    108    139    171    200 
105      0      0      0      0      0      0      0      0      0      0      0      0      0      2      7     11     16     27     42     59     78    101    119    142 
106      0      0      0      0      0      0      0      0      0      2      3      3      4      6     12     22     29     41     53     89    119    153    192    242 
107      0      0      0      0      0      0      0      0      0      0      0      1      1      1      4     12     20     30     47     78    109    143    174    208 
108      0      0      0      0      0      0      0      0      0      0      0      1      3      8     12     14     26     41     61    101    145    191    236    294 
109      0      0      0      0      0      0      0      0      0      0      0      1      2      4      5      5     13     17     24     41     55     69     87    105 
110      0      0      0      0      0      0      0      0      0      0      1      3      7     10     17     27     36     55     85    119    160    198    244    285 
111      0      0      0      0      0      0      0      0      0      0      0      1      1      2      3      7     13     18     26     43     62     77     94    121 
112      0      0      0      0      0      0      0      0      0      0      0      0      2      2      3      3      4      8     11     15     22     25     30     34 
113      0      0      0      0      0      0      0      0      0      0      0      1      2      3      5      8     17     31     47     64     86    108    132    163 
114      0      0      0      0      0      0      0      0      0      0      0      1      2      3      3      7      9     12     15     24     42     48     57     74 
115      0      0      0      0      0      0      0      0      0      0      0      2      3      4      7      9     13     18     35     47     70     86    115    155 
116      0      0      0      0      0      0      0      0      0      0      0      0      0      4      5     11     20     27     41     65     89    121    148    181 
117      0      0      0      0      0      0      0      0      0      0      0      0      0      0      1      4      7     15     26     40     52     62     85     95 
118      0      0      0      0      0      0      0      0      0      0      0      1      1      1      5      7      9     14     28     35     57     73     90    107 
119      0      0      0      0      0      0      0      0      0      0      0      0      0      4      7     11     18     35     55     91    127    172    216    246 
120      0      0      0      0      0      0      0      0      0      0      0      0      1      3      7     14     27     48     73    103    144    177    232    292 
121      0      0      0      0      0      0      0      0      0      0      0      1      2      4      6     11     15     23     33     40     52     69     85    109 
122      0      0      0      0      0      0      0      0      0      0      0      2      4      4      8     10     20     29     44     58     79    106    128    149 
123      0      0      0      0      0      0      0      0      0      0      1      1      2      5     12     26     41     74    119    168    223    288    364    434 
124      0      0      0      0      0      0      0      0      0      0      0      0      1      5      9     23     40     59     85    125    175    212    272    333 
125      0      0      0      0      0      0      0      0      0      0      1      3      3      6     13     19     29     45     60     84    125    167    212    263 
126      0      0      0      0      0      0      0      0      0      0      0      0      2      3      7     12     22     44     68    106    146    200    252    304 
127      0      0      0      0      0      0      0      0      0      0      0      0      3      3      4      9     13     17     22     29     40     50     62     78 
128      0      0      0      0      0      0      0      0      0      0      0      0      2      3      4     15     28     50     72    104    139    180    230    282 
129      0      0      0      0      0      0      0      0      0      0      0      1      2      2      5      8     11     19     36     52     77     94    117    135 
130      0      0      0      0      0      0      0      0      0      0      0      1      2      4      5      9     18     27     34     56     78    100    121    149 
131      0      0      0      0      0      0      0      0      0      0      0      1      4      6     11     18     28     46     62     88    115    159    208    248 
132      0      0      0      0      0      0      0      0      0      0      0      1      3      4      5      8     14     19     24     34     41     50     68     85 
133      0      0      0      0      0      0      0      0      0      0      0      0      0      2      5      7      8     12     21     33     45     68     94    117 
134      0      0      0      0      0      0      0      0      0      0      0      1      2      6      8     12     20     31     49     67     96    114    143    175 
135      0      0      0      0      0      0      0      0      0      0      0      1      2      7     11     15     22     39     60     81    114    162    209    253 
136      0      0      0      0      0      0      0      0      0      0      0      0      1      3      5      9     16     34     49     74    109    139    173    211 
137      0      0      0      0      0      0      0      0      0      0      0      1      2      2      3      5      5      6      8     12     15     21     32     41 
138      0      0      0      0      0      0      0      0      0      0      0      0      2      4      6     12     23     30     40     60     85    110    145    181 
139      0      0      0      0      0      0      0      0      0      0      0      0      0      2      3      5      9     14     19     28     43     64     77     91 
140      0      0      0      0      0      0      0      0      0      0      0      3      5      8     14     26     42     79    131    184    250    322    400    498 
141      0      0      0      0      0      0      0      0      0      0      0      1      3      4      8     12     20     34     58     93    130    170    218    254 
142      0      0      0      0      0      0      0      0      0      0      0      2      3      4     12     16     26     40     56     81    117    153    195    233 
143      0      0      0      0      0      0      0      0      0      0      0      0      0      2      5      9     16     31     50     66     90    120    152    183 
144      0      0      0      0      0      0      0      0      0      0      0      1      2      3      5      5      7     10     11     12     21     26     40     49 
145      0      0      0      0      0      0      0      0      0      0      1      1      2      7     13     24     35     54     76    109    135    172    209    237 
146      0      0      0      0      0      0      0      0      0      0      0      1      2     10     17     31     47     81    117    169    220    290    351    412 
147      0      0      0      0      0      0      0      0      0      0      0      1      2      3      6      8     14     18     28     40     53     66     91    108 
148      0      0      0      0      0      0      0      0      0      0      0      2      3      5      7      9     16     24     36     45     60     72     88    108 
149      0      0      0      0      0      0      0      0      0      0      0      0      2      5     10     13     21     31     43     58     90    118    155    188 
150      0      0      0      0      0      0      0      0      0      0      0      0      0      0      2      7     18     30     49     67     91    139    178    216 
151      0      0      0      0      0      0      0      0      0      0      0      1      4      9     21     34     60     85    134    198    278    389    477    565 
152      0      0      0      0      0      0      0      0      0      1      1      2      4     11     15     26     39     63     89    140    189    239    288    344 
153      0      0      0      0      0      0      0      0      0      0      0      0      4      4      8     14     19     33     51     67    100    125    157    189 
154      0      0      0      0      0      0      0      0      0      0      0      1      1      2      5      8     10     21     37     54     75     98    124    167 
155      0      0      0      0      0      0      0      0      0      0      0      0      0      0      4      6     10     13     17     21     25     33     44     61 
156      0      0      0      0      0      0      0      0      0      0      0      2      3      5      9     15     23     35     59     85    115    157    206    253 
157      0      0      0      0      0      0      0      0      0      0      0      0      2      5     10     22     32     48     71     98    149    189    237    280 
158      0      0      0      0      0      0      0      0      0      0      0      1      2      2      3      3      8     17     24     37     44     56     73     94 
159      0      0      0      0      0      0      0      0      0      0      0      1      1      5      6      9     10     14     21     43     60     79     99    118 
160      0      0      0      0      0      0      0      0      0      0      0      1      3      3      3      4     10     16     26     36     54     72     91    124 
161      0      0      0      0      0      0      0      0      0      0      0      1      3      4      6     14     32     44     66     90    117    163    200    241 
162      0      0      0      0      0      0      0      0      0      0      0      0      2      5      6     17     25     44     69     99    130    180    245    304 
163      0      0      0      0      0      0      0      0      0      0      0      0      2      3      7     15     23     38     59     83    121    167    203    258 
164      0      0      0      0      0      0      0      0      0      0      0      2      4      9     15     20     35     57     85    110    152    191    245    278 
165      0      0      0      0      0      0      0      0      0      0      0      3      4      7     11     18     26     35     40     62     81    111    136    164 
166      0      0      0      0      0      0      0      0      0      0      0      0      0      3      6      8     17     25     40     60     82    100    135    161 
167      0      0      0      0      0      0      0      0      0      0      0      1      1      5      7      9     15     25     38     60     73    104    129    158 
168      0      0      0      0      0      0      0      0      0      0      0      1      2      7     14     24     38     69     93    139    200    247    311    379 
169      0      0      0      0      0      0      0      0      0      0      0      0      1      2      2      5      8     12     19     29     39     49     58     71 
170      0      0      0      0      0      0      0      0      0      0      0      2      3      7      8     11     15     35     48     65     82    119    149    187 
171      0      0      0      0      0      0      0      0      0      0      0      2      3      4      5     10     14     22     31     50     67     89    110    133 
172      0      0      0      0      0      0      0      0      0      0      0      2      3      3      9     11     28     37     50     73    105    140    159    188 
173      0      0      0      0      0      0      0      0      0      0      0      2      3      3      8     14     30     49     75    104    137    173    226    278 
174      0      0      0      0      0      0      0      0      0      0      0      1      2      2      3      5     11     22     31     43     50     67     93    114 
175      0      0      0      0      0      0      0      0      0      0      0      0      1      2      3      5     12     22     40     58     80    111    139    164 
176      0      0      0      0      0      0      0      0      0      0      0      1      3      4      6     12     22     34     49     70     98    122    157    195 
177      0      0      0      0      0      0      0      0      0      0      0      2      6      7     11     13     20     39     58     83    115    144    187    219 
178      0      0      0      0      0      0      0      0      0      0      0      0      1      3      3     12     19     30     42     68     89    119    146    184 
179      0      0      0      0      0      0      0      0      0      0      0      0      2      2      4      7     11     23     35     48     67     87    109    139 
180      0      0      0      0      0      0      0      0      0      0      0      0      2      3      4      5      6      7     16     25     34     52     64     66 
181      0      0      0      0      0      0      0      0      0      0      0      0      1      3      4      6     11     16     30     40     59     89    115    146 
182      0      0      0      0      0      0      0      0      0      0      0      1      1      1      3      9     16     20     31     36     53     68     90    104 
183      0      0      0      0      0      0      0      0      0      0      0      1      2      5      8     12     21     29     42     63     82    122    149    190 
184      0      0      0      0      0      0      0      0      0      0      0      0      1      3      3      8     15     22     29     39     51     66     80     91 
185      0      0      0      0      0      0      0      0      0      0      0      0      2      9     19     34     52     76    119    173    252    314    383    456 
186      0      0      0      0      0      0      0      0      0      0      0      0      2      2      6     11     23     36     57     71     93    128    164    197 
187      0      0      0      0      0      0      0      0      0      0      0      1      5      6      8     12     18     20     30     46     61     70     89    107 
188      0      0      0      0      0      0      0      0      0      1      1      2      3      7     12     18     28     45     63     90    131    162    200    231 
189      0      0      0      0      0      0      0      0      0      0      1      1      3      6      9     17     30     47     68     90    128    164    204    255 
190      0      0      0      0      0      0      0      0      0      0      0      1      3      4      6      8     13     16     32     50     74    105    141    169 
191      0      0      0      0      0      0      0      0      0      0      0      1      1      4      5     10     15     40     56     81     98    126    152    186 
192      0      0      0      0      0      0      0      0      0      0      0      0      1      4      6     16     30     40     54     76    100    131    166    204 
193      0      0      0      0      0      0      0      0      0      0      0      0      0      1      4      9     16     22     32     52     65     84    104    127 
194      0      0      0      0      0      0      0      0      0      0      0      2      3      3      4      5      7     11     15     17     23     43     58     66 
195      0      0      0      0      0      0      0      0      0      0      0      0      1      2      9     17     21     30     42     63     93    120    151    177 
196      0      0      0      0      0      0      0      0      0      0      0      1      1      3      4     14     23     37     75     99    141    184    240    313 
197      0      0      0      0      0      0      0      0      0      0      0      1      5      6      9     13     15     24     37     57     70    100    118    140 
198      0      0      0      0      0      0      0      0      0      0      0      1      2      4      9     16     21     34     49     68    100    135    181    223 
199      0      0      0      0      0      0      0      0      0      0      0      0      2      3      6     11     19     34     48     63     86    106    150    193 
