000 7675217 7675217 7675216 7675213 7675206 7675198 7675189 7675167 7675143 7675122 7675090 7675068 7675049 7675034 7675021 7675012 7675006 7675001 7675000 7675000 7674999 7674999 7674999 7674999 
001 7675217 7675217 7675213 7675211 7675205 7675190 7675166 7675125 7675084 7675019 7674962 7674893 7674846 7674818 7674795 7674780 7674774 7674770 7674769 7674769 7674768 7674768 7674768 7674768 
002 7675217 7675216 7675212 7675203 7675197 7675174 7675148 7675113 7675076 7675022 7674959 7674905 7674851 7674819 7674801 7674790 7674785 7674783 7674782 7674782 7674781 7674780 7674780 7674780 
003 7675217 7675215 7675214 7675210 7675205 7675194 7675176 7675154 7675110 7675078 7675045 7674995 7674966 7674937 7674926 7674920 7674918 7674917 7674915 7674915 7674915 7674915 7674915 7674915 
004 7675217 7675216 7675213 7675210 7675200 7675185 7675163 7675132 7675093 7675050 7675005 7674963 7674926 7674902 7674885 7674878 7674877 7674875 7674874 7674874 7674873 7674873 7674873 7674872 
005 7675217 7675214 7675210 7675208 7675199 7675184 7675159 7675128 7675087 7675032 7674979 7674934 7674889 7674854 7674838 7674826 7674823 7674819 7674815 7674815 7674815 7674815 7674815 7674813 
006 7675217 7675213 7675206 7675197 7675188 7675174 7675144 7675110 7675047 7674963 7674892 7674825 7674784 7674740 7674721 7674708 7674705 7674704 7674704 7674703 7674703 7674702 7674701 7674701 
007 7675217 7675214 7675210 7675203 7675194 7675174 7675142 7675107 7675050 7674989 7674924 7674863 7674812 7674773 7674757 7674750 7674741 7674739 7674738 7674738 7674738 7674738 7674737 7674737 
008 7675217 7675216 7675215 7675212 7675210 7675205 7675197 7675186 7675172 7675154 7675137 7675118 7675102 7675089 7675078 7675074 7675072 7675071 7675071 7675071 7675071 7675071 7675071 7675071 
009 7675217 7675211 7675207 7675197 7675183 7675156 7675118 7675072 7675005 7674941 7674861 7674766 7674695 7674644 7674612 7674595 7674588 7674585 7674585 7674584 7674584 7674583 7674582 7674581 
010 7675217 7675212 7675203 7675189 7675158 7675133 7675081 7675011 7674918 7674815 7674695 7674586 7674495 7674417 7674347 7674318 7674312 7674307 7674303 7674301 7674301 7674298 7674296 7674293 
011 7675217 7675216 7675211 7675208 7675200 7675189 7675167 7675142 7675105 7675065 7675015 7674976 7674946 7674915 7674901 7674895 7674891 7674888 7674887 7674887 7674887 7674886 7674885 7674885 
012 7675217 7675215 7675215 7675213 7675202 7675193 7675180 7675163 7675127 7675087 7675049 7675013 7674981 7674966 7674949 7674940 7674936 7674936 7674936 7674936 7674936 7674935 7674935 7674935 
013 7675217 7675215 7675212 7675211 7675203 7675191 7675166 7675147 7675115 7675080 7675042 7675008 7674979 7674961 7674945 7674937 7674934 7674932 7674931 7674930 7674930 7674930 7674930 7674930 
014 7675217 7675217 7675213 7675206 7675199 7675184 7675171 7675148 7675104 7675061 7675014 7674975 7674946 7674920 7674908 7674895 7674889 7674888 7674888 7674888 7674888 7674888 7674887 7674887 
015 7675217 7675216 7675213 7675207 7675195 7675178 7675155 7675120 7675079 7675021 7674959 7674910 7674865 7674829 7674805 7674795 7674790 7674786 7674781 7674781 7674781 7674781 7674781 7674780 
016 7675217 7675215 7675214 7675209 7675204 7675194 7675170 7675143 7675106 7675066 7675027 7674984 7674944 7674916 7674906 7674897 7674892 7674889 7674889 7674889 7674889 7674886 7674885 7674884 
017 7675217 7675216 7675213 7675205 7675197 7675181 7675160 7675121 7675074 7675019 7674959 7674905 7674850 7674811 7674799 7674785 7674778 7674774 7674773 7674772 7674772 7674771 7674771 7674768 
018 7675217 7675216 7675212 7675206 7675195 7675186 7675167 7675147 7675110 7675057 7675016 7674979 7674940 7674912 7674897 7674894 7674891 7674887 7674886 7674885 7674884 7674884 7674884 7674884 
019 7675217 7675216 7675212 7675205 7675201 7675181 7675158 7675129 7675079 7675043 7674984 7674928 7674886 7674854 7674837 7674827 7674822 7674819 7674818 7674817 7674817 7674817 7674817 7674817 
020 7675217 7675215 7675215 7675213 7675211 7675206 7675202 7675192 7675172 7675154 7675139 7675118 7675104 7675094 7675086 7675084 7675082 7675082 7675081 7675081 7675081 7675081 7675081 7675081 
021 7675217 7675216 7675214 7675211 7675205 7675194 7675178 7675163 7675136 7675103 7675076 7675048 7675027 7675012 7674999 7674995 7674993 7674992 7674992 7674992 7674991 7674990 7674990 7674989 
022 7675217 7675216 7675215 7675210 7675205 7675200 7675191 7675179 7675163 7675137 7675115 7675098 7675075 7675065 7675060 7675057 7675056 7675055 7675055 7675055 7675055 7675055 7675055 7675055 
023 7675217 7675215 7675211 7675203 7675186 7675162 7675130 7675073 7675012 7674938 7674855 7674781 7674696 7674649 7674623 7674602 7674592 7674586 7674585 7674585 7674584 7674582 7674582 7674581 
024 7675217 7675216 7675213 7675210 7675207 7675202 7675187 7675169 7675146 7675121 7675088 7675062 7675042 7675032 7675026 7675019 7675017 7675014 7675014 7675014 7675014 7675014 7675014 7675014 
025 7675217 7675216 7675216 7675215 7675212 7675208 7675206 7675197 7675188 7675175 7675162 7675151 7675140 7675134 7675130 7675127 7675127 7675126 7675126 7675126 7675125 7675125 7675125 7675125 
026 7675217 7675215 7675213 7675210 7675201 7675190 7675177 7675154 7675134 7675093 7675060 7675029 7674996 7674974 7674963 7674956 7674952 7674950 7674948 7674947 7674947 7674947 7674947 7674945 
027 7675217 7675214 7675210 7675205 7675199 7675182 7675154 7675118 7675079 7675024 7674968 7674906 7674855 7674822 7674809 7674795 7674790 7674787 7674786 7674785 7674784 7674784 7674783 7674783 
028 7675217 7675215 7675214 7675208 7675199 7675185 7675170 7675137 7675096 7675047 7674983 7674934 7674885 7674852 7674827 7674822 7674820 7674819 7674817 7674817 7674817 7674817 7674817 7674817 
029 7675217 7675215 7675214 7675207 7675199 7675182 7675162 7675132 7675093 7675051 7675010 7674967 7674936 7674905 7674890 7674887 7674883 7674882 7674881 7674880 7674880 7674880 7674878 7674878 
030 7675217 7675217 7675217 7675216 7675212 7675207 7675203 7675193 7675183 7675165 7675154 7675142 7675128 7675121 7675120 7675118 7675117 7675117 7675117 7675117 7675117 7675116 7675116 7675116 
031 7675217 7675216 7675213 7675207 7675201 7675189 7675179 7675156 7675118 7675088 7675057 7675022 7674996 7674977 7674963 7674956 7674953 7674952 7674951 7674950 7674950 7674950 7674949 7674949 
032 7675217 7675216 7675213 7675208 7675200 7675184 7675161 7675130 7675089 7675042 7674999 7674944 7674908 7674881 7674857 7674848 7674843 7674840 7674840 7674840 7674840 7674840 7674840 7674840 
033 7675217 7675217 7675216 7675215 7675213 7675210 7675203 7675193 7675181 7675157 7675143 7675125 7675113 7675106 7675101 7675097 7675097 7675096 7675096 7675096 7675096 7675096 7675096 7675096 
034 7675217 7675214 7675210 7675204 7675192 7675178 7675159 7675130 7675089 7675037 7674976 7674924 7674878 7674842 7674822 7674812 7674808 7674807 7674806 7674806 7674806 7674805 7674805 7674805 
035 7675217 7675215 7675210 7675204 7675194 7675182 7675158 7675135 7675089 7675034 7674984 7674945 7674912 7674884 7674868 7674854 7674848 7674845 7674841 7674841 7674841 7674841 7674840 7674839 
036 7675217 7675216 7675212 7675202 7675191 7675175 7675148 7675117 7675060 7674996 7674935 7674865 7674818 7674784 7674767 7674753 7674745 7674741 7674740 7674740 7674740 7674740 7674740 7674740 
037 7675217 7675214 7675207 7675199 7675176 7675153 7675123 7675079 7675013 7674941 7674867 7674792 7674731 7674687 7674663 7674649 7674639 7674638 7674637 7674637 7674635 7674635 7674634 7674633 
038 7675217 7675216 7675213 7675210 7675204 7675196 7675190 7675177 7675160 7675133 7675118 7675101 7675079 7675068 7675063 7675060 7675057 7675056 7675056 7675056 7675056 7675056 7675056 7675056 
039 7675217 7675213 7675211 7675206 7675194 7675180 7675151 7675116 7675064 7674999 7674923 7674870 7674828 7674794 7674776 7674759 7674749 7674747 7674745 7674745 7674745 7674745 7674745 7674745 
040 7675217 7675212 7675207 7675197 7675189 7675164 7675129 7675076 7675010 7674938 7674854 7674779 7674704 7674649 7674625 7674608 7674604 7674602 7674602 7674602 7674601 7674601 7674601 7674600 
041 7675217 7675216 7675211 7675204 7675194 7675172 7675145 7675102 7675051 7674991 7674934 7674866 7674818 7674773 7674744 7674732 7674724 7674722 7674721 7674720 7674720 7674719 7674718 7674718 
042 7675217 7675217 7675216 7675215 7675211 7675210 7675201 7675186 7675170 7675154 7675141 7675131 7675117 7675110 7675105 7675103 7675102 7675101 7675101 7675101 7675101 7675101 7675101 7675101 
043 7675217 7675216 7675214 7675213 7675207 7675200 7675185 7675162 7675139 7675102 7675063 7675023 7674999 7674983 7674969 7674963 7674960 7674959 7674958 7674957 7674957 7674957 7674955 7674955 
044 7675217 7675214 7675209 7675199 7675181 7675158 7675125 7675078 7675013 7674912 7674815 7674713 7674647 7674595 7674555 7674537 7674526 7674524 7674521 7674521 7674521 7674521 7674521 7674520 
045 7675217 7675214 7675214 7675212 7675207 7675200 7675191 7675176 7675152 7675130 7675108 7675073 7675049 7675033 7675026 7675023 7675020 7675019 7675019 7675019 7675019 7675019 7675018 7675016 
046 7675217 7675217 7675217 7675214 7675214 7675209 7675203 7675199 7675188 7675178 7675167 7675151 7675137 7675131 7675126 7675123 7675122 7675122 7675122 7675122 7675122 7675122 7675122 7675122 
047 7675217 7675216 7675212 7675210 7675204 7675196 7675179 7675163 7675135 7675103 7675069 7675035 7675015 7674996 7674981 7674975 7674970 7674967 7674967 7674967 7674967 7674967 7674967 7674967 
048 7675217 7675215 7675212 7675207 7675197 7675184 7675166 7675135 7675097 7675040 7674986 7674934 7674885 7674860 7674839 7674824 7674818 7674814 7674813 7674813 7674813 7674813 7674813 7674813 
049 7675217 7675216 7675215 7675210 7675203 7675194 7675175 7675148 7675117 7675082 7675028 7674986 7674962 7674943 7674924 7674920 7674917 7674912 7674912 7674912 7674912 7674912 7674912 7674912 
050 7675217 7675217 7675216 7675214 7675205 7675188 7675166 7675129 7675082 7675036 7674967 7674924 7674893 7674857 7674828 7674814 7674810 7674808 7674805 7674805 7674805 7674805 7674804 7674804 
051 7675217 7675216 7675214 7675208 7675200 7675187 7675162 7675118 7675062 7675002 7674939 7674899 7674856 7674823 7674799 7674785 7674780 7674778 7674775 7674775 7674775 7674775 7674775 7674775 
052 7675217 7675215 7675212 7675206 7675200 7675186 7675159 7675123 7675096 7675045 7675011 7674973 7674943 7674915 7674892 7674879 7674873 7674873 7674872 7674871 7674871 7674870 7674870 7674870 
053 7675217 7675213 7675209 7675202 7675193 7675179 7675148 7675100 7675044 7674981 7674902 7674847 7674798 7674769 7674745 7674734 7674724 7674721 7674720 7674720 7674720 7674719 7674719 7674718 
054 7675217 7675215 7675213 7675211 7675203 7675187 7675161 7675137 7675101 7675051 7675001 7674959 7674921 7674888 7674871 7674860 7674853 7674849 7674847 7674845 7674845 7674845 7674845 7674844 
055 7675217 7675217 7675217 7675217 7675215 7675209 7675206 7675199 7675190 7675178 7675168 7675157 7675146 7675139 7675137 7675133 7675133 7675133 7675133 7675133 7675133 7675133 7675133 7675133 
056 7675217 7675215 7675214 7675209 7675201 7675183 7675158 7675129 7675094 7675065 7675039 7674998 7674956 7674943 7674928 7674922 7674918 7674917 7674915 7674915 7674915 7674915 7674915 7674914 
057 7675217 7675217 7675216 7675212 7675207 7675201 7675189 7675171 7675153 7675126 7675092 7675060 7675037 7675015 7675003 7674997 7674995 7674995 7674995 7674994 7674993 7674992 7674992 7674992 
058 7675217 7675214 7675210 7675205 7675193 7675166 7675116 7675070 7675010 7674937 7674868 7674782 7674715 7674679 7674658 7674644 7674638 7674634 7674633 7674633 7674631 7674631 7674630 7674630 
059 7675217 7675215 7675212 7675207 7675202 7675190 7675177 7675154 7675124 7675074 7675031 7674997 7674958 7674939 7674919 7674911 7674904 7674904 7674904 7674904 7674904 7674904 7674903 7674902 
060 7675217 7675215 7675212 7675206 7675201 7675186 7675168 7675141 7675098 7675061 7675024 7674982 7674932 7674898 7674881 7674870 7674867 7674865 7674865 7674864 7674864 7674864 7674863 7674863 
061 7675217 7675215 7675212 7675206 7675200 7675188 7675168 7675145 7675107 7675063 7675019 7674992 7674954 7674927 7674917 7674907 7674904 7674901 7674900 7674899 7674899 7674899 7674899 7674899 
062 7675217 7675216 7675213 7675209 7675205 7675192 7675180 7675162 7675138 7675105 7675069 7675028 7674993 7674980 7674963 7674954 7674952 7674948 7674948 7674947 7674947 7674947 7674947 7674947 
063 7675217 7675217 7675216 7675212 7675204 7675193 7675179 7675155 7675130 7675091 7675043 7674998 7674966 7674943 7674931 7674921 7674914 7674911 7674911 7674911 7674911 7674911 7674911 7674910 
064 7675217 7675217 7675217 7675216 7675216 7675214 7675209 7675207 7675202 7675190 7675182 7675177 7675169 7675165 7675163 7675163 7675160 7675159 7675159 7675159 7675159 7675159 7675159 7675159 
065 7675217 7675214 7675210 7675203 7675198 7675179 7675150 7675115 7675063 7675008 7674956 7674895 7674845 7674807 7674783 7674771 7674764 7674760 7674760 7674760 7674759 7674759 7674759 7674759 
066 7675217 7675217 7675213 7675207 7675197 7675181 7675164 7675138 7675088 7675037 7674987 7674941 7674902 7674878 7674853 7674846 7674841 7674841 7674840 7674840 7674840 7674840 7674840 7674839 
067 7675217 7675217 7675217 7675212 7675209 7675197 7675187 7675174 7675159 7675140 7675120 7675105 7675095 7675088 7675083 7675080 7675077 7675077 7675077 7675077 7675077 7675077 7675077 7675077 
068 7675217 7675213 7675209 7675205 7675193 7675179 7675152 7675106 7675056 7675001 7674932 7674864 7674821 7674778 7674757 7674743 7674737 7674735 7674732 7674732 7674732 7674732 7674731 7674731 
069 7675217 7675216 7675210 7675203 7675191 7675174 7675152 7675104 7675043 7674978 7674918 7674862 7674822 7674788 7674769 7674746 7674742 7674735 7674735 7674734 7674734 7674732 7674732 7674732 
070 7675217 7675215 7675212 7675207 7675198 7675184 7675155 7675120 7675067 7675004 7674935 7674863 7674823 7674797 7674771 7674758 7674750 7674745 7674744 7674743 7674743 7674743 7674743 7674742 
071 7675217 7675217 7675216 7675213 7675209 7675205 7675193 7675178 7675155 7675128 7675097 7675069 7675046 7675027 7675011 7675005 7674998 7674995 7674995 7674995 7674995 7674995 7674993 7674993 
072 7675217 7675216 7675213 7675211 7675207 7675200 7675193 7675183 7675167 7675149 7675129 7675108 7675090 7675078 7675071 7675067 7675066 7675066 7675066 7675066 7675066 7675066 7675066 7675066 
073 7675217 7675215 7675212 7675201 7675187 7675170 7675144 7675098 7675043 7674987 7674925 7674849 7674798 7674759 7674725 7674712 7674706 7674703 7674701 7674700 7674699 7674699 7674699 7674698 
074 7675217 7675215 7675209 7675202 7675189 7675180 7675157 7675124 7675073 7675018 7674952 7674873 7674822 7674782 7674752 7674745 7674740 7674736 7674736 7674734 7674734 7674733 7674732 7674732 
075 7675217 7675213 7675206 7675194 7675179 7675148 7675103 7675045 7674961 7674882 7674783 7674704 7674631 7674582 7674552 7674539 7674530 7674525 7674524 7674522 7674522 7674521 7674521 7674521 
076 7675217 7675216 7675213 7675207 7675200 7675186 7675160 7675126 7675082 7675031 7674981 7674914 7674867 7674834 7674814 7674803 7674793 7674789 7674788 7674788 7674786 7674785 7674784 7674782 
077 7675217 7675215 7675212 7675206 7675200 7675192 7675179 7675150 7675124 7675095 7675058 7675016 7674978 7674952 7674936 7674928 7674926 7674924 7674924 7674924 7674924 7674923 7674923 7674922 
078 7675217 7675216 7675215 7675211 7675206 7675197 7675175 7675152 7675125 7675092 7675046 7675003 7674978 7674955 7674940 7674929 7674924 7674922 7674921 7674921 7674921 7674920 7674920 7674920 
079 7675217 7675216 7675214 7675211 7675208 7675201 7675190 7675175 7675148 7675127 7675095 7675066 7675054 7675028 7675020 7675014 7675011 7675011 7675011 7675011 7675011 7675011 7675011 7675010 
080 7675217 7675217 7675216 7675215 7675213 7675205 7675196 7675183 7675166 7675147 7675126 7675100 7675086 7675077 7675068 7675061 7675059 7675058 7675058 7675058 7675058 7675058 7675057 7675057 
081 7675217 7675216 7675212 7675208 7675205 7675200 7675186 7675164 7675143 7675111 7675082 7675061 7675035 7675021 7675004 7674995 7674990 7674988 7674987 7674987 7674987 7674985 7674985 7674984 
082 7675217 7675217 7675216 7675213 7675205 7675193 7675178 7675158 7675130 7675090 7675054 7675027 7674996 7674971 7674959 7674949 7674948 7674946 7674946 7674946 7674946 7674946 7674946 7674946 
083 7675217 7675214 7675210 7675203 7675191 7675169 7675143 7675107 7675058 7674991 7674920 7674854 7674800 7674758 7674727 7674706 7674696 7674691 7674689 7674689 7674688 7674688 7674687 7674687 
084 7675217 7675217 7675214 7675208 7675200 7675179 7675150 7675104 7675045 7674977 7674897 7674819 7674769 7674731 7674705 7674694 7674687 7674681 7674680 7674679 7674679 7674679 7674678 7674677 
085 7675217 7675217 7675216 7675215 7675214 7675211 7675205 7675195 7675184 7675178 7675163 7675157 7675142 7675138 7675134 7675131 7675129 7675127 7675127 7675127 7675127 7675126 7675126 7675126 
086 7675217 7675216 7675214 7675205 7675194 7675183 7675166 7675138 7675102 7675060 7675027 7674964 7674925 7674896 7674882 7674873 7674869 7674869 7674868 7674868 7674868 7674868 7674868 7674868 
087 7675217 7675214 7675204 7675195 7675174 7675125 7675050 7674953 7674838 7674703 7674529 7674389 7674279 7674210 7674150 7674115 7674099 7674090 7674088 7674087 7674086 7674084 7674084 7674082 
088 7675217 7675216 7675213 7675208 7675197 7675177 7675155 7675130 7675090 7675047 7675003 7674953 7674913 7674887 7674869 7674857 7674852 7674852 7674851 7674851 7674851 7674851 7674851 7674851 
089 7675217 7675216 7675215 7675214 7675209 7675204 7675195 7675180 7675165 7675148 7675130 7675103 7675084 7675073 7675065 7675063 7675062 7675061 7675060 7675060 7675060 7675060 7675060 7675060 
090 7675217 7675215 7675211 7675201 7675191 7675172 7675154 7675119 7675084 7675045 7674987 7674936 7674887 7674864 7674854 7674844 7674843 7674839 7674838 7674837 7674837 7674836 7674835 7674835 
091 7675217 7675215 7675212 7675206 7675198 7675185 7675163 7675136 7675089 7675030 7674970 7674922 7674867 7674834 7674810 7674801 7674800 7674797 7674796 7674794 7674794 7674793 7674793 7674793 
092 7675217 7675216 7675212 7675209 7675199 7675186 7675166 7675141 7675107 7675052 7675015 7674971 7674925 7674904 7674884 7674875 7674868 7674866 7674865 7674864 7674862 7674862 7674862 7674861 
093 7675217 7675215 7675214 7675210 7675204 7675192 7675172 7675140 7675100 7675057 7675018 7674974 7674941 7674922 7674899 7674888 7674883 7674882 7674881 7674881 7674880 7674877 7674877 7674877 
094 7675217 7675214 7675210 7675204 7675191 7675163 7675133 7675086 7675021 7674950 7674868 7674793 7674737 7674679 7674644 7674635 7674629 7674626 7674626 7674625 7674625 7674625 7674624 7674622 
095 7675217 7675215 7675213 7675209 7675202 7675195 7675178 7675162 7675137 7675101 7675078 7675056 7675030 7675008 7675000 7674993 7674990 7674990 7674988 7674988 7674988 7674988 7674988 7674988 
096 7675217 7675217 7675216 7675212 7675208 7675199 7675188 7675171 7675147 7675121 7675085 7675056 7675030 7675017 7675010 7675003 7675001 7675001 7674999 7674999 7674999 7674999 7674998 7674998 
097 7675217 7675216 7675214 7675212 7675209 7675202 7675188 7675171 7675150 7675122 7675089 7675063 7675044 7675025 7675013 7675000 7674996 7674993 7674993 7674993 7674991 7674991 7674990 7674989 
098 7675217 7675216 7675213 7675212 7675206 7675196 7675176 7675154 7675119 7675071 7675032 7675002 7674965 7674942 7674937 7674930 7674925 7674925 7674925 7674925 7674923 7674923 7674923 7674922 
099 7675217 7675216 7675211 7675204 7675195 7675183 7675155 7675125 7675063 7675002 7674935 7674876 7674818 7674789 7674773 7674760 7674753 7674748 7674746 7674745 7674745 7674745 7674745 7674745 
100 7675217 7675216 7675213 7675210 7675206 7675202 7675185 7675172 7675149 7675123 7675094 7675062 7675034 7675013 7675000 7674994 7674991 7674989 7674987 7674986 7674986 7674986 7674986 7674986 
101 7675217 7675214 7675210 7675199 7675183 7675158 7675123 7675072 7675000 7674898 7674811 7674720 7674655 7674597 7674567 7674542 7674535 7674530 7674528 7674526 7674526 7674526 7674525 7674525 
102 7675217 7675216 7675215 7675212 7675208 7675201 7675191 7675175 7675153 7675124 7675089 7675068 7675048 7675033 7675026 7675022 7675022 7675020 7675018 7675017 7675017 7675017 7675017 7675017 
103 7675217 7675216 7675212 7675210 7675203 7675193 7675182 7675168 7675139 7675100 7675068 7675037 7675014 7674995 7674986 7674981 7674980 7674975 7674974 7674974 7674974 7674974 7674974 7674974 
104 7675217 7675217 7675217 7675215 7675211 7675208 7675201 7675190 7675180 7675163 7675143 7675129 7675115 7675098 7675092 7675091 7675089 7675089 7675089 7675089 7675088 7675087 7675087 7675087 
105 7675217 7675215 7675211 7675206 7675194 7675174 7675149 7675110 7675059 7674993 7674921 7674851 7674799 7674765 7674737 7674729 7674722 7674716 7674715 7674715 7674714 7674713 7674712 7674712 
106 7675217 7675215 7675213 7675209 7675205 7675189 7675171 7675155 7675126 7675079 7675036 7674984 7674954 7674932 7674918 7674912 7674906 7674904 7674904 7674903 7674903 7674903 7674902 7674902 
107 7675217 7675215 7675212 7675207 7675198 7675181 7675159 7675112 7675058 7674981 7674919 7674864 7674806 7674767 7674730 7674717 7674712 7674712 7674711 7674709 7674708 7674708 7674708 7674707 
108 7675217 7675216 7675212 7675207 7675204 7675196 7675179 7675160 7675135 7675102 7675065 7675016 7674985 7674956 7674941 7674931 7674929 7674926 7674924 7674924 7674924 7674924 7674924 7674924 
109 7675217 7675212 7675210 7675204 7675192 7675175 7675149 7675112 7675060 7675004 7674941 7674880 7674840 7674803 7674783 7674771 7674763 7674760 7674757 7674756 7674756 7674756 7674755 7674755 
110 7675217 7675215 7675214 7675209 7675204 7675194 7675180 7675154 7675121 7675096 7675064 7675035 7675006 7674987 7674974 7674967 7674965 7674964 7674964 7674964 7674964 7674964 7674964 7674962 
111 7675217 7675215 7675211 7675205 7675197 7675183 7675153 7675112 7675064 7674990 7674921 7674857 7674801 7674765 7674736 7674725 7674720 7674717 7674715 7674713 7674712 7674711 7674711 7674711 
112 7675217 7675217 7675217 7675216 7675214 7675214 7675208 7675197 7675187 7675179 7675171 7675159 7675150 7675145 7675138 7675136 7675133 7675131 7675129 7675129 7675129 7675129 7675129 7675129 
113 7675217 7675215 7675211 7675204 7675191 7675170 7675131 7675079 7674994 7674909 7674824 7674750 7674679 7674641 7674608 7674597 7674587 7674585 7674585 7674584 7674584 7674583 7674583 7674583 
114 7675217 7675217 7675217 7675214 7675213 7675210 7675205 7675201 7675193 7675178 7675167 7675162 7675154 7675149 7675143 7675140 7675139 7675136 7675136 7675136 7675136 7675136 7675136 7675136 
115 7675217 7675214 7675209 7675199 7675190 7675164 7675135 7675084 7675012 7674947 7674873 7674805 7674736 7674689 7674656 7674633 7674627 7674626 7674625 7674625 7674623 7674623 7674621 7674621 
116 7675217 7675217 7675217 7675217 7675215 7675209 7675203 7675194 7675183 7675169 7675148 7675133 7675121 7675115 7675107 7675106 7675106 7675106 7675106 7675106 7675106 7675106 7675106 7675106 
117 7675217 7675216 7675215 7675215 7675211 7675203 7675188 7675168 7675141 7675106 7675067 7675031 7675010 7674999 7674987 7674976 7674973 7674972 7674972 7674972 7674971 7674971 7674971 7674971 
118 7675217 7675215 7675215 7675211 7675203 7675192 7675173 7675151 7675125 7675085 7675036 7674998 7674965 7674936 7674927 7674919 7674916 7674911 7674910 7674910 7674910 7674910 7674910 7674909 
119 7675217 7675217 7675217 7675216 7675216 7675215 7675214 7675211 7675209 7675205 7675199 7675196 7675194 7675194 7675190 7675188 7675187 7675187 7675187 7675187 7675186 7675186 7675186 7675186 
120 7675217 7675217 7675216 7675214 7675211 7675203 7675193 7675177 7675160 7675132 7675110 7675084 7675065 7675049 7675040 7675036 7675034 7675033 7675031 7675031 7675031 7675031 7675031 7675031 
121 7675217 7675213 7675205 7675198 7675182 7675157 7675131 7675091 7675010 7674929 7674844 7674772 7674705 7674658 7674624 7674604 7674596 7674589 7674589 7674589 7674589 7674589 7674589 7674588 
122 7675217 7675216 7675215 7675208 7675205 7675195 7675183 7675165 7675143 7675112 7675082 7675058 7675042 7675025 7675013 7675011 7675007 7675007 7675007 7675006 7675006 7675006 7675005 7675005 
123 7675217 7675215 7675213 7675206 7675200 7675189 7675171 7675142 7675109 7675073 7675028 7674983 7674947 7674926 7674911 7674908 7674904 7674903 7674902 7674902 7674901 7674901 7674901 7674900 
124 7675217 7675215 7675212 7675208 7675198 7675183 7675149 7675116 7675071 7675019 7674968 7674907 7674867 7674833 7674818 7674803 7674797 7674797 7674795 7674795 7674795 7674795 7674794 7674794 
125 7675217 7675217 7675214 7675210 7675206 7675199 7675190 7675171 7675143 7675118 7675094 7675068 7675041 7675023 7675013 7675009 7675004 7675003 7675003 7675003 7675003 7675002 7675001 7675001 
126 7675217 7675215 7675213 7675210 7675207 7675201 7675194 7675172 7675150 7675124 7675093 7675071 7675052 7675040 7675032 7675028 7675027 7675026 7675026 7675026 7675026 7675026 7675026 7675026 
127 7675217 7675214 7675209 7675201 7675189 7675162 7675119 7675067 7674987 7674900 7674801 7674715 7674632 7674568 7674527 7674508 7674495 7674489 7674488 7674487 7674486 7674486 7674485 7674485 
128 7675217 7675214 7675211 7675205 7675197 7675180 7675154 7675128 7675076 7675019 7674946 7674889 7674845 7674797 7674776 7674762 7674752 7674751 7674751 7674751 7674751 7674751 7674751 7674751 
129 7675217 7675216 7675215 7675213 7675205 7675195 7675173 7675151 7675122 7675078 7675031 7674983 7674943 7674915 7674902 7674891 7674886 7674884 7674882 7674881 7674880 7674878 7674878 7674877 
130 7675217 7675216 7675212 7675208 7675201 7675191 7675177 7675151 7675123 7675086 7675052 7675020 7674991 7674975 7674965 7674953 7674949 7674949 7674947 7674947 7674947 7674947 7674947 7674947 
131 7675217 7675215 7675214 7675211 7675203 7675193 7675177 7675148 7675111 7675076 7675040 7674999 7674955 7674929 7674919 7674911 7674910 7674910 7674910 7674910 7674910 7674909 7674909 7674908 
132 7675217 7675215 7675213 7675205 7675199 7675177 7675147 7675104 7675035 7674959 7674877 7674788 7674711 7674676 7674651 7674631 7674626 7674623 7674619 7674617 7674615 7674615 7674614 7674614 
133 7675217 7675215 7675213 7675207 7675194 7675180 7675151 7675114 7675057 7674997 7674921 7674857 7674811 7674783 7674761 7674752 7674743 7674739 7674738 7674738 7674736 7674735 7674734 7674734 
134 7675217 7675214 7675211 7675201 7675186 7675174 7675143 7675103 7675053 7674993 7674921 7674850 7674788 7674749 7674723 7674713 7674706 7674702 7674700 7674700 7674700 7674699 7674699 7674698 
135 7675217 7675217 7675217 7675215 7675212 7675206 7675197 7675183 7675164 7675141 7675119 7675093 7675078 7675063 7675051 7675046 7675045 7675045 7675045 7675045 7675045 7675045 7675045 7675045 
136 7675217 7675217 7675216 7675215 7675212 7675210 7675203 7675194 7675181 7675168 7675158 7675145 7675125 7675115 7675107 7675101 7675097 7675096 7675096 7675096 7675095 7675095 7675095 7675095 
137 7675217 7675216 7675213 7675206 7675199 7675189 7675175 7675153 7675117 7675073 7675027 7674996 7674958 7674931 7674912 7674898 7674897 7674894 7674894 7674894 7674894 7674894 7674894 7674892 
138 7675217 7675217 7675217 7675217 7675215 7675211 7675208 7675201 7675190 7675183 7675169 7675159 7675150 7675143 7675136 7675133 7675132 7675131 7675131 7675130 7675130 7675130 7675130 7675130 
139 7675217 7675214 7675209 7675205 7675198 7675178 7675154 7675112 7675052 7674990 7674918 7674858 7674825 7674789 7674769 7674756 7674745 7674743 7674743 7674743 7674743 7674741 7674741 7674740 
140 7675217 7675216 7675213 7675205 7675196 7675182 7675164 7675131 7675088 7675035 7674975 7674928 7674891 7674864 7674854 7674842 7674835 7674834 7674834 7674833 7674833 7674832 7674832 7674832 
141 7675217 7675216 7675213 7675204 7675192 7675175 7675152 7675112 7675078 7675029 7674971 7674920 7674870 7674839 7674812 7674796 7674790 7674787 7674785 7674784 7674784 7674784 7674784 7674784 
142 7675217 7675214 7675209 7675202 7675193 7675167 7675128 7675066 7674992 7674897 7674792 7674698 7674619 7674575 7674552 7674531 7674522 7674519 7674519 7674517 7674517 7674515 7674515 7674512 
143 7675217 7675214 7675213 7675209 7675205 7675195 7675180 7675160 7675133 7675096 7675068 7675027 7675008 7674978 7674967 7674963 7674960 7674957 7674955 7674955 7674955 7674955 7674954 7674954 
144 7675217 7675216 7675214 7675209 7675198 7675186 7675169 7675138 7675090 7675029 7674967 7674909 7674858 7674816 7674793 7674778 7674774 7674771 7674770 7674770 7674766 7674764 7674763 7674763 
145 7675217 7675215 7675214 7675210 7675197 7675183 7675151 7675110 7675068 7675009 7674938 7674875 7674813 7674777 7674751 7674734 7674733 7674730 7674729 7674729 7674729 7674728 7674727 7674725 
146 7675217 7675216 7675215 7675210 7675201 7675191 7675173 7675149 7675107 7675067 7675036 7674999 7674957 7674936 7674920 7674913 7674912 7674911 7674909 7674908 7674908 7674908 7674908 7674907 
147 7675217 7675216 7675212 7675205 7675194 7675172 7675143 7675099 7675036 7674967 7674895 7674834 7674776 7674735 7674709 7674696 7674687 7674682 7674682 7674682 7674680 7674680 7674680 7674680 
148 7675217 7675217 7675215 7675213 7675211 7675199 7675187 7675166 7675147 7675122 7675090 7675061 7675037 7675023 7675013 7675004 7674999 7674998 7674996 7674995 7674994 7674994 7674993 7674993 
149 7675217 7675214 7675211 7675202 7675188 7675168 7675125 7675070 7675026 7674968 7674893 7674811 7674761 7674710 7674677 7674663 7674655 7674655 7674652 7674652 7674650 7674650 7674649 7674648 
150 7675217 7675216 7675215 7675209 7675200 7675189 7675179 7675165 7675143 7675114 7675090 7675065 7675038 7675024 7675015 7675011 7675007 7675003 7675002 7675001 7675001 7675001 7675001 7675001 
151 7675217 7675216 7675213 7675210 7675200 7675187 7675162 7675134 7675094 7675039 7674973 7674934 7674880 7674848 7674832 7674825 7674816 7674815 7674812 7674811 7674810 7674809 7674809 7674809 
152 7675217 7675215 7675211 7675203 7675185 7675172 7675143 7675090 7675029 7674953 7674871 7674797 7674731 7674683 7674647 7674632 7674621 7674614 7674612 7674611 7674610 7674609 7674609 7674608 
153 7675217 7675217 7675217 7675216 7675213 7675210 7675207 7675203 7675194 7675189 7675183 7675174 7675170 7675162 7675155 7675153 7675152 7675152 7675151 7675151 7675151 7675151 7675151 7675151 
154 7675217 7675213 7675210 7675205 7675194 7675173 7675140 7675101 7675051 7674971 7674900 7674839 7674774 7674740 7674718 7674707 7674702 7674700 7674698 7674697 7674695 7674695 7674694 7674693 
155 7675217 7675216 7675216 7675214 7675211 7675206 7675196 7675185 7675172 7675158 7675139 7675124 7675108 7675096 7675089 7675082 7675080 7675080 7675080 7675080 7675080 7675080 7675080 7675080 
156 7675217 7675215 7675212 7675205 7675193 7675178 7675159 7675124 7675072 7675019 7674962 7674918 7674873 7674843 7674819 7674807 7674796 7674793 7674791 7674790 7674790 7674790 7674787 7674787 
157 7675217 7675216 7675212 7675209 7675198 7675185 7675169 7675139 7675110 7675069 7675033 7674991 7674957 7674933 7674916 7674907 7674903 7674901 7674900 7674900 7674900 7674900 7674900 7674900 
158 7675217 7675216 7675215 7675210 7675203 7675193 7675182 7675164 7675144 7675123 7675102 7675078 7675060 7675049 7675038 7675030 7675025 7675024 7675024 7675024 7675024 7675024 7675024 7675024 
159 7675217 7675216 7675215 7675211 7675204 7675199 7675188 7675169 7675144 7675120 7675092 7675059 7675031 7675018 7675000 7674990 7674988 7674988 7674988 7674988 7674987 7674987 7674987 7674987 
160 7675217 7675215 7675211 7675199 7675186 7675164 7675125 7675075 7675018 7674947 7674876 7674805 7674739 7674687 7674655 7674645 7674643 7674636 7674635 7674635 7674634 7674634 7674634 7674634 
161 7675217 7675217 7675216 7675216 7675213 7675208 7675201 7675190 7675172 7675152 7675132 7675111 7675097 7675087 7675081 7675078 7675077 7675076 7675076 7675076 7675076 7675076 7675076 7675076 
162 7675217 7675215 7675211 7675203 7675195 7675176 7675150 7675106 7675049 7674983 7674909 7674861 7674797 7674755 7674737 7674725 7674723 7674719 7674718 7674718 7674718 7674718 7674718 7674716 
163 7675217 7675215 7675213 7675210 7675206 7675194 7675180 7675158 7675130 7675097 7675059 7675033 7675007 7674982 7674970 7674962 7674960 7674959 7674959 7674959 7674958 7674958 7674958 7674958 
164 7675217 7675216 7675214 7675207 7675197 7675186 7675156 7675119 7675071 7675034 7674985 7674937 7674889 7674868 7674846 7674831 7674825 7674825 7674824 7674823 7674823 7674823 7674823 7674822 
165 7675217 7675217 7675215 7675214 7675213 7675210 7675206 7675198 7675190 7675181 7675167 7675154 7675148 7675143 7675140 7675138 7675137 7675137 7675137 7675136 7675136 7675136 7675136 7675136 
166 7675217 7675213 7675203 7675188 7675169 7675131 7675061 7674982 7674864 7674716 7674570 7674419 7674288 7674217 7674159 7674132 7674111 7674100 7674098 7674096 7674092 7674090 7674090 7674090 
167 7675217 7675214 7675209 7675195 7675177 7675148 7675102 7675039 7674950 7674856 7674726 7674615 7674521 7674458 7674412 7674384 7674377 7674374 7674371 7674370 7674370 7674368 7674367 7674367 
168 7675217 7675217 7675216 7675216 7675213 7675212 7675208 7675203 7675198 7675189 7675184 7675176 7675172 7675169 7675167 7675167 7675166 7675166 7675165 7675165 7675165 7675165 7675165 7675165 
169 7675217 7675217 7675215 7675208 7675199 7675186 7675172 7675138 7675104 7675064 7675005 7674960 7674924 7674893 7674876 7674863 7674859 7674856 7674855 7674854 7674852 7674851 7674851 7674851 
170 7675217 7675217 7675216 7675211 7675201 7675187 7675169 7675145 7675120 7675096 7675052 7675018 7674989 7674965 7674949 7674934 7674933 7674930 7674928 7674928 7674927 7674926 7674926 7674926 
171 7675217 7675213 7675207 7675199 7675183 7675155 7675111 7675040 7674952 7674860 7674756 7674652 7674582 7674512 7674468 7674449 7674445 7674441 7674439 7674438 7674438 7674438 7674437 7674435 
172 7675217 7675217 7675214 7675210 7675206 7675197 7675187 7675170 7675138 7675099 7675064 7675037 7675007 7674990 7674981 7674973 7674969 7674969 7674969 7674969 7674969 7674968 7674968 7674968 
173 7675217 7675216 7675215 7675215 7675213 7675211 7675207 7675200 7675194 7675187 7675175 7675166 7675153 7675149 7675148 7675146 7675144 7675144 7675143 7675143 7675143 7675143 7675143 7675143 
174 7675217 7675217 7675217 7675216 7675214 7675212 7675209 7675199 7675190 7675183 7675176 7675166 7675161 7675157 7675156 7675154 7675152 7675152 7675152 7675152 7675152 7675152 7675152 7675152 
175 7675217 7675213 7675207 7675196 7675177 7675140 7675092 7675020 7674928 7674822 7674694 7674580 7674478 7674424 7674385 7674359 7674348 7674341 7674336 7674335 7674334 7674333 7674333 7674333 
176 7675217 7675215 7675212 7675203 7675191 7675167 7675128 7675076 7675011 7674924 7674830 7674738 7674666 7674633 7674606 7674590 7674578 7674575 7674572 7674570 7674570 7674570 7674569 7674567 
177 7675217 7675215 7675210 7675204 7675190 7675169 7675125 7675075 7675018 7674943 7674872 7674801 7674732 7674682 7674653 7674633 7674623 7674620 7674619 7674619 7674618 7674618 7674618 7674617 
178 7675217 7675210 7675204 7675195 7675182 7675155 7675113 7675043 7674966 7674866 7674777 7674692 7674613 7674573 7674540 7674519 7674512 7674503 7674502 7674502 7674502 7674501 7674501 7674500 
179 7675217 7675215 7675214 7675210 7675203 7675188 7675171 7675147 7675112 7675071 7675017 7674977 7674946 7674913 7674905 7674896 7674893 7674891 7674890 7674890 7674889 7674887 7674887 7674886 
180 7675217 7675216 7675212 7675207 7675191 7675169 7675140 7675099 7675042 7674971 7674900 7674828 7674780 7674736 7674706 7674688 7674675 7674671 7674670 7674669 7674667 7674667 7674666 7674664 
181 7675217 7675216 7675215 7675214 7675209 7675198 7675192 7675176 7675153 7675134 7675115 7675096 7675084 7675074 7675065 7675061 7675059 7675058 7675058 7675058 7675058 7675058 7675058 7675058 
182 7675217 7675214 7675214 7675207 7675203 7675195 7675179 7675153 7675124 7675085 7675054 7675018 7674987 7674969 7674960 7674952 7674951 7674947 7674947 7674947 7674947 7674947 7674947 7674947 
183 7675217 7675215 7675208 7675193 7675168 7675132 7675071 7675000 7674900 7674800 7674679 7674561 7674460 7674388 7674353 7674327 7674317 7674310 7674306 7674306 7674305 7674305 7674304 7674303 
184 7675217 7675216 7675214 7675208 7675199 7675180 7675152 7675106 7675058 7674986 7674920 7674856 7674799 7674759 7674739 7674729 7674719 7674718 7674716 7674715 7674715 7674713 7674713 7674712 
185 7675217 7675215 7675210 7675203 7675188 7675164 7675123 7675067 7675003 7674909 7674821 7674739 7674678 7674629 7674599 7674578 7674571 7674566 7674564 7674564 7674564 7674564 7674563 7674561 
186 7675217 7675214 7675210 7675203 7675188 7675166 7675137 7675089 7675026 7674971 7674902 7674839 7674792 7674764 7674744 7674732 7674726 7674723 7674721 7674720 7674720 7674720 7674720 7674719 
187 7675217 7675214 7675213 7675204 7675196 7675181 7675150 7675107 7675064 7674987 7674909 7674842 7674778 7674738 7674708 7674694 7674684 7674678 7674678 7674677 7674675 7674675 7674675 7674675 
188 7675217 7675217 7675217 7675214 7675210 7675206 7675202 7675192 7675178 7675165 7675145 7675125 7675108 7675102 7675097 7675091 7675089 7675089 7675089 7675089 7675089 7675089 7675089 7675088 
189 7675217 7675215 7675214 7675208 7675199 7675192 7675169 7675139 7675100 7675065 7675016 7674970 7674929 7674907 7674889 7674885 7674879 7674875 7674874 7674874 7674874 7674873 7674873 7674872 
190 7675217 7675214 7675213 7675206 7675195 7675179 7675153 7675113 7675065 7675012 7674957 7674908 7674862 7674822 7674803 7674785 7674777 7674776 7674776 7674776 7674775 7674774 7674774 7674772 
191 7675217 7675216 7675214 7675211 7675204 7675194 7675174 7675156 7675133 7675098 7675055 7675010 7674981 7674966 7674958 7674949 7674944 7674943 7674941 7674941 7674941 7674940 7674940 7674940 
192 7675217 7675216 7675213 7675206 7675194 7675179 7675145 7675109 7675049 7674978 7674899 7674837 7674780 7674739 7674705 7674692 7674678 7674673 7674671 7674670 7674669 7674669 7674669 7674669 
193 7675217 7675215 7675213 7675210 7675202 7675191 7675168 7675135 7675103 7675062 7675019 7674992 7674964 7674943 7674925 7674919 7674915 7674912 7674911 7674909 7674908 7674908 7674907 7674907 
194 7675217 7675215 7675214 7675209 7675204 7675192 7675176 7675154 7675123 7675084 7675054 7675026 7675003 7674984 7674975 7674968 7674963 7674963 7674962 7674962 7674962 7674962 7674962 7674962 
195 7675217 7675213 7675208 7675200 7675188 7675168 7675132 7675081 7675015 7674951 7674882 7674819 7674764 7674717 7674691 7674673 7674665 7674662 7674660 7674660 7674660 7674660 7674660 7674660 
196 7675217 7675215 7675211 7675209 7675198 7675181 7675164 7675130 7675086 7675043 7674987 7674934 7674899 7674875 7674855 7674843 7674837 7674833 7674833 7674833 7674833 7674831 7674830 7674830 
197 7675217 7675215 7675210 7675202 7675189 7675170 7675130 7675086 7675035 7674973 7674894 7674829 7674775 7674738 7674722 7674713 7674708 7674706 7674704 7674704 7674704 7674704 7674702 7674702 
198 7675217 7675217 7675217 7675214 7675213 7675210 7675203 7675196 7675183 7675174 7675165 7675155 7675143 7675138 7675137 7675133 7675131 7675131 7675131 7675131 7675131 7675131 7675131 7675131 
199 7675217 7675217 7675214 7675212 7675207 7675200 7675188 7675166 7675143 7675115 7675084 7675061 7675042 7675026 7675017 7675011 7675006 7675003 7675003 7675003 7675003 7675003 7675002 7675002 
