000      0      0      2      2      2      3      3      3      3      4      5      6      9     13     16     21     22     22     27     30     32     31     28     27 
001      0      0      2      2      3      3      3      3      4      6      8     11     14     24     26     28     33     36     40     42     42     41     40     33 
002      0      0      2      2      2      2      2      2      2      3      5      6      6     11     16     21     30     33     42     44     46     51     48     46 
003      0      0      2      2      2      3      3      3      5      9     17     23     32     50     63     71     87    106    121    126    125    123    118    110 
004      0      0      2      2      2      2      3      3      3      5      7      9     13     15     21     23     36     45     52     57     59     60     60     62 
005      0      0      2      2      2      2      2      2      2      3      5      7      7     10     11     14     20     22     24     23     24     27     24     23 
006      0      0      2      2      2      2      2      2      4      7     10     13     19     26     34     43     49     55     60     61     63     61     58     54 
007      0      0      2      2      2      2      2      2      3      6      6      9     18     26     37     43     51     54     65     68     69     68     67     64 
008      0      0      2      2      2      2      3      3      6      6     16     25     37     50     76     95    115    134    146    163    178    173    171    154 
009      0      0      2      3      3      3      3      4      4      4      8      7     11     18     23     32     39     48     57     62     67     68     66     66 
010      0      0      2      2      2      2      2      2      3      5      8     11     14     22     31     42     51     62     67     72     71     70     67     64 
011      0      0      2      2      2      2      2      2      2      3      5      9     11     18     22     26     31     35     37     40     40     40     38     36 
012      0      0      2      2      2      2      3      3      3      3      7      7      8      8      9     10     11     12     14     14     14     13     13     13 
013      0      0      2      2      2      2      2      2      3      7     10     13     18     22     25     30     34     39     46     49     49     48     44     44 
014      0      0      2      2      2      2      2      2      4      6     14     19     21     24     30     34     46     51     60     66     67     63     61     56 
015      0      0      2      2      2      2      2      2      3      5     11     16     22     28     35     40     53     67     66     69     71     69     66     63 
016      0      0      2      2      2      2      2      2      2      2      5      9     13     16     17     22     25     31     34     34     34     35     32     29 
017      0      0      2      2      2      2      2      2      2      4      5      7      9      7      7     10     10     13     17     17     18     19     17     17 
018      0      0      2      2      2      2      2      2      2      2      4     10     15     26     35     41     47     56     63     69     68     68     66     61 
019      0      0      2      2      2      3      3      4     10     12     20     33     44     61     79     93    116    137    151    156    162    165    163    155 
020      0      0      2      2      2      2      2      3      4      5      5      9     10     16     20     25     28     33     35     40     41     42     38     36 
021      0      0      2      2      2      2      2      3      3      6      9     10     13     14     19     25     27     34     37     37     36     34     30     29 
022      0      0      2      2      2      3      3      3      4      5      5      6      6      9     12     15     17     28     32     34     39     40     38     35 
023      0      0      2      2      2      2      2      2      2      5      6      9     12     15     20     23     24     31     34     35     34     33     29     28 
024      0      0      2      2      2      2      3      3      3      3      3      3      3      5      4      7      8      8     11     12     14     16     16     15 
025      0      0      2      2      2      2      2      2      2      3      3      6      6     10     13     19     23     30     33     34     34     34     36     35 
026      0      0      2      2      2      2      2      2      4      4      5      7      9     14     19     22     25     27     33     34     32     33     31     29 
027      0      0      2      2      2      2      2      2      2      3      5      5      7      7     12     12     12     14     14     14     15     16     16     15 
028      0      0      2      2      2      2      2      2      2      5      7     12     16     21     24     28     39     48     51     55     60     60     55     50 
029      0      0      2      2      2      2      2      2      3      5      6     10     20     27     37     44     48     57     61     66     68     72     66     62 
030      0      0      2      2      2      2      3      3      4      7     13     20     25     33     39     50     56     65     75     78     78     74     62     59 
031      0      0      2      2      2      2      2      3      3      4      7     11     15     19     25     29     41     50     56     62     64     64     62     61 
032      0      0      2      2      2      2      2      2      2      3      6     10     13     18     23     27     36     42     45     51     56     56     51     51 
033      0      0      2      2      2      2      2      3      5      7     10     11     14     18     21     23     27     30     32     32     34     32     29     27 
034      0      0      2      2      2      2      2      2      6     10     13     17     25     35     39     46     52     62     66     69     69     66     66     63 
035      0      0      2      2      2      2      2      3      5      6     11     13     21     33     40     49     66     81     90     92     94     93     88     82 
036      0      0      2      2      2      2      2      3      4      7     11     18     21     36     45     53     59     66     72     73     77     80     78     70 
037      0      0      2      2      2      2      2      2      3      3      3      3      3      2      5      5      7     10     13     14     14     13     13     14 
038      0      0      2      2      2      2      2      2      3      6      8     11     12     14     18     22     24     27     33     37     41     39     38     35 
039      0      0      2      2      2      3      3      3      3      5      7      8     12     12     13     16     22     26     30     31     29     25     25     25 
040      0      0      2      2      2      2      2      2      3      3      3      5      5      7      7      8     10     11     13     14     14     15     14     13 
041      0      0      2      2      2      3      3      3      4      9     12     14     18     29     37     44     53     62     71     75     76     72     69     66 
042      0      0      2      2      2      2      2      2      4      9     17     23     31     39     50     64     77     86     95    103    101    105    100     98 
043      0      0      2      2      2      2      2      3      5      9     15     18     27     36     46     55     67     75     81     89     88     83     81     76 
044      0      0      2      2      2      2      2      3      4      6     11     19     31     45     54     63     76     88     96     99    102    105    101     93 
045      0      0      2      2      2      2      2      2      2      4      5      6      9     13     18     21     28     35     40     43     46     48     45     42 
046      0      0      2      2      2      2      2      3      5      5      8     13     19     23     33     40     51     59     66     74     80     73     68     62 
047      0      0      2      2      2      2      2      5      6     11     11     17     19     23     29     33     40     45     56     64     64     61     59     57 
048      0      0      2      2      2      2      4      5      7     10     12     12     13     16     21     28     34     41     45     47     51     50     47     45 
049      0      0      2      2      2      2      2      3      3      3      3      4      5     10     18     21     29     32     38     41     44     44     44     43 
050      0      0      2      2      2      3      3      3      3      4      4      7      8     14     15     21     28     35     38     41     43     44     42     39 
051      0      0      2      2      2      2      2      2      2      5      8     13     17     20     25     27     32     39     44     47     46     46     45     44 
052      0      0      2      2      2      2      3      4      4      4      5      8     11     14     16     23     29     36     40     41     43     42     40     42 
053      0      0      2      2      2      2      2      3      3      4      4      7      9     12     15     22     27     29     36     37     42     43     41     41 
054      0      0      2      2      2      2      2      2      3      9     12     20     24     39     48     64     84     97    103    110    107    109    101     92 
055      0      0      2      2      2      2      2      3      5      7      8     11     14     24     33     42     48     53     60     71     79     78     77     75 
056      0      0      2      2      2      2      2      3      3      5      6      7      7     16     20     23     28     32     36     36     37     34     33     26 
057      0      0      2      2      2      2      4      4      5      6     14     22     30     42     48     64     74     88    101    104    101    103     93     91 
058      0      0      2      2      2      3      4      5      7      9     12     12     17     26     33     42     56     61     68     74     79     83     82     78 
059      0      0      2      2      2      2      3      5      6      8      9     14     21     29     41     51     64     70     76     80     84     85     81     79 
060      0      0      2      2      2      2      2      2      4      5      5      9      9     12     22     31     43     47     55     59     62     61     59     57 
061      0      0      2      2      2      2      2      3      3      7     11     14     15     26     31     38     39     45     48     50     53     52     46     45 
062      0      0      2      2      2      2      2      2      5      8     13     23     26     34     40     48     58     71     79     86     91     88     86     79 
063      0      0      2      2      2      2      2      3      7      8     10     14     20     27     31     38     45     54     59     64     64     61     59     57 
064      0      0      2      2      2      2      2      3      3      4      5      7     12     16     20     28     31     37     37     44     43     44     45     42 
065      0      0      2      2      2      3      3      5      7      9     13     20     29     41     60     81    106    118    137    148    154    150    148    145 
066      0      0      2      2      2      2      2      2      2      2      4      4      4      6      6     10     12     15     16     16     17     20     19     19 
067      0      0      2      2      2      2      2      3      4      7     13     15     24     36     47     56     66     80     92    101    104    101     97     86 
068      0      0      2      2      2      2      2      2      4      5      6      8     13     19     27     38     47     60     64     73     76     77     74     67 
069      0      0      2      2      2      2      3      3      5      5     10     15     18     23     30     36     52     64     74     80     86     85     84     81 
070      0      0      2      2      3      3      3      4      4      5      6      9     11     14     19     25     28     34     36     39     40     40     40     35 
071      0      0      2      2      2      2      2      2      2      4      6      7     10     11     16     22     24     31     35     37     38     37     35     35 
072      0      0      2      2      2      2      3      3      3      5      7      7      8      9     13     18     19     23     25     26     28     27     29     27 
073      0      0      2      2      2      2      2      3      5      8     10     11     14     21     21     27     33     37     39     42     44     49     43     44 
074      0      0      1      1      1      1      2      3      4      6     10     14     14     19     26     34     41     53     57     63     63     66     64     61 
075      0      0      2      2      2      2      4      4      6     10     14     24     29     44     63     76     89    107    125    137    143    150    142    131 
076      0      0      2      2      2      2      2      2      5     10     15     17     23     30     40     50     62     72     75     76     73     71     70     65 
077      0      0      2      2      2      3      3      5      6      6     14     15     19     26     31     40     47     52     53     59     61     59     56     50 
078      0      0      2      2      2      2      2      2      2      2      5      6     10     14     19     23     30     33     40     42     42     42     40     36 
079      0      0      2      2      2      2      2      2      2      4      5      7      8     11     16     18     21     24     29     29     28     28     30     25 
080      0      0      2      2      2      2      2      2      2      4      4      4      9     11     15     17     24     25     29     31     31     32     30     29 
081      0      0      2      2      2      2      3      3      4      6      8      8     14     21     24     32     40     50     55     60     61     62     58     57 
082      0      0      2      2      3      3      3      3      3      3      3      4      9     11     17     21     27     32     36     38     40     40     38     35 
083      0      0      2      2      2      2      2      2      2      4      4      6      7      8      9     10     14     16     17     19     17     17     17     16 
084      0      0      2      2      2      2      2      2      2      4      6     11     14     19     25     32     38     41     43     44     46     48     48     45 
085      0      0      2      2      2      2      2      2      2      2      2      4      6      9     11     17     19     21     22     23     27     26     25     23 
086      0      0      2      2      2      3      3      4      5      6      6      6     10     13     18     24     26     28     30     35     37     38     40     38 
087      0      0      2      2      2      3      4      4      4      6     10     13     15     22     27     34     44     47     51     51     52     53     51     49 
088      0      0      2      2      2      2      2      2      2      2      5      6     10     14     23     27     37     42     45     49     52     48     47     45 
089      0      0      2      2      2      2      3      3      3      3      4      7     14     18     23     30     41     45     49     49     51     53     50     44 
090      0      0      2      2      2      2      2      2      3      5      5      4      7     13     17     21     22     30     36     37     36     39     39     32 
091      0      0      2      2      2      2      2      2      3      3      3      3      9     14     19     23     35     43     50     53     55     54     54     51 
092      0      0      2      2      2      3      3      6      7     10     16     23     35     47     63     81     98    105    116    122    139    144    144    133 
093      0      0      2      2      2      2      2      2      2      4      6      6      7      7     13     19     23     28     31     32     33     32     31     30 
094      0      0      2      2      2      2      2      2      2      3      5     10     18     20     33     46     56     63     68     72     75     76     75     67 
095      0      0      2      2      2      2      2      4      4      6      9     14     15     22     33     42     50     56     68     73     73     76     72     69 
096      0      0      2      2      2      3      3      5      6      7     12     15     24     31     39     48     53     57     70     77     78     78     78     71 
097      0      0      2      2      2      2      2      2      5      8     10     12     15     19     24     33     39     48     50     49     50     50     50     45 
098      0      0      2      2      2      2      2      2      3      3      4      3      5      9     13     14     20     25     27     30     31     30     29     26 
099      0      0      2      2      3      3      3      3      3      3      4      5      4      7      7      9     10     10     10     11     12     13     12     12 
100      0      0      2      2      2      3      3      3      4      4      7     12     13     20     28     37     45     55     68     73     73     73     68     68 
101      0      0      2      2      2      2      2      2      4      6     11     19     27     36     46     59     73     90    105    119    126    127    127    121 
102      0      0      2      2      2      2      2      2      3      4      8     10     16     18     26     34     40     49     55     62     70     69     64     66 
103      0      0      2      2      2      2      3      3      4      4      4      6      9     11     19     24     32     36     45     47     47     47     46     45 
104      0      0      2      2      2      2      2      2      2      3      7      9     11     15     19     22     24     27     29     31     31     32     29     31 
105      0      0      2      2      2      2      3      3      9      9     12     12     13     18     21     26     30     35     37     36     37     36     35     33 
106      0      0      2      2      2      2      2      2      5      7     13     20     27     38     56     74     94    114    133    146    146    152    151    148 
107      0      0      2      2      2      2      2      2      3      3      4      4      6     10     19     28     34     37     40     46     48     50     49     46 
108      0      0      2      2      2      3      3      4      5      9     22     30     48     69     90    109    122    139    155    169    167    171    162    147 
109      0      0      2      2      2      2      2      2      3      3      5      4      5      5      5      4      6      7      7      7      6      7      7      6 
110      0      0      2      2      2      2      3      4      6      7     11     17     30     43     51     69     83     99    108    118    126    123    120    114 
111      0      0      2      2      3      3      3      3      4      5      5      7     12     16     30     40     47     57     66     69     73     77     78     74 
112      0      0      2      2      2      3      4      5      5      5     10     16     17     23     32     41     46     51     58     66     70     72     70     67 
113      0      0      2      2      2      2      2      3      4      4      6      9     15     19     30     37     43     51     58     59     62     60     61     55 
114      0      0      2      2      2      2      2      3      3      4      6      8     11     14     23     28     33     36     38     41     41     42     41     33 
115      0      0      2      2      2      3      3      4      5      9     13     16     21     26     29     43     61     71     76     84     92     86     83     83 
116      0      0      2      2      2      2      3      5      5      6      8     16     16     24     33     46     55     61     69     77     77     75     74     69 
117      0      0      2      2      2      2      3      3      4      4      4      7      7     11     12     11     12     14     15     15     12     12     12     10 
118      0      0      2      2      2      3      3      5      7      9     11     14     22     26     33     42     54     66     76     78     82     83     82     82 
119      0      0      2      2      2      3      3      4      4      4      6      9     12     12     17     17     20     29     36     41     44     48     47     45 
120      0      0      2      2      2      2      2      2      7      7     10     12     15     20     23     25     26     35     40     40     42     41     40     35 
121      0      0      2      2      2      3      3      5      6      8      8     12     14     20     24     34     36     39     42     45     49     51     48     44 
122      0      0      2      2      2      2      2      3      4      5      7      7     10     12     18     23     27     30     34     37     38     39     38     38 
123      0      0      2      2      2      2      2      3      3      4      4      4      8     13     18     23     36     41     44     48     50     52     50     47 
124      0      0      2      2      2      2      4      5      6     10     15     23     27     33     38     53     67     84     92    102    107    111    107    106 
125      0      0      2      2      2      2      2      3      3      4      7      9     13     18     23     25     35     43     51     59     63     66     65     67 
126      0      0      2      2      2      2      2      2      2      2      4      5      9     11     13     17     23     28     29     32     33     32     32     31 
127      0      0      2      2      2      2      3      5      6      7     10     15     16     26     31     40     48     58     65     70     69     67     67     62 
128      0      0      2      2      2      2      2      2      2      3      4      5      6      9     12     14     21     23     27     30     30     30     30     28 
129      0      0      2      2      2      2      2      2      2      5      8     12     13     21     26     37     42     47     58     61     61     63     60     56 
130      0      0      2      2      2      3      3      5      7      8     12     18     21     33     48     53     71     93    107    109    110    109    106     97 
131      0      0      2      2      2      2      2      2      2      2      6      8      9      8     11     13     16     17     17     16     17     17     15     14 
132      0      0      2      2      2      3      4      6      7     11     16     20     28     38     48     63     80     93     98    101    107    109    103     94 
133      0      0      2      2      2      2      2      2      3      7      7     10     12     15     20     28     33     40     46     50     52     53     50     49 
134      0      0      2      2      2      2      2      2      3      6      8     11     14     22     28     32     40     44     50     49     53     52     54     51 
135      0      0      2      2      2      2      4      4      6      6     11     13     14     21     25     31     34     44     50     53     57     59     56     56 
136      0      0      2      2      2      2      2      2      2      4      4      6      9     13     14     17     20     22     24     24     24     22     20     19 
137      0      0      2      2      2      3      3      3      4      5      7      8     15     19     23     30     34     38     42     44     47     49     45     42 
138      0      0      2      2      2      2      2      2      3      4      7      8     14     22     32     40     50     58     69     70     78     78     70     68 
139      0      0      2      2      2      2      4      7     10     16     23     27     33     42     55     79     93    103    115    115    122    125    123    122 
140      0      0      2      2      2      2      2      2      4      4      6      6      7      7      8     10     11     11     10     12     11     10      9      9 
141      0      0      2      2      2      2      4      4      4      4      7     11     16     23     27     34     47     51     59     62     65     64     62     64 
142      0      0      2      2      2      2      3      4      7      8     12     20     26     33     44     59     65     79     87     94     92     92     85     76 
143      0      0      2      2      2      3      4      4      4      4      5      8      9     12     15     20     23     33     38     42     41     42     41     40 
144      0      0      2      2      2      2      2      2      2      2      2      1      5      5      8      9     13     18     22     27     29     30     29     29 
145      0      0      2      2      2      2      2      3      4      4      6      6      7     11     21     22     34     40     45     51     57     57     57     53 
146      0      0      2      2      3      3      3      3      3      3      8     10     15     17     26     33     36     47     55     62     64     63     63     60 
147      0      0      1      1      1      1      2      2      3      5      9     10     18     36     44     53     64     82     91     94     95     96     95     88 
148      0      0      2      2      2      2      4      4      5      8     19     24     34     46     58     68     81     97    109    115    118    114    110    103 
149      0      0      2      2      2      2      2      2      3      4      7      7     12     20     24     31     39     54     60     60     62     61     60     60 
150      0      0      2      2      2      2      3      3      4      7     10     16     19     26     37     48     59     68     71     77     82     81     79     73 
151      0      0      2      2      2      2      2      2      2      2      4      5      3      5      8      8     12     13     18     20     20     19     19     17 
152      0      0      2      2      2      2      3      3      3      5     12     15     20     26     34     39     51     61     66     75     76     75     73     67 
153      0      0      2      2      2      2      2      2      3      5      7      8     10     11     13     17     23     29     30     30     32     33     29     27 
154      0      0      2      2      2      2      2      3      4      4      4      7     13     19     26     28     30     40     44     48     49     50     49     50 
155      0      0      2      2      2      2      2      2      2      2      2      2      2      5      7     11     15     18     19     21     23     22     22     23 
156      0      0      2      2      2      2      2      2      2      2      3      3      5      8      7     12     18     20     21     23     23     24     25     26 
157      0      0      2      2      2      2      2      2      2      3      3      2      3      3      9     12     16     20     22     24     25     23     23     22 
158      0      0      2      2      2      2      3      5      7     10     14     17     26     40     52     68     80     96    106    114    118    113    111    107 
159      0      0      2      2      2      2      2      3      3      8     10     14     17     26     33     39     49     59     61     71     72     73     67     60 
160      0      0      2      2      2      2      2      3      4      7      9     10     15     25     36     46     52     54     63     64     65     65     64     60 
161      0      0      2      2      2      2      2      3      3      8      9     16     22     29     38     47     65     70     76     81     85     84     79     75 
162      0      0      2      2      3      3      3      4      5      6      8     17     21     28     40     55     69     78     89     95    100    104    101     97 
163      0      0      2      2      2      3      6      8      8     11     20     28     39     43     65     77     93    103    110    118    119    119    117    108 
164      0      0      2      2      2      2      2      2      4      4      4      4      4      6     10     13     16     18     22     22     22     22     22     21 
165      0      0      2      2      2      2      2      2      4      5      7     10     18     23     31     36     45     52     55     61     61     61     58     56 
166      0      0      2      2      2      2      2      2      2      2      2      3      2      2      6      7      9     13     13     13     13     14     15     14 
167      0      0      2      2      3      3      3      5      5     11     13     19     26     35     46     58     71     85     94     99    101    101     98     92 
168      0      0      2      2      2      3      5      5      6      7      8      9     14     17     26     31     38     45     50     52     53     53     49     50 
169      0      0      2      2      2      2      3      3      4      9     12     20     31     45     65     72     83     95    115    127    123    121    119    116 
170      0      0      2      2      2      2      2      2      2      2      7      8     12     19     30     41     54     64     68     76     78     78     76     69 
171      0      0      2      2      2      2      2      2      4      5      8     14     21     33     42     54     73     90     98    108    117    112    106    100 
172      0      0      2      2      2      2      2      3      4      7     11     17     27     35     45     63     74     87     92     98    104    104     95     93 
173      0      0      2      2      2      2      2      4      4      4      7     11     13     18     25     30     35     43     47     49     47     51     52     47 
174      0      0      2      2      3      3      4      6      7      7      8      8     11     16     18     19     23     26     28     29     30     30     29     26 
175      0      0      2      2      2      3      5      7      8      9     11     18     26     32     47     60     72     85     93    102    107    113    108    101 
176      0      0      2      2      2      2      2      4      4      4      5      7      8     13     19     27     32     38     43     43     42     43     44     39 
177      0      0      2      2      2      2      2      3      6      9     12     19     28     37     50     59     71     82     85     93    100     99     97     89 
178      0      0      2      2      2      3      3      5      6      7      8      9     20     28     31     35     42     50     54     57     59     59     57     55 
179      0      0      2      2      2      2      2      4      5      7     11     16     23     35     42     63     89    108    122    126    133    133    134    127 
180      0      0      2      2      2      2      2      2      2      3      6      7      8     14     19     27     33     36     42     45     44     45     47     41 
181      0      0      2      2      2      2      2      3      3      6      8     11     20     33     41     52     64     70     76     79     85     90     81     73 
182      0      0      2      2      2      2      2      2      5      7     10     14     24     30     48     63     72     78     86     87     87     87     85     78 
183      0      0      2      2      2      2      2      5      6      7     10     13     20     31     42     53     65     71     78     88     91     93     91     95 
184      0      0      2      2      2      2      2      4      5     10     16     21     23     29     35     47     56     67     70     74     72     76     72     66 
185      0      0      2      2      2      2      2      3      3      4      8      9     17     23     31     37     41     44     50     55     55     58     54     51 
186      0      0      2      2      2      2      3      3      3      4      4      4      4      6      7     11     12     12     16     15     16     16     17     17 
187      0      0      2      2      2      3      3      4      7      9     15     27     37     51     81    106    130    148    166    183    187    195    195    188 
188      0      0      2      2      2      3      3      5      7      9     11     21     26     31     40     50     60     72     79     82     78     80     75     74 
189      0      0      2      2      2      2      2      2      2      2      2      3      6     10     14     16     17     21     23     23     23     22     20     18 
190      0      0      2      2      2      2      2      2      4      4      5      5      9     12     12     19     24     31     36     41     43     41     43     41 
191      0      0      2      2      2      4      4      4      5      6      9      9     13     22     29     36     42     51     58     61     67     69     66     63 
192      0      0      2      2      2      2      2      2      2      2      2      4      5      6      9      9     10     13     16     18     18     19     18     17 
193      0      0      2      2      2      2      2      3      6      7      9     10      9     10     12     15     19     20     18     18     18     16     15     13 
194      0      0      2      2      2      2      2      3      3      3      5      6     10     17     24     34     45     52     59     65     74     74     72     66 
195      0      0      2      2      2      2      2      2      3      4      7      7      8     13     18     20     24     24     26     30     30     30     28     25 
196      0      0      2      2      2      2      2      2      5      9      9     18     24     32     47     61     76     89     98    105    110    110    111    103 
197      0      0      2      2      2      2      2      3      3      4      5     10     16     27     41     50     64     71     74     81     85     86     83     77 
198      0      0      2      2      2      2      2      2      2      2      2      0      2      3      4      5      9     12     14     16     18     18     18     16 
199      0      0      2      2      2      2      2      2      5      6      7      6      7     13     19     19     24     30     32     33     35     37     37     34 
