000      0      0      0      0      0      0      0      0      1      1      1      2      2      5      6      8     15     20     23     33     46     62     77     93 
001      0      0      0      0      0      0      0      0      0      0      0      0      2      3      7      9     13     19     29     41     63     81     97    130 
002      0      0      0      0      0      0      0      0      0      0      0      1      2      4      5      7     14     23     37     65     83    103    134    167 
003      0      0      0      0      0      0      0      0      0      0      0      0      2      7     17     25     46     83    120    174    231    295    374    458 
004      0      0      0      0      0      0      0      0      0      0      0      0      0      0      2      9     20     26     43     53     71     99    120    144 
005      0      0      0      0      0      0      0      0      0      0      0      0      2      2      4      7      8     11     17     27     32     42     57     69 
006      0      0      0      0      0      0      0      0      0      0      0      1      3      7      8     16     26     43     62     92    126    177    221    256 
007      0      0      0      0      0      0      0      0      0      0      0      1      3      4      4      9     15     26     41     61     88    120    160    198 
008      0      0      0      0      0      0      0      0      0      0      1      1      6     12     17     31     47     80    132    190    243    322    401    497 
009      0      0      0      0      0      0      0      0      0      0      0      4      5      8     13     17     25     31     50     78    102    143    180    215 
010      0      0      0      0      0      0      0      0      0      0      0      1      1      3      6     15     27     45     66     88    119    155    181    220 
011      0      0      0      0      0      0      0      0      0      0      1      1      1      2      4      7     13     24     32     38     50     60     75     85 
012      0      0      0      0      0      0      0      0      0      0      0      0      0      1      2      3      7      9     12     22     31     42     54     64 
013      0      0      0      0      0      0      0      0      0      0      0      1      3      5     11     20     24     33     50     66     91    119    167    188 
014      0      0      0      0      0      0      0      0      0      0      0      1      1      2      5      7     17     35     50     73     99    135    167    199 
015      0      0      0      0      0      0      0      0      0      0      0      2      2      5      9     13     21     46     60     84    120    151    199    247 
016      0      0      0      0      0      0      0      0      0      0      1      1      2      3      6      8     10     12     22     31     44     59     79     95 
017      0      0      0      0      0      0      0      0      0      0      0      0      1      3      5      7      9     11     17     21     30     46     54     65 
018      0      0      0      0      0      0      0      0      0      0      0      2      3      4     10     15     23     39     58     87    119    152    203    236 
019      0      0      0      0      0      0      0      0      0      0      1      3      6     10     18     34     58    106    143    196    279    373    454    547 
020      0      0      0      0      0      0      0      0      0      0      0      0      1      4      6     11     14     19     29     43     59     80    104    124 
021      0      0      0      0      0      0      0      0      0      0      0      0      4      4      6     12     18     27     35     44     59     75     94    116 
022      0      0      0      0      0      0      0      0      0      0      0      1      2      4      5      9     17     25     34     48     67    101    120    146 
023      0      0      0      0      0      0      0      0      0      0      0      2      2      4      6     10     15     19     31     47     61     75    101    123 
024      0      0      0      0      0      0      0      0      0      0      0      0      0      1      4      6      8     12     17     26     32     40     49     59 
025      0      0      0      0      0      0      0      0      0      0      0      3      4      6      6     10     15     20     30     47     55     64     75     95 
026      0      0      0      0      0      0      0      0      0      0      1      1      3      4      6      7     12     19     32     48     61     76    104    127 
027      0      0      0      0      0      0      0      0      0      0      0      1      1      2      3      5      6      6     12     15     22     29     36     42 
028      0      0      0      0      0      0      0      0      0      0      0      1      1      4      7     16     24     32     53     73    101    123    155    188 
029      0      0      0      0      0      0      0      0      0      0      0      0      4      6      7     12     19     34     51     71    101    126    171    198 
030      0      0      0      0      0      0      0      0      0      0      0      0      1      4      9     18     28     47     72    107    138    180    228    263 
031      0      0      0      0      0      0      0      0      0      0      0      0      1      4      7     11     20     29     42     70    103    137    166    194 
032      0      0      0      0      0      0      0      0      0      0      0      0      1      1      4     10     17     24     46     63     80    111    143    174 
033      0      0      0      0      0      0      0      0      0      1      1      2      2      2      4      7      9     10     16     33     50     67     86    104 
034      0      0      0      0      0      0      0      0      0      0      0      1      3      8     13     21     31     50     71    105    140    184    238    293 
035      0      0      0      0      0      0      0      0      0      0      0      2      5      6      8     18     32     56     82    106    144    193    248    292 
036      0      0      0      0      0      0      0      0      0      1      1      1      1      2      7     13     21     43     70     93    137    173    206    257 
037      0      0      0      0      0      0      0      0      0      0      0      0      0      1      2      6      8      8      9     14     18     21     22     18 
038      0      0      0      0      0      0      0      0      0      0      0      0      2      5      6      8      8     14     21     33     54     76     91    117 
039      0      0      0      0      0      0      0      0      0      0      0      0      0      2      5      9     15     23     37     50     63     80     89    105 
040      0      0      0      0      0      0      0      0      0      0      0      0      1      3      3      7     10     15     23     33     51     63     74     87 
041      0      0      0      0      0      0      0      0      0      0      0      0      2      3      6     13     20     39     66     98    133    172    214    251 
042      0      0      0      0      0      0      0      0      0      0      0      2      3      7     13     17     26     38     67     98    135    193    253    304 
043      0      0      0      0      0      0      0      0      0      0      0      0      1      4      8     14     20     33     50     78    104    140    181    233 
044      0      0      0      0      0      0      0      0      0      0      0      1      2      3      8     13     19     38     62    100    135    193    256    305 
045      0      0      0      0      0      0      0      0      0      0      0      0      1      2      3      7     13     24     35     53     73     95    114    139 
046      0      0      0      0      0      0      0      0      0      0      0      2      5      8     10     14     21     39     56     82    111    155    197    244 
047      0      0      0      0      0      0      0      0      0      0      0      0      2      5      8     13     22     38     57     79    107    152    193    227 
048      0      0      0      0      0      0      0      0      0      0      0      2      4      4      7     12     18     28     45     62     79    105    137    164 
049      0      0      0      0      0      0      0      0      0      0      0      0      3      3      5     11     19     26     42     64     76    103    129    151 
050      0      0      0      0      0      0      0      0      0      0      0      0      0      1      6     10     20     29     42     64     88    121    148    186 
051      0      0      0      0      0      0      0      0      0      0      0      0      1      2      4      9     12     19     28     43     71     93    121    151 
052      0      0      0      0      0      0      0      0      0      0      0      1      1      2      4      6     18     23     36     50     59     78     99    114 
053      0      0      0      0      0      0      0      0      0      0      0      1      2      4      7     12     16     28     38     49     69     93    119    146 
054      0      0      0      0      0      0      0      0      0      0      0      0      1      6     12     22     37     58     88    129    175    220    272    327 
055      0      0      0      0      0      0      0      0      0      0      1      1      1      4      8     10     17     27     43     74     96    130    161    196 
056      0      0      0      0      0      0      0      0      0      0      1      1      3      3      5     10     19     25     32     44     59     81    110    135 
057      0      0      0      0      0      0      0      0      0      0      0      0      2      9     17     30     41     58     80    112    154    196    246    313 
058      0      0      0      0      0      0      0      0      0      0      1      2      3      4      8     13     17     30     48     73    109    156    200    250 
059      0      0      0      0      0      0      0      0      0      0      0      2      3      6      7     18     25     42     58     75    110    150    186    218 
060      0      0      0      0      0      0      0      0      0      0      0      1      2      6     10     15     27     33     49     69     84    111    135    157 
061      0      0      0      0      0      0      0      0      0      0      0      0      0      3      7     16     20     29     45     58     83    111    148    179 
062      0      0      0      0      0      0      0      0      0      0      1      1      2      4      7     15     29     48     74    116    146    197    245    297 
063      0      0      0      0      0      0      0      0      0      0      0      0      0      2      4     11     21     39     60     81    115    153    184    217 
064      0      0      0      0      0      0      0      0      0      0      0      2      4      7      8     10     19     34     43     61     78    102    123    156 
065      0      0      0      0      0      0      0      0      0      0      2      2      5     10     14     19     32     58     93    143    190    263    328    405 
066      0      0      0      0      0      0      0      0      0      0      0      0      0      1      3      6      6      8     11     18     27     41     52     61 
067      0      0      0      0      0      0      0      0      0      0      1      1      2      5      7     19     33     53     72    110    156    211    268    328 
068      0      0      0      0      0      0      0      0      0      0      0      1      2      6     14     21     31     47     61     86    117    148    185    229 
069      0      0      0      0      0      0      0      0      0      0      1      3      5      7     12     16     23     35     61     89    126    166    203    246 
070      0      0      0      0      0      0      0      0      0      0      0      0      1      1      7      9     16     28     40     51     81     99    126    148 
071      0      0      0      0      0      0      0      0      0      0      0      0      1      3      5      8     10     15     22     27     36     57     73     87 
072      0      0      0      0      0      0      0      0      0      0      0      1      2      2      4      6     11     17     24     31     35     44     50     61 
073      0      0      0      0      0      0      0      0      0      0      0      0      0      4      7     12     17     30     45     68     97    123    151    174 
074      0      0      0      0      0      0      0      0      0      0      0      0      1      2      4     14     25     39     59     79    117    156    194    231 
075      0      0      0      0      0      0      0      0      0      0      0      2      4     11     20     30     50     82    125    183    239    321    392    450 
076      0      0      0      0      0      0      0      0      0      0      1      1      2      3      8     16     32     48     63     91    125    167    220    261 
077      0      0      0      0      0      0      0      0      0      0      0      1      4      9     12     17     26     38     49     71    104    136    169    204 
078      0      0      0      0      0      0      0      0      0      0      0      2      2      4      5     11     17     25     34     53     71     91    120    143 
079      0      0      0      0      0      0      0      0      0      0      0      1      1      2      5      8      9     17     24     34     49     61     78     95 
080      0      0      0      0      0      0      0      0      0      0      0      0      2      3      3      9     11     22     29     41     58     76     96    119 
081      0      0      0      0      0      0      0      0      0      0      0      2      5      6      9     11     15     30     46     60     85    118    156    192 
082      0      0      0      0      0      0      0      0      0      0      0      1      1      3      4      9     16     25     36     45     61     77     92    115 
083      0      0      0      0      0      0      0      0      0      0      0      0      0      2      3     10     15     21     27     34     39     46     67     79 
084      0      0      0      0      0      0      0      0      0      0      0      1      2      3      4      5     14     21     35     46     65     93    127    155 
085      0      0      0      0      0      0      0      0      0      0      0      1      1      3      5     11     15     19     25     31     43     62     84    110 
086      0      0      0      0      0      0      0      0      0      0      0      0      1      2      8     14     20     28     37     53     76     95    107    116 
087      0      0      0      0      0      0      0      0      0      0      0      1      3      5      9     14     24     39     53     73     99    136    165    200 
088      0      0      0      0      0      0      0      0      0      0      0      0      1      3      5      9     12     22     33     46     68     94    118    135 
089      0      0      0      0      0      0      0      0      0      1      1      2      2      3      5     11     17     35     47     72    105    140    168    199 
090      0      0      0      0      0      0      0      0      0      0      0      1      2      3      5      7     15     21     31     42     54     67     82    110 
091      0      0      0      0      0      0      0      0      0      0      0      0      0      0      3      8     16     26     36     57     75     93    112    126 
092      0      0      0      0      0      0      0      0      0      0      1      2      3      6     11     24     33     57     93    137    188    243    312    377 
093      0      0      0      0      0      0      0      0      0      0      0      2      2      4      5     10     13     17     23     30     38     51     72     80 
094      0      0      0      0      0      0      0      0      0      0      0      2      4      6      8     12     19     26     52     75     95    124    154    197 
095      0      0      0      0      0      0      0      0      0      0      0      0      4      5     10     17     26     38     53     86    130    175    218    276 
096      0      0      0      0      0      0      0      0      0      0      0      0      0      3      6     14     29     46     72     99    132    185    223    264 
097      0      0      0      0      0      0      0      0      0      0      0      0      2      3      5     11     16     21     31     45     63     91    113    153 
098      0      0      0      0      0      0      0      0      0      0      0      1      1      3      4      7     12     22     34     43     55     70     92    105 
099      0      0      0      0      0      0      0      0      0      0      0      0      1      1      2      3      6     12     14     17     21     22     30     34 
100      0      0      0      0      0      0      0      0      0      0      0      0      2      4      7     14     23     35     51     70     96    132    175    206 
101      0      0      0      0      0      0      0      0      0      0      0      2      8     10     15     24     45     72     92    132    172    215    273    331 
102      0      0      0      0      0      0      0      0      0      0      1      2      4      6      9     13     21     30     47     73    102    144    189    219 
103      0      0      0      0      0      0      0      0      0      0      0      1      4      6      6     13     20     32     46     66     98    119    143    172 
104      0      0      0      0      0      0      0      0      0      0      0      0      0      4      4      6     14     17     25     31     52     70     92    112 
105      0      0      0      0      0      0      0      0      0      0      0      1      5      5      7      8     10     20     36     53     67     81     99    124 
106      0      0      0      0      0      0      0      0      0      0      1      1      2      4      7     18     31     53    101    151    211    275    347    419 
107      0      0      0      0      0      0      0      0      0      0      0      0      0      2      8     13     22     36     54     83    100    127    149    173 
108      0      0      0      0      0      0      0      0      0      0      0      1      4     11     24     32     59     86    136    201    287    370    452    543 
109      0      0      0      0      0      0      0      0      0      0      0      1      1      2      2      3      3      6      9     13     21     23     31     36 
110      0      0      0      0      0      0      0      0      0      0      0      0      2      3     11     21     37     58     90    128    178    243    310    374 
111      0      0      0      0      0      0      0      0      0      0      0      1      1      5      6     11     21     39     62     85    112    143    185    223 
112      0      0      0      0      0      0      0      0      0      0      1      1      2      2      4      7     18     30     45     69     97    135    172    203 
113      0      0      0      0      0      0      0      0      0      0      0      2      6      8     13     22     35     44     74    103    124    168    205    254 
114      0      0      0      0      0      0      0      0      0      0      0      0      2      3      7     11     15     18     32     41     62     94    125    154 
115      0      0      0      0      0      0      0      0      0      1      2      2      5      7      9     18     36     54     83    110    139    185    232    274 
116      0      0      0      0      0      0      0      0      0      0      0      0      3      4      4     10     18     31     48     64     78    116    157    190 
117      0      0      0      0      0      0      0      0      0      0      0      0      0      0      1      3      4      7      7      8     16     20     29     36 
118      0      0      0      0      0      0      0      0      0      0      0      1      1      7     13     19     30     51     81    119    161    221    263    305 
119      0      0      0      0      0      0      0      0      0      0      2      3      5      6      6      9     13     26     38     60     76    100    123    149 
120      0      0      0      0      0      0      0      0      0      0      0      1      1      2      6     15     24     39     56     72     85    114    136    160 
121      0      0      0      0      0      0      0      0      0      0      0      1      1      1      5     15     23     36     51     65     89    107    139    161 
122      0      0      0      0      0      0      0      0      0      0      0      1      1      3      5      9     12     16     30     42     60     76    104    111 
123      0      0      0      0      0      0      0      0      0      0      0      2      2      3      3      5      9     16     28     43     59     81     98    120 
124      0      0      0      0      0      0      0      0      0      1      1      2      4     10     13     20     43     60     93    126    177    236    296    371 
125      0      0      0      0      0      0      0      0      0      0      0      1      2      5      9     16     28     45     62     84    112    133    163    189 
126      0      0      0      0      0      0      0      0      0      0      0      1      1      3      4      5      8     13     18     25     43     61     81     92 
127      0      0      0      0      0      0      0      0      0      0      0      1      1      2      8     12     19     31     50     73    101    130    159    189 
128      0      0      0      0      0      0      0      0      0      0      0      1      2      2      5      9     13     18     24     32     52     66     79     94 
129      0      0      0      0      0      0      0      0      0      0      0      1      1      2      2      2     13     18     31     53     70     91    113    141 
130      0      0      0      0      0      0      0      0      0      0      0      1      2      7     11     17     29     50     82    114    163    215    278    340 
131      0      0      0      0      0      0      0      0      0      0      0      0      0      2      3      4      6     13     21     26     29     40     52     67 
132      0      0      0      0      0      0      0      0      0      0      1      1      2      4     10     20     40     56    101    130    182    235    304    354 
133      0      0      0      0      0      0      0      0      0      0      0      1      1      3      7     12     21     29     39     55     78    104    130    158 
134      0      0      0      0      0      0      0      0      0      0      0      1      2      2      5     13     19     28     49     67     96    122    152    178 
135      0      0      0      0      0      0      0      0      0      0      0      2      2      4      9     21     33     48     63     87    112    159    192    224 
136      0      0      0      0      0      0      0      0      0      0      1      1      1      2      5      7      8     10     17     28     39     53     67     86 
137      0      0      0      0      0      0      0      0      0      0      0      1      2      3      6     12     19     28     36     49     64     80    101    117 
138      0      0      0      0      0      0      0      0      0      0      2      3      4      7     13     20     36     45     63     83    114    148    199    234 
139      0      0      0      0      0      0      0      0      0      0      1      1      8     10     19     26     41     66     99    137    178    223    282    327 
140      0      0      0      0      0      0      0      0      0      0      0      0      1      1      4      6     10     20     26     36     42     52     63     69 
141      0      0      0      0      0      0      0      0      0      0      0      0      2      3      8     10     20     33     58     86    118    152    201    237 
142      0      0      0      0      0      0      0      0      0      0      0      2      3      8     15     24     43     58     79    107    149    183    224    265 
143      0      0      0      0      0      0      0      0      0      0      0      2      4      5      5      7     13     17     34     53     63     75     95    110 
144      0      0      0      0      0      0      0      0      0      0      0      2      2      5      7     10     13     23     33     39     55     68     91    110 
145      0      0      0      0      0      0      0      0      0      0      0      1      3      4      6     14     21     32     49     70     96    120    143    170 
146      0      0      0      0      0      0      0      0      0      0      1      1      2      5     11     15     19     28     35     51     68     91    125    148 
147      0      0      0      0      0      0      0      0      0      0      0      0      3      6     10     19     32     57     80    109    156    204    260    317 
148      0      0      0      0      0      0      0      0      0      0      0      0      1      1      6     17     28     50     80    124    171    217    272    340 
149      0      0      0      0      0      0      0      0      0      0      0      3      3      6     10     15     18     28     44     74    100    129    155    192 
150      0      0      0      0      0      0      0      0      0      1      1      1      2      4      9     18     30     46     66     97    137    180    226    269 
151      0      0      0      0      0      0      0      0      0      0      0      0      2      2      4      6     11     16     20     29     46     64     78     96 
152      0      0      0      0      0      0      0      0      0      0      0      1      5      7     10     16     22     31     55     83    127    176    208    243 
153      0      0      0      0      0      0      0      0      0      0      0      1      2      5      5      8     15     22     31     42     56     73    101    120 
154      0      0      0      0      0      0      0      0      0      0      0      0      0      1      3     10     19     30     41     61     78    104    137    164 
155      0      0      0      0      0      0      0      0      0      0      0      0      1      1      3      9     11     19     31     44     55     73     85     98 
156      0      0      0      0      0      0      0      0      0      0      0      0      0      3      7     10     15     21     29     40     61     80     92    108 
157      0      0      0      0      0      0      0      0      0      0      1      2      2      3      5      7     10     16     24     26     37     46     56     65 
158      0      0      0      0      0      0      0      0      0      0      0      1      1      2      6     23     38     63     93    128    166    224    273    337 
159      0      0      0      0      0      0      0      0      0      0      0      0      3      7     10     15     18     29     47     67    100    136    173    226 
160      0      0      0      0      0      0      0      0      0      0      0      1      2      5      8     12     23     31     45     65     93    118    152    181 
161      0      0      0      0      0      0      0      0      0      0      0      0      2      2      5     13     26     44     66     86    120    167    212    256 
162      0      0      0      0      0      0      0      0      0      0      0      0      3      4     13     20     36     63     97    131    174    233    286    336 
163      0      0      0      0      0      0      0      0      0      0      1      3      4      9     16     29     48     63     93    138    184    239    307    384 
164      0      0      0      0      0      0      0      0      0      0      0      0      2      2      2      3      4      7     13     20     28     35     47     58 
165      0      0      0      0      0      0      0      0      0      0      0      4      5      5      8     13     17     29     46     68     93    126    162    199 
166      0      0      0      0      0      0      0      0      0      0      0      0      1      2      2      5      6      7      7     13     17     23     24     25 
167      0      0      0      0      0      0      0      0      0      0      0      1      2      5     11     18     29     44     63     98    135    171    228    275 
168      0      0      0      0      0      0      0      0      0      0      0      1      1      5      7     13     18     30     46     67     84    120    154    180 
169      0      0      0      0      0      0      0      0      0      0      1      4      4     10     15     23     35     55     87    131    191    241    294    347 
170      0      0      0      0      0      0      0      0      0      0      0      1      1      3      9     20     31     45     74    107    136    174    218    265 
171      0      0      0      0      0      0      0      0      0      0      0      2      4      6     10     23     38     52     80    113    159    205    255    305 
172      0      0      0      0      0      0      0      0      0      0      0      1      2      4     11     20     31     59     80    121    163    206    265    318 
173      0      0      0      0      0      0      0      0      0      0      0      2      3      4      5     10     16     30     39     56     77     97    118    142 
174      0      0      0      0      0      0      0      0      0      0      0      0      2      4      6     12     14     25     31     44     57     75     86    116 
175      0      0      0      0      0      0      0      0      0      0      2      2      3      4     11     22     40     54     80    109    152    205    266    323 
176      0      0      0      0      0      0      0      0      0      0      0      1      1      3      4     11     18     28     39     58     80    102    136    163 
177      0      0      0      0      0      0      0      0      0      0      0      0      0      3      7     16     28     55     84    136    186    256    328    396 
178      0      0      0      0      0      0      0      0      0      0      0      1      1      4      7     15     21     34     56     84    116    153    182    226 
179      0      0      0      0      0      0      0      0      0      0      0      1      4      7     11     22     36     56     74    112    156    202    253    316 
180      0      0      0      0      0      0      0      0      0      0      0      0      0      3      4     10     12     23     32     47     65     82     97    119 
181      0      0      0      0      0      0      0      0      0      0      0      0      3      7     10     17     31     46     68     91    128    165    221    290 
182      0      0      0      0      0      0      0      0      0      0      2      3      5      6     12     17     31     41     55     76     99    127    165    200 
183      0      0      0      0      0      0      0      0      0      0      0      1      3      6     12     15     28     52     73    102    151    197    250    314 
184      0      0      0      0      0      0      0      0      0      0      0      1      3      4      9     12     20     30     55     80    112    148    203    239 
185      0      0      0      0      0      0      0      0      0      0      0      1      2      3      6     12     22     40     59     83    109    136    167    194 
186      0      0      0      0      0      0      0      0      0      0      0      0      0      1      2      7     11     16     23     27     41     55     67     71 
187      0      0      0      0      0      0      0      0      0      0      1      2      5     14     22     35     54     83    132    192    288    377    473    562 
188      0      0      0      0      0      0      0      0      0      1      2      2      3      4      4      9     24     42     67    104    144    184    226    271 
189      0      0      0      0      0      0      0      0      0      0      0      0      0      2      4      6     10     13     15     25     39     52     57     69 
190      0      0      0      0      0      0      0      0      0      0      0      0      0      2      5      9     10     21     33     44     56     68     80     99 
191      0      0      0      0      0      0      0      0      0      0      0      3      5      5     10     17     23     36     46     64     87    117    148    190 
192      0      0      0      0      0      0      0      0      0      0      0      0      1      1      3      5      5      8     18     22     33     41     50     56 
193      0      0      0      0      0      0      0      0      0      0      0      0      2      3      4      4      7     10     16     26     42     54     61     77 
194      0      0      0      0      0      0      0      0      0      0      0      2      3      5      6     13     18     30     48     80    110    139    169    202 
195      0      0      0      0      0      0      0      0      0      0      0      1      1      1      3      7     11     19     28     40     51     61     75     96 
196      0      0      0      0      0      0      0      0      0      1      1      3      3      6     12     20     34     50     81    123    161    215    260    309 
197      0      0      0      0      0      0      0      0      0      0      0      0      2      5     13     19     29     44     60     90    131    172    210    259 
198      0      0      0      0      0      0      0      0      0      2      2      4      5      5      5      6     13     13     20     28     36     48     56     70 
199      0      0      0      0      0      0      0      0      0      0      1      2      2      4      6     10     13     24     35     53     73     90    111    141 
