000      0      3      3      5     11     14     26     39     52     72     96    111    125    128    109     88     71     65     49     25     14      9      6      4 
001      0      3      3      6      9     16     33     50     70    100    132    149    161    148    133    112     85     69     47     28     19      8      7      6 
002      0      2      2      6     16     25     40     74     99    133    169    192    201    191    184    150    119     91     69     45     39     20     18     12 
003      0      6     12     23     40     75    133    192    280    380    469    547    565    562    515    456    374    287    210    147     95     60     36     26 
004      0      3      3      5     12     23     36     56     87    117    144    178    194    191    186    163    133     97     71     48     31     21     16      6 
005      0      3      3      4      6     13     22     32     49     58     72     82     95     88     82     72     55     46     34     29     21     14     13      7 
006      0      4      5     10     21     38     64    103    142    199    245    280    286    280    263    213    167    130    103     66     37     23     11      6 
007      0      2      3      7     15     28     48     88    122    175    223    251    278    273    242    209    161    129     89     61     41     31     22     15 
008      0      4      9     23     42     79    132    208    306    438    540    624    651    638    599    523    435    339    252    178    117     82     52     37 
009      0      4      7     10     23     39     62     95    139    170    202    246    277    267    244    208    165    129     92     66     46     30     19     15 
010      0      4      4      6     16     34     60     95    130    173    221    252    275    271    251    226    184    144    110     74     53     38     25     16 
011      0      3      2      8     12     21     32     52     66     84     96    104    108    105    100     93     74     59     48     28     17     13     11      9 
012      0      2      1      1      3      8     15     25     36     49     61     75     82     78     75     64     52     45     33     23     19     15      9      5 
013      0      4      4      8     15     28     58     86    124    157    203    227    239    234    216    197    168    130     95     68     47     33     22     14 
014      0      3      4      8     14     30     53     70    112    164    197    218    234    236    219    194    152    118     87     57     41     28     14     11 
015      0      4      5      7     19     33     62     97    142    190    238    268    282    269    249    211    173    125     85     60     42     26     19     12 
016      0      3      2      5     10     14     22     36     52     76    100    117    121    122    111     95     76     55     40     28     21     15     13      8 
017      0      3      1      5      8     12     18     33     43     48     68     73     82     91     85     72     63     52     36     27     21     14     12      4 
018      0      6      6     10     18     40     60     98    143    197    232    257    280    273    238    204    178    122     90     59     46     28     16     10 
019      0      7     15     29     59    100    155    227    330    461    581    677    721    716    647    570    451    350    250    173    117     76     49     30 
020      0      2      1      4     13     22     36     54     72    103    131    146    156    153    132    107     85     65     50     34     28     18     13     10 
021      0      2      3      5     12     21     35     46     63     82    111    128    143    143    135    106     93     67     49     32     22     15      7      6 
022      0      3      3      6     14     20     39     57     78    110    140    164    187    192    184    156    129     93     72     54     32     20     15     10 
023      0      4      5      7     11     22     30     41     64     90    122    139    159    154    131    119    107     74     45     32     28     25     15      6 
024      0      3      3      6      8     10     12     21     29     41     59     68     72     74     67     59     50     39     26     21     13      8      5      3 
025      0      2      3      4      7     14     24     42     59     81     99    113    120    120    110     99     82     66     47     30     17     12      7      4 
026      0      2      2      5     10     20     35     55     71    104    122    136    143    141    130    119     93     73     46     35     26     16     11      5 
027      0      2      0      2      5      8     12     15     22     33     43     47     56     57     52     45     38     27     20     10      6      3      1      1 
028      0      5      7     13     22     38     61     91    122    151    184    210    224    213    199    176    142    107     81     62     45     34     17     10 
029      0      4      6      9     19     34     52     89    129    172    209    240    254    243    209    182    155    118     84     57     39     24     16      9 
030      0      4      6     16     30     46     74    117    157    209    253    283    308    296    281    231    192    146     89     63     38     24     19      8 
031      0      3      3      8     17     26     56     87    122    160    198    227    257    254    240    212    180    138     95     70     46     36     21     11 
032      0      3      1      5     12     28     42     70     98    129    177    196    212    202    182    154    114     92     66     50     31     22     16     13 
033      0      4      3      7      9     17     27     43     58     92    111    134    146    143    133    117     97     75     56     42     26     15      7      4 
034      0      4      6     16     33     53     82    118    163    214    282    315    335    320    302    256    200    162    115     83     59     42     28     16 
035      0      3      6     11     27     44     89    137    192    244    300    357    368    361    337    293    245    180    130     96     61     35     22     15 
036      0      3      4      8     23     34     60    119    171    219    263    295    316    309    291    261    224    172    120     85     50     31     20     14 
037      0      2      1      1      2      6     10     11     15     22     23     28     28     32     26     24     20     13     10      7      7      6      4      3 
038      0      2      1      4     10     20     31     46     64     86    107    140    163    160    152    133    112     89     65     47     26     15      9      4 
039      0      4      6      9     13     20     35     54     73     94    107    127    135    136    122    105     82     65     40     26     18     12      9      7 
040      0      3      2      5      8     12     18     32     50     69     80     85     92     86     81     65     49     35     23     15      8      5      5      4 
041      0      5      6     11     23     42     73    107    168    222    257    289    312    295    269    231    186    147    108     79     57     43     25     14 
042      0      4      5     12     23     43     75    130    197    261    324    371    409    390    377    328    270    213    156    107     72     48     31     21 
043      0      3      3     10     19     42     64    104    145    203    245    287    307    313    299    258    216    164    120     82     50     33     21     13 
044      0      7      8     17     32     49     81    134    186    260    325    391    415    407    377    332    280    224    162    111     69     45     27     14 
045      0      2      2      5     10     22     36     59     93    126    158    167    189    189    183    160    126    102     75     51     33     21     11     10 
046      0      4      7     12     21     36     64     98    147    200    256    296    307    306    289    244    208    173    125     88     61     38     22     13 
047      0      3      7     14     25     37     64     89    128    166    228    253    280    290    267    246    217    168    118     78     49     28     14     11 
048      0      4      3      6     13     28     41     66     96    127    164    190    207    198    181    155    132     96     72     52     34     27     23     14 
049      0      4      4      8     14     28     48     74     99    130    158    181    190    182    169    146    112     80     59     38     23     14      8      7 
050      0      2      3      6     13     30     43     70    109    153    187    213    230    223    212    170    132    110     79     63     38     28     16      8 
051      0      4      3      7     11     17     31     48     84    117    152    177    188    199    185    161    131     92     71     45     32     16     12      8 
052      0      6      6      9     15     22     37     62     71     97    109    129    142    152    143    125     97     75     58     39     28     20     15      9 
053      0      3      3      7     13     20     36     54     87    115    140    161    180    177    175    145    116     94     65     43     33     18     14      9 
054      0      4      4     13     26     58     95    139    197    258    340    390    397    396    368    314    235    189    131     92     60     39     25     11 
055      0      4      4      9     18     30     49     78    118    155    202    227    251    248    245    221    185    144    106     75     52     35     27     13 
056      0      4      5      8     14     23     35     54     80    114    132    145    167    166    142    124     88     64     50     36     22     18     12      9 
057      0      6      8     20     33     62     91    134    197    264    309    372    399    390    357    314    250    190    132     97     66     37     26     17 
058      0      3      5     13     20     35     58     95    141    197    246    292    305    304    279    250    190    143    109     76     54     32     16     10 
059      0      4      5     10     18     35     58     93    135    188    236    279    291    296    267    243    193    154    110     81     51     32     21     14 
060      0      3      2      9     19     33     50     69     86    132    172    200    222    205    180    156    125     95     66     45     21     12      8      6 
061      0      4      3      9     19     31     48     70    105    132    167    200    220    219    200    161    131     97     72     48     25     15     11      8 
062      0      4      9     19     35     54     87    137    181    246    308    346    362    363    343    297    241    186    142     98     69     48     31     21 
063      0      3      4      8     20     33     62     92    121    159    215    260    276    267    241    213    173    132     97     76     54     33     25     19 
064      0      4      4     13     22     30     46     60     97    134    164    198    203    204    198    172    153    115     96     63     49     32     22     15 
065      0      5      9     22     39     61     94    160    243    348    451    521    580    573    508    462    374    290    205    137     94     71     45     25 
066      0      2      1      2      5      8     18     22     33     54     64     85     93     97     87     75     64     52     39     26     17     11      5      5 
067      0      6     11     18     30     49     93    137    205    260    319    388    406    414    378    322    276    218    154    105     71     45     25     13 
068      0      3      5     17     31     41     70    106    138    195    248    285    314    315    290    253    201    150    117     76     47     27     18     10 
069      0      4      5     14     25     38     63    102    153    219    257    307    327    333    308    274    220    170    119     84     51     36     24     18 
070      0      3      3      7     12     21     38     56     85    115    146    166    176    172    160    134    111     88     56     36     23     17      9      6 
071      0      3      4      6      9     14     24     33     50     74     99    126    132    139    128    108     85     58     45     35     19      8      5      4 
072      0      2      1      5      9     14     25     34     47     60     74     82     88     86     90     72     58     43     32     25     13      8      6      2 
073      0      5      3      8     17     29     45     70     94    139    176    204    211    210    195    177    152    124     97     66     47     29     19     15 
074      0      3      4     11     20     32     54     85    133    175    232    273    294    289    274    236    196    142    109     68     39     21     12      9 
075      0      3      7     17     35     63    109    183    269    362    454    531    563    533    477    414    333    265    184    133     90     58     42     29 
076      0      5      8     13     31     46     71    111    174    235    278    310    331    320    284    239    178    139    100     68     48     35     23     16 
077      0      5      5     11     21     30     60     91    123    161    198    222    251    260    252    215    179    143    105     62     49     32     23     16 
078      0      4      7     11     18     31     47     60     90    119    152    167    185    182    171    159    126     99     68     41     25     18     12      6 
079      0      3      3      4      9     15     23     35     55     73     92    113    119    113     98     83     63     43     28     20     17     11      6      5 
080      0      3      2      5     10     17     30     50     73     92    119    139    151    146    135    112     90     65     46     35     19     13     12      7 
081      0      4      6      9     18     36     54     70    102    136    185    225    234    223    200    175    134     92     67     49     35     21     13      7 
082      0      3      4      9     12     18     31     50     71     97    115    131    141    136    119    112     94     74     50     41     29     13      8      6 
083      0      2      2      6     11     17     26     41     54     62     66     76     87     87     80     72     60     45     33     25     19     14      7      3 
084      0      4      4      6     11     22     35     56     89    122    159    182    177    180    161    130    105     81     61     45     25     11      8      3 
085      0      3      2      3     11     17     24     42     62     82    105    134    142    135    125    112     90     73     50     36     25     19     10      6 
086      0      3      3      7     16     24     36     53     83    105    125    143    152    156    143    128    108     90     71     51     35     22     11      7 
087      0      4      5     12     23     35     54     81    118    165    198    231    240    229    212    179    146    109     83     57     38     24     12     10 
088      0      2      2      5      8     22     39     60     90    123    154    178    181    182    161    137    108     83     66     40     24     14      8      4 
089      0      4      4     11     22     36     53     78    114    161    201    238    230    226    202    173    137    109     82     58     34     23     13     11 
090      0      2      3      6     10     15     26     47     68     87    105    124    139    134    134    118     98     69     47     35     24     12      9      7 
091      0      2      2      4     11     23     37     54     78    111    143    162    167    173    157    139    115     90     63     40     23     16      8      7 
092      0      6     11     23     38     54    100    163    228    322    384    445    474    490    468    407    331    268    200    143     93     64     40     24 
093      0      4      2      4      9     14     21     32     48     66     83    102    109    114    101     88     76     58     46     29     20     14     11      9 
094      0      5      6     14     25     37     64     96    132    171    232    256    270    265    234    201    153    119     82     61     44     27     17      9 
095      0      4      7     15     24     36     64    105    154    217    268    308    336    340    314    263    217    164    115     79     53     38     22     18 
096      0      5      7     11     23     40     70    109    173    230    277    321    330    310    304    266    225    170    128     86     62     44     26     20 
097      0      3      3      8     14     24     43     60     82    119    145    173    192    207    199    165    130     99     64     47     31     19     14      9 
098      0      4      3      6     10     17     30     47     63     89    109    121    128    125    116     89     77     57     37     25     14      9      4      3 
099      0      3      2      3      3      7     11     14     20     30     34     38     39     37     35     35     28     27     19     13      9      7      6      5 
100      0      3      5     12     21     38     50     78    120    164    213    261    289    277    259    212    171    128     95     65     42     25     18      9 
101      0      6      7     18     38     65    106    153    216    276    346    393    434    446    417    378    307    243    179    122     77     51     38     23 
102      0      4      5      9     20     36     55     85    133    183    227    262    268    270    244    220    185    142    100     74     46     27     19      9 
103      0      3      4      9     19     33     47     68    108    139    161    197    199    190    164    130     98     69     45     33     20     13      9      5 
104      0      3      3      9     14     21     34     47     74     97    115    144    148    141    146    126     94     72     61     38     26     20     14      7 
105      0      3      2      7     13     23     32     54     68    104    141    149    161    173    162    144    123     96     68     49     31     20     14      7 
106      0      3      7     15     35     70    119    179    259    354    444    527    565    557    517    443    369    266    191    126     93     51     25     15 
107      0      5      5      9     17     35     48     79    112    154    185    212    220    208    186    154    124     99     82     55     39     25     14      8 
108      0      8     14     24     47     83    154    240    326    462    559    659    688    689    636    570    473    379    279    190    131     86     58     40 
109      0      3      1      1      4      6     10     13     16     25     30     36     41     42     39     36     27     16     12     10      6      3      2      1 
110      0      4      6     14     29     53     94    146    212    306    404    471    495    488    455    368    287    215    153    110     71     44     23     11 
111      0      3      3      9     17     36     58     91    124    177    224    262    289    284    249    205    165    127     88     63     44     26     17     10 
112      0      4      4     11     19     31     53     77    125    176    213    248    274    261    241    204    166    132    103     74     47     34     21     15 
113      0      3      7     18     32     54     85    108    154    221    265    300    312    316    290    243    196    147    108     81     51     32     19     12 
114      0      6      5      9     12     27     46     68    100    128    153    179    175    185    163    140    120     88     69     49     34     17      8      6 
115      0      5      6     11     28     42     78    118    184    243    305    349    360    357    336    299    246    196    149     96     57     43     29     18 
116      0      3      5      8     16     31     52     83    116    161    212    252    281    273    259    216    179    133     94     62     43     27     19      9 
117      0      2      1      3      5      7      9     13     19     26     32     31     39     36     32     29     22     16     13     11      6      6      2      1 
118      0      5     10     18     41     52     83    127    194    253    324    358    371    360    349    301    243    185    131     91     59     47     32     21 
119      0      4      5      8     14     21     34     51     80    114    153    190    187    189    171    153    123    102     75     47     30     15      7      4 
120      0      4      5      9     18     33     54     70     99    134    162    192    203    206    207    181    147    112     83     56     40     28     15     11 
121      0      3      3      6     14     25     44     64     90    118    163    180    193    188    178    140    113     96     73     47     27     18      8      9 
122      0      4      4      8     10     16     30     47     68     91    113    134    145    146    132    110     90     65     54     40     26     17     10      7 
123      0      2      2      7     14     21     35     61     82    112    139    152    149    143    141    124     97     71     52     39     25     16     10      3 
124      0      5      8     21     37     67    100    152    218    287    354    421    463    476    447    403    324    252    176    135     82     52     29     15 
125      0      4      5     13     21     34     54     83    118    165    207    238    246    253    238    223    188    152    109     77     57     37     21     14 
126      0      2      1      3      6     13     20     35     52     80     93    102    115    112    103     84     65     51     38     26     18     11      9      8 
127      0      4      6     12     23     28     47     74    115    162    205    234    242    239    225    196    162    125     88     57     37     26     18     13 
128      0      2      2      4      9     12     20     31     59     83    103    121    129    122    117    102     81     65     38     25     13     10      7      4 
129      0      4      4      7     15     23     36     61     84    118    143    158    171    176    165    139    116     95     60     38     28     19      8      4 
130      0      5     11     20     31     49     84    138    203    278    347    406    440    435    384    329    255    187    131     94     64     37     24     16 
131      0      2      0      1      3      8     17     35     47     63     73     81     80     79     73     63     47     40     25     18     12      7      3      1 
132      0      5      9     18     35     58     92    127    198    271    352    408    443    435    403    350    279    218    166    118     81     47     30     15 
133      0      3      3      7     16     30     50     75    100    127    145    172    186    189    179    157    137    112     74     55     43     32     22     11 
134      0      3      5      7     13     30     46     76    110    149    183    213    226    213    186    164    125     90     61     44     28     17     11      7 
135      0      5      8     15     24     38     51     90    131    171    222    252    266    264    238    205    175    130     94     66     46     37     28     17 
136      0      3      2      5      8     10     20     28     49     73     95    102    110    116    104     86     68     59     48     39     27     15     13      9 
137      0      2      1      4     12     24     40     60     88    113    141    167    175    174    164    148    124     91     70     41     31     19     14      8 
138      0      3      6     18     28     46     69    100    141    195    248    282    307    290    264    228    190    134    100     73     49     32     22     15 
139      0      7     11     21     38     60     95    141    205    270    347    390    416    422    400    353    296    227    165    116     74     51     31     21 
140      0      2      1      2      7     12     19     31     43     51     58     61     67     66     57     49     39     26     22     15     12      9      5      3 
141      0      3      3      8     15     33     64    105    145    198    257    291    307    299    274    234    200    150    115     80     58     37     22     16 
142      0      5      9     20     31     54     82    122    176    229    277    306    346    347    326    292    248    186    131     93     60     39     30     20 
143      0      2      3      6     10     23     30     46     71    101    124    151    158    166    158    146    127     95     72     47     35     22     13     11 
144      0      3      3      4      7     17     30     48     61     82    113    134    138    138    127    109     88     67     42     31     16     10      8      4 
145      0      2      5     11     18     33     53     78    102    145    183    212    231    220    196    179    143    118     91     60     39     24     15     10 
146      0      6      7      8     11     22     40     66     96    135    169    196    218    230    215    184    154    116     80     50     33     24     16     13 
147      0      6      8     14     32     56     89    146    207    281    330    381    395    375    361    312    253    186    135     94     67     44     28     16 
148      0      5      7     18     33     57     93    153    205    289    348    402    449    464    437    382    322    245    166    102     65     42     29     18 
149      0      2      2     12     20     33     54     79    116    155    205    250    263    263    253    223    189    143    102     68     48     29     21     14 
150      0      5      7     11     27     47     81    129    186    236    276    313    337    325    293    258    205    166    121     84     55     33     22     13 
151      0      2      1      2      7     12     26     42     64     77     92     99    108    104     88     67     56     41     25     13      8      6      6      5 
152      0      3      4     12     20     36     62     96    149    205    248    277    302    293    271    242    195    148    101     65     40     30     23     11 
153      0      2      2      5     10     21     33     49     66     91    114    129    137    130    125    108     90     69     52     39     24     14      9      7 
154      0      2      2      7     19     32     48     68    103    133    159    180    194    195    176    155    127     86     62     43     31     16      9      6 
155      0      3      5      5      8     13     22     35     62     78    102    115    118    107    101     87     73     53     38     29     16     13     10      6 
156      0      2      1      4      8     15     30     44     67     87    109    118    123    124    115     94     81     64     46     36     27     15     12      8 
157      0      2      1      2      7      9     19     28     42     58     72     82     79     79     73     63     55     41     29     22     19     10     10      7 
158      0      3      6     16     32     60     87    139    206    267    337    401    451    463    434    366    295    231    166    107     72     49     23     18 
159      0      4      4      9     20     32     59     88    130    173    226    268    286    278    260    227    171    125    100     72     49     32     26     18 
160      0      4      6     10     19     32     55     84    107    135    176    216    237    217    191    156    130    107     76     52     37     24     16      7 
161      0      3      3      8     20     40     66    107    158    195    245    281    294    313    291    258    202    160    118     83     56     33     24     14 
162      0      5      6     15     27     47     88    134    201    279    340    386    418    423    387    333    276    213    165    117     74     48     32     25 
163      0      8     13     23     32     57     94    151    230    309    385    435    479    487    430    371    298    226    171    122     85     58     38     21 
164      0      3      1      1      3      8     16     27     42     61     69     74     81     86     81     64     56     42     24     14      9      7      4      4 
165      0      4      7     12     18     30     49     74    130    168    209    233    243    242    216    184    144    110     79     57     41     26     23     16 
166      0      2      0      0      1      4      7     14     24     32     34     41     44     44     37     34     28     17     16     11     10      8      6      3 
167      0      4      4     12     26     45     73    118    188    256    306    347    366    362    335    287    232    165    121     83     63     40     21     13 
168      0      4      4      9     13     23     40     67    110    143    178    222    243    236    213    181    138    102     72     53     41     32     27     15 
169      0      7     10     18     33     57     94    153    229    296    375    442    472    462    419    368    306    245    182    127     96     65     40     18 
170      0      3      5     13     23     46     74    115    163    218    274    320    353    334    307    271    213    162    124     84     57     38     23     15 
171      0      5      6     12     22     46     79    133    200    257    329    357    381    365    339    302    256    194    143     90     55     35     27     18 
172      0      5      9     17     30     54     87    130    189    260    329    387    390    389    354    299    235    177    136     98     67     43     29     17 
173      0      3      3      5     12     23     43     66     92    122    169    184    195    196    186    167    142     98     67     48     30     19     12      7 
174      0      3      4      9     13     19     32     44     66     96    124    139    137    129    127    112     94     71     54     38     26     19     12      9 
175      0      5      8     16     27     51     84    134    187    251    311    357    398    394    374    319    261    203    144     92     59     36     23     18 
176      0      4      4     11     20     34     48     68     97    135    173    204    225    214    199    173    142    108     71     51     36     22     12      9 
177      0      4      6     19     31     59    103    170    243    319    394    460    472    466    416    347    273    204    149    107     78     47     37     26 
178      0      3      5     10     23     36     67     97    141    187    233    267    275    265    242    214    172    124     90     65     48     32     20     11 
179      0      7      8     12     28     58     97    145    202    290    364    431    458    454    418    359    287    217    153    111     69     47     30     23 
180      0      3      2      4      8     19     39     67     92    116    135    154    161    152    128    108     95     79     55     39     22     14      5      3 
181      0      3      6     11     24     41     64    105    173    242    301    358    395    388    363    301    241    183    129     94     56     40     26     18 
182      0      5      6     13     20     40     62     98    140    191    240    266    275    285    249    216    181    142     99     71     54     35     22     14 
183      0      6      8     15     27     52     83    129    182    256    316    365    387    382    359    311    253    199    144     99     73     46     29     14 
184      0      3      3     10     21     35     58     87    148    209    258    289    301    300    277    241    191    150    112     80     59     28     15     10 
185      0      5      4      8     18     35     57     84    132    161    186    211    219    216    198    167    140    117     84     52     32     22     13      8 
186      0      2      2      6      7     12     19     31     48     60     71     75     84     85     79     65     59     53     32     23     18     17     12      8 
187      0      6     12     23     44     75    130    214    325    484    619    724    765    772    704    627    500    393    288    208    138     91     60     37 
188      0      5      9     12     23     43     74    125    162    214    270    290    321    323    294    267    219    156    113     87     56     35     23      9 
189      0      4      2      5      8     10     20     26     45     64     79     88     89     87     76     68     56     42     33     24     17     13     12      7 
190      0      2      2      6     13     26     36     51     68     88    118    129    129    134    124    112     91     69     51     32     20     15      9      7 
191      0      4      7     15     21     32     47     62    104    144    183    218    221    229    206    178    156    120     86     60     45     26     14      5 
192      0      3      1      1      6     10     14     29     42     52     61     76     81     78     71     60     52     41     32     22     16      8      7      6 
193      0      2      0      2      7     12     20     32     38     51     65     80     88     87     73     63     52     42     32     20     12     11      9      8 
194      0      3      4     11     16     30     48     82    127    163    212    245    253    247    217    179    148    122     91     67     42     28     20     15 
195      0      3      2      6     10     20     28     41     62     77     98    108    113    106     95     89     71     57     42     24     17     11      6      3 
196      0      5      5     14     25     50     82    117    175    246    327    376    404    400    365    317    244    186    133     95     66     47     36     24 
197      0      4      4     11     22     39     66    112    163    237    281    310    325    316    286    254    221    173    135     91     59     34     26     15 
198      0      4      5      5      5     13     18     30     48     61     73     87     92     93     90     88     69     53     38     25     17      9      2      1 
199      0      2      2      4     13     23     37     53     80    108    146    173    182    176    160    142    111     90     70     44     31     17     13      5 
