000      2      0      0      1      1      2      2      2      6      7     11     20     25     32     51     70     78     81     89    100     96     85     76     61 
001      2      0      0      0      0      1      1      2      5      8     14     22     35     49     69     90    110    118    128    133    120    114     99     73 
002      2      0      0      0      0      0      0      2      5      8     20     35     56     78     90    122    147    165    166    160    146    139    113     86 
003      2      0      0      0      0      2      3     12     24     34     55     90    144    197    265    338    397    436    463    468    467    440    387    317 
004      2      0      0      0      0      0      1      5      5     10     18     28     46     71     85    106    117    139    142    150    147    127    112     93 
005      2      0      0      0      0      0      0      2      2      4      9     11     17     30     44     52     63     68     72     68     70     64     51     44 
006      2      0      0      0      1      2      2      4      9     20     32     51     82    110    141    187    220    237    242    249    241    206    174    143 
007      2      0      0      0      0      0      2      2      4     11     22     37     47     70    106    138    179    203    218    222    215    192    163    132 
008      2      0      0      0      1      3      6     13     20     34     65    104    165    230    298    371    438    490    518    518    507    466    416    347 
009      2      0      0      0      0      1      3      6     12     20     34     44     59     91    127    161    194    215    226    218    209    180    152    117 
010      2      0      0      0      0      1      1      3     12     21     34     52     82    111    142    158    187    202    210    219    209    189    177    148 
011      2      0      0      0      0      1      1      3      5     11     12     23     35     45     55     61     75     76     80     90     89     84     72     64 
012      2      0      0      0      0      0      0      0      1      3      4      9     13     23     31     44     54     61     69     69     64     60     53     46 
013      2      0      0      0      1      1      4      5     10     21     30     40     57     85    112    135    161    186    197    204    200    185    150    133 
014      2      0      0      0      0      0      1      4      4     12     26     42     62     92    119    143    169    181    188    189    176    156    141    118 
015      2      0      0      1      1      2      3      5     12     22     31     44     68    101    136    177    198    212    239    238    217    203    162    124 
016      2      0      0      0      0      1      2      3      5      9      9     13     21     31     46     60     77     91     93     97     90     81     66     56 
017      2      0      0      0      0      0      0      2      2      4      7     12     19     25     34     48     56     63     69     73     69     59     54     49 
018      2      0      0      0      1      1      3      5      6     17     29     52     77    109    144    180    197    231    238    234    215    201    163    141 
019      2      0      0      0      0      2      9     17     28     49     76    121    179    241    331    404    500    546    597    615    582    523    463    386 
020      2      0      0      0      0      0      0      2      7      8     14     21     37     47     70     89    106    124    127    124    112    100     83     68 
021      2      0      0      0      0      0      1      5      7     12     21     27     32     47     60     82     90    101    108    114    109    100     93     73 
022      2      0      0      0      0      0      0      1      5      7     15     29     42     59     75    105    127    146    154    156    154    130    117     96 
023      2      0      0      0      0      1      5      5      8     11     15     24     38     53     74     87     98    122    137    134    125    115    103     88 
024      2      0      0      0      0      0      0      1      5      7      7     14     17     27     39     45     51     58     64     59     59     54     48     39 
025      2      0      0      0      0      1      4      5      7     10     17     24     30     39     59     69     80     84     90     89     93     86     75     58 
026      2      0      0      0      0      1      1      3      5     10     14     24     35     53     66     80    102    114    123    117    114    107     87     68 
027      2      0      0      0      0      0      0      2      3      3      4      8     12     17     21     26     32     41     42     49     44     40     34     29 
028      2      0      0      0      0      1      1      4      8     21     30     44     62     87    111    132    152    171    173    168    152    140    131    109 
029      2      0      0      0      0      0      2      5      8     11     21     39     56     84    119    145    165    179    195    197    182    167    135    115 
030      2      0      0      0      0      1      3      6     13     23     32     57     84    122    147    188    217    239    262    250    243    218    184    157 
031      2      0      0      0      1      2      2      3      8     11     25     45     61     88    117    144    164    193    218    208    196    171    158    140 
032      2      0      0      0      0      0      1      1      3     11     19     34     51     77    102    128    155    165    167    160    157    136    114     83 
033      2      0      0      0      1      1      1      2      3      3      9     13     21     38     58     73     89    106    118    115    111    107     97     83 
034      2      0      0      0      0      2      3      8     16     25     37     56     86    121    159    208    255    271    296    291    281    255    213    173 
035      2      0      0      0      0      1      1      4     12     25     46     65     94    128    166    212    240    270    286    294    289    266    228    194 
036      2      0      0      0      1      2      2      2      6     17     37     57     86    119    142    174    209    234    255    266    253    232    209    174 
037      2      0      0      0      0      0      0      0      1      2      5      7     10     10     17     16     16     21     21     18     14     12     13     13 
038      2      0      0      0      0      0      1      3      4      9     13     19     27     42     56     81    103    119    130    132    128    117    107     88 
039      2      0      0      0      0      1      2      2      6      9     21     27     35     47     66     79     91     96    102    102     99     91     85     67 
040      2      0      0      0      0      1      1      2      3      4     11     18     28     37     48     63     75     83     85     82     73     62     52     38 
041      2      0      0      0      0      0      1      4      8     16     28     48     79    118    154    191    232    244    249    242    228    206    182    154 
042      2      0      0      0      1      1      3      6     13     20     27     51     81    125    161    209    251    291    310    322    323    284    243    200 
043      2      0      0      0      0      0      1      3      8     17     30     49     69     85    116    149    183    219    242    245    251    236    208    165 
044      2      0      0      0      0      0      1      4     11     16     28     47     73    118    171    219    261    291    323    330    334    296    254    225 
045      2      0      0      0      0      0      0      2      2      9     15     34     47     63     80    106    131    141    152    156    151    139    131    109 
046      2      0      0      0      0      1      3      7     10     17     25     43     73    105    137    185    209    221    244    245    237    222    198    163 
047      2      0      0      0      0      1      2      4      7     17     29     54     74    100    127    155    177    209    229    239    240    218    193    162 
048      2      0      0      0      1      1      1      2      4     12     17     36     44     73     96    116    133    152    156    157    153    134    108     89 
049      2      0      0      0      0      0      0      3      6     11     25     39     57     81     98    119    139    162    161    157    156    137    116     95 
050      2      0      0      0      0      0      1      3      7     12     18     33     59     79    102    142    168    179    195    187    186    162    148    120 
051      2      0      0      0      0      0      1      5      6     12     14     24     41     56     78    104    134    159    166    175    162    155    133    105 
052      2      0      0      0      0      1      1      1      4     10     19     28     39     49     64     83     96    107    109    113    113    103     90     76 
053      2      0      0      0      0      0      1      3      6     12     18     30     41     64     76    102    127    137    149    159    144    132    109     86 
054      2      0      0      0      0      0      0      5     16     24     40     63    114    141    183    227    276    292    314    305    293    268    237    200 
055      2      0      0      0      1      2      3      4      9     14     21     37     60     85    107    131    158    186    202    190    182    166    145    126 
056      2      0      0      0      0      2      4      5      6     12     16     27     33     47     73     89    112    129    132    133    131    115     92     75 
057      2      0      0      0      1      4      4      5     15     29     49     66     94    126    180    214    263    298    321    322    314    297    260    197 
058      2      0      0      0      0      1      1      4      9     12     22     33     67     97    138    175    221    258    268    269    252    222    194    150 
059      2      0      0      0      0      0      3      6      9     15     29     50     76    101    142    160    191    210    233    242    231    207    182    154 
060      2      0      0      0      0      0      1      6     17     20     26     40     56     84    107    125    136    158    165    161    166    148    130    107 
061      2      0      0      0      0      0      0      6      8     19     26     38     52     71     96    121    148    168    175    184    178    160    132    105 
062      2      0      0      0      0      2      2      4     12     23     35     59     90    124    175    221    260    285    298    294    289    263    230    191 
063      2      0      0      0      0      0      0      3     11     19     29     42     63     95    137    168    195    213    224    219    207    193    169    141 
064      2      0      0      0      0      1      1      6     12     19     25     37     52     69     89    117    132    150    162    169    168    159    146    119 
065      2      0      0      0      1      2      4      9     14     24     43     76    104    169    244    297    358    409    441    447    436    389    352    294 
066      2      0      0      0      0      0      0      2      3      5      8     11     17     25     36     45     60     69     78     84     83     72     66     55 
067      2      0      0      0      0      1      4      5     12     25     45     66    113    145    194    244    280    308    342    345    330    301    267    224 
068      2      0      0      0      0      1      1      6     14     23     42     58     80     98    134    168    207    231    247    254    249    235    209    173 
069      2      0      0      0      0      2      4      9     10     15     28     44     74    108    149    187    227    254    269    269    259    233    208    174 
070      2      0      0      0      0      1      3      4      7     13     20     34     46     68     82    110    126    132    150    157    138    125    106     90 
071      2      0      0      0      0      0      1      2      4      7     11     14     24     33     46     63     82     97    100    103    109    100     89     73 
072      2      0      0      0      0      0      0      2      4      7     12     17     22     29     33     47     56     61     65     64     70     66     58     49 
073      2      0      0      0      2      2      2      3     10     14     22     29     57     80    112    131    151    165    176    182    172    157    146    122 
074      2      0      0      0      0      0      1      3      8     17     27     47     73    103    131    168    195    224    234    250    241    216    188    155 
075      2      0      0      0      0      4      8     10     19     31     56     93    142    207    276    339    402    428    448    430    410    354    304    264 
076      2      0      0      1      1      1      3      8     10     18     34     54     83    118    157    198    238    255    276    279    269    239    198    164 
077      2      0      0      0      0      2      5      5     13     21     27     45     63     82    105    139    163    183    210    224    202    188    167    142 
078      2      0      0      0      1      2      3      6      8     10     18     31     47     62     84     96    118    135    152    158    157    144    122    105 
079      2      0      0      0      0      0      1      2      4      8     13     15     25     41     55     68     84     95     99     97     86     79     65     53 
080      2      0      0      0      0      1      1      2      4      5     15     24     35     51     67     86    101    116    125    123    121    109     93     73 
081      2      0      0      0      0      0      0      3      9     15     20     30     47     76    103    128    160    179    183    181    168    148    120     90 
082      2      0      0      0      0      1      2      3      4      8     14     27     39     54     69     81     88     96    105    105     99     99     89     70 
083      2      0      0      0      0      0      1      1      3      6     16     25     30     38     50     53     63     72     77     76     79     76     62     52 
084      2      0      0      0      0      0      1      3      3      6     15     28     45     63     90    120    131    146    150    154    152    136    105     83 
085      2      0      0      0      0      0      0      1      3      6     13     20     28     43     65     76     94    106    122    130    125    112     97     77 
086      2      0      0      0      0      0      0      2      5     13     26     38     46     61     76     88    105    116    124    123    115    107    102     94 
087      2      0      0      0      0      0      2      7     10     17     28     42     59     87    118    145    162    183    191    197    190    165    149    116 
088      2      0      0      0      0      0      1      3      5      9     17     28     48     60     84    106    129    140    144    153    143    130    113    100 
089      2      0      0      1      1      2      3      5     12     17     25     33     66     92    121    147    169    177    189    189    177    150    134    109 
090      2      0      0      0      0      1      1      3      3      7     19     29     38     51     58     70     87    103    109    109    107    103     91     71 
091      2      0      0      0      0      0      0      2      3     12     24     37     49     64     83    102    111    118    129    128    125    116    103     90 
092      2      0      0      0      1      4      6      7     17     27     50     75    121    161    207    258    320    355    376    383    364    334    286    245 
093      2      0      0      0      0      1      2      4      5      7     14     18     25     32     48     57     64     75     80     89     89     83     67     60 
094      2      0      0      0      0      0      1      5     11     15     22     40     56     82    116    145    180    204    211    207    201    186    162    133 
095      2      0      0      0      0      1      3      5      9     19     32     51     73    111    149    193    228    263    288    286    270    236    210    159 
096      2      0      0      0      0      0      2      3      9     15     31     54     91    123    151    192    217    255    258    266    255    220    199    169 
097      2      0      0      0      0      0      2      4      5      7     12     25     37     52     68     96    125    144    167    171    168    151    131    100 
098      2      0      0      0      0      0      1      3      5      7     14     25     39     46     62     90     93     98    104    103    101     91     73     61 
099      2      0      0      0      0      0      0      1      1      2      3      5     14     18     26     26     30     25     31     33     32     31     25     22 
100      2      0      0      0      0      0      2      5     10     17     28     37     61     92    116    154    182    206    211    216    213    193    161    134 
101      2      0      0      0      0      3      4     11     18     34     55     88    109    152    196    239    285    315    346    348    343    323    274    229 
102      2      0      0      0      0      1      3      7      9     14     30     49     69     94    123    152    181    210    230    222    212    188    155    130 
103      2      0      0      0      0      0      1      5      7     13     29     40     61     83    111    138    157    172    174    164    144    130    110     82 
104      2      0      0      0      0      0      0      1      3      6     14     16     35     45     56     77    100    117    119    134    125    112     98     81 
105      2      0      0      0      0      0      2      4      6      8     13     25     41     52     67     88    105    119    131    133    135    132    119    101 
106      2      0      0      0      0      1      1      5     11     25     54     83    124    181    245    314    370    438    449    450    421    393    346    278 
107      2      0      0      0      0      0      0      2      6     18     29     42     64     88    110    140    161    170    167    160    157    141    131    113 
108      2      0      0      0      2      3      9     12     30     44     74    115    180    237    310    393    460    517    550    563    540    497    447    379 
109      2      0      0      0      0      0      0      0      2      3      5      5      8     13     18     21     29     36     37     35     32     32     26     23 
110      2      0      0      0      0      1      3      4     10     21     39     72    108    155    210    287    343    381    404    398    379    342    296    248 
111      2      0      0      0      0      0      1      2     11     18     32     46     70     95    132    170    199    211    220    219    209    190    154    125 
112      2      0      0      0      0      1      1      2      7     12     19     37     54     86    118    155    180    200    208    207    202    176    153    129 
113      2      0      0      0      0      0      3     12     19     24     41     63     84    121    149    193    228    261    263    260    265    240    211    169 
114      2      0      0      0      0      1      2      4      6      9     17     23     48     65     85    106    124    152    154    160    154    136    113     90 
115      2      0      0      1      2      3      4      8     11     22     40     63    101    138    180    213    239    263    279    297    296    269    235    201 
116      2      0      0      0      0      0      0      2      6     10     20     34     47     77    107    140    166    196    211    219    222    202    169    147 
117      2      0      0      0      0      0      0      1      1      2      3      6      7     11     16     21     28     29     31     32     32     28     23     19 
118      2      0      0      0      0      1      3      6     12     25     42     71    103    145    178    225    272    303    318    318    303    255    226    192 
119      2      0      0      0      0      2      3      3      6     10     17     23     44     63     92    115    142    141    149    149    146    132    115     94 
120      2      0      0      0      0      0      0      4      7     17     25     40     58     81     93    118    144    157    165    177    178    162    151    132 
121      2      0      0      0      0      0      0      3      4     14     27     40     56     73     88    117    135    140    147    156    147    135    112     93 
122      2      0      0      0      2      2      2      3      6      9     11     22     33     46     61     79     96    115    109    108    103     93     72     64 
123      2      0      0      0      0      0      0      2      3      5     10     24     45     67     81     94    106    120    125    119    113     97     88     76 
124      2      0      0      0      2      2      2      6     14     32     52     80    107    148    204    259    312    357    393    390    386    353    318    250 
125      2      0      0      0      0      0      2      4      8     15     28     44     70     89    112    133    153    167    187    190    179    173    158    130 
126      2      0      0      0      0      0      1      1      3      5      9     18     23     32     48     66     78     87     94     96     85     75     55     45 
127      2      0      0      0      0      2      4      5      6     11     20     34     60     90    115    141    172    187    199    202    193    176    151    129 
128      2      0      0      0      0      1      1      3      4      9     15     19     29     49     59     71     83     93    110    111    103     92     80     69 
129      2      0      0      0      0      0      1      2      5     10     18     28     48     59     83    108    117    128    138    134    126    111    103     81 
130      2      0      0      0      0      1      3      6     11     20     41     69     99    136    195    249    300    329    340    343    322    298    247    197 
131      2      0      0      0      0      0      0      0      1      2      5     13     22     29     37     46     57     57     64     67     69     63     56     43 
132      2      0      0      0      0      2      4     12     19     33     48     75    104    156    205    253    297    335    339    356    335    315    269    235 
133      2      0      0      0      0      0      0      1      7     16     23     33     52     75     93    113    126    137    159    159    146    131    116     98 
134      2      0      0      0      0      0      1      3      6     12     20     40     56     82    106    125    152    175    179    179    160    146    119     99 
135      2      0      0      0      1      2      7      7     12     20     33     46     73    105    136    163    184    206    222    222    213    173    150    121 
136      2      0      0      0      0      2      2      3      4      6      7     14     25     33     51     66     81     87     91     89     90     89     79     63 
137      2      0      0      0      0      0      0      2      2      7     17     26     38     54     71     85    101    122    133    147    139    133    118    103 
138      2      0      0      0      0      2      4      7     14     28     38     51     69    107    142    177    195    238    246    252    234    214    177    149 
139      2      0      0      0      0      1      4     14     20     31     49     73    106    145    180    223    265    301    321    329    324    297    257    222 
140      2      0      0      0      0      0      0      0      2      6     12     18     28     38     46     53     60     63     62     57     55     49     42     35 
141      2      0      0      0      0      0      0      3      5     13     21     42     67    107    142    188    212    246    252    255    242    230    197    162 
142      2      0      0      0      0      1      4      9     16     25     46     75     92    124    150    188    214    253    280    283    276    261    230    197 
143      2      0      0      0      0      1      1      3      5      7     16     22     37     51     69     86    102    121    122    124    125    125    115    102 
144      2      0      0      0      0      2      2      2      8     14     18     24     39     49     68     85    101    108    119    120    116    106     85     68 
145      2      0      0      0      0      0      2      6      8     13     23     38     57     85    115    135    160    172    177    182    171    161    145    122 
146      2      0      0      0      1      1      2      4      8     14     21     33     47     64     79    112    140    159    179    186    183    169    141    118 
147      2      0      0      0      0      1      5      8     14     23     45     70    101    142    182    227    272    299    319    329    306    278    238    195 
148      2      0      0      0      0      1      2      4      9     16     34     63    101    143    185    240    288    330    368    382    370    351    312    258 
149      2      0      0      0      0      1      4      7     13     20     26     34     61     84    112    143    175    196    214    218    209    196    176    145 
150      2      0      0      1      1      2      3      6      9     18     34     61     94    126    167    201    238    254    276    273    257    235    201    166 
151      2      0      0      0      0      0      1      1      3      9     14     21     29     42     58     78     83     93    100    102     90     76     63     46 
152      2      0      0      0      0      0      2      7     10     18     25     40     59    100    144    176    206    240    258    255    234    195    171    152 
153      2      0      0      0      0      0      1      3      5      7     13     24     37     53     72     88     98    109    117    119    117    108     89     72 
154      2      0      0      0      0      0      0      4     11     15     25     41     59     78    101    119    139    160    170    165    159    147    122     93 
155      2      0      0      0      0      0      0      3      4      8     14     21     34     54     64     73     82     93     97     91     92     78     67     56 
156      2      0      0      0      0      0      0      3      6     11     16     29     43     57     70     89     94    104    114    112    100     91     81     66 
157      2      0      0      0      0      1      1      2      3      6     12     18     28     38     40     49     52     57     59     61     51     53     42     36 
158      2      0      0      0      0      0      1      3      9     22     46     76    102    142    186    235    289    315    339    355    348    318    293    232 
159      2      0      0      0      0      1      2      4     10     15     25     38     58     86    117    146    196    224    232    230    218    196    170    128 
160      2      0      0      0      0      0      0      1      9     17     27     36     49     79    105    137    149    165    172    175    160    147    120    100 
161      2      0      0      0      1      1      1      2      5     16     33     53     76    103    141    171    202    228    244    254    243    219    186    155 
162      2      0      0      0      0      1      2      6     11     24     40     76    110    152    200    250    287    315    321    328    324    286    250    209 
163      2      0      0      0      1      2      3      8     16     31     46     74    104    145    208    260    310    365    383    378    370    338    288    231 
164      2      0      0      0      0      1      1      1      1      1      5     12     15     22     28     42     49     59     67     69     67     62     53     43 
165      2      0      0      0      0      1      3      6      7     14     20     36     56     77    112    141    177    194    207    201    191    172    142    113 
166      2      0      0      0      0      0      0      0      1      3      6      8     11     13     18     20     23     29     30     29     26     20     20     20 
167      2      0      0      0      0      0      1      3     11     18     32     56     90    121    159    207    243    281    301    300    280    267    231    192 
168      2      0      0      0      0      1      2      4      7     16     23     33     50     78    104    134    169    187    198    195    187    160    135    117 
169      2      0      0      0      1      2      6     11     17     33     49     77    111    155    205    262    310    346    357    356    331    310    280    251 
170      2      0      0      0      0      0      1      4      8     22     39     60     86    130    166    194    235    267    272    271    266    246    217    176 
171      2      0      0      0      0      1      6      7     13     24     37     68     97    137    188    218    244    279    296    306    285    262    221    178 
172      2      0      0      0      0      0      4     13     19     30     45     64    104    140    186    229    276    298    316    307    288    266    228    189 
173      2      0      0      0      0      0      1      4      5     12     19     30     48     66     86    104    120    142    161    161    161    149    135    119 
174      2      0      0      0      0      0      1      2      4      9     13     25     37     51     63     77     93    103    112    114    109     97     93     66 
175      2      0      0      1      2      2      3      7     13     23     39     74    105    155    184    233    270    307    332    346    333    297    252    204 
176      2      0      0      0      0      0      0      1      8     14     25     36     46     76     97    114    138    158    180    181    175    164    139    120 
177      2      0      0      0      0      0      0      5     14     21     42     66    114    168    232    304    367    403    428    413    386    347    287    234 
178      2      0      0      0      0      1      2      5      9     19     27     43     72    100    138    167    202    229    238    230    212    188    171    135 
179      2      0      0      0      0      0      4      8     18     26     43     66    100    141    195    237    279    315    349    350    340    316    275    222 
180      2      0      0      0      0      0      0      1      3      8     20     31     42     52     79     89    101    105    115    113    113    102     94     79 
181      2      0      0      0      0      1      5      9     12     19     32     52     73    108    149    208    249    293    320    331    326    299    263    207 
182      2      0      0      0      1      3      6      9     12     17     28     45     61     83    114    138    155    180    201    206    201    191    164    141 
183      2      0      0      1      1      2      5      7     14     25     40     61     97    135    178    229    274    300    330    337    311    288    252    198 
184      2      0      0      0      0      1      2      4      6     13     21     40     66    100    132    164    207    229    239    242    232    223    185    156 
185      2      0      0      0      0      1      1      2      3     13     32     53     69     95    115    149    166    169    178    181    175    154    134    113 
186      2      0      0      0      0      0      0      2      2      5      9     17     24     34     46     55     60     65     75     81     72     60     52     49 
187      2      0      0      0      1      4      5     13     26     40     74    109    172    233    325    404    506    577    620    624    592    537    467    398 
188      2      0      0      0      1      2      3      4      9     19     31     58     87    125    165    191    222    258    271    258    251    230    203    170 
189      2      0      0      0      0      0      0      1      3      5     11     14     21     28     44     51     59     67     73     72     65     57     53     47 
190      2      0      0      0      0      0      1      2      4      7     12     24     40     48     64     72     90     94     95     98     96     88     80     65 
191      2      0      0      0      0      0      3      7      9     19     26     36     55     79    108    133    152    170    187    192    177    161    141    107 
192      2      0      0      0      0      0      0      0      2      4      8     11     19     27     35     47     54     59     56     59     54     53     45     41 
193      2      0      0      0      0      0      0      0      2      6      8      9     18     28     45     55     61     67     73     74     66     57     53     41 
194      2      0      0      0      1      2      3      4      5     15     20     42     65     93    134    168    190    201    208    193    178    162    141    118 
195      2      0      0      0      0      0      0      0      5     10     11     21     33     48     64     66     78     84     88     90     86     81     72     57 
196      2      0      0      0      1      1      5      8     16     25     44     63     97    141    179    215    269    307    321    312    298    262    226    193 
197      2      0      0      0      0      0      1      2     12     19     31     56     91    121    158    195    217    246    266    273    259    240    211    177 
198      2      0      0      1      2      2      2      3      4      5     12     18     24     32     43     50     60     73     80     83     80     75     72     60 
199      2      0      0      0      0      1      2      2      6      7     13     23     41     59     79     98    125    134    141    146    135    128    112     92 
