Versión 0.2.0 2020/04/19 02:10
(Simulador de Circuito Paralelizado con OpenMP)

Empleando la función Tasa de transmisión R0: A*e^(-(B+C/10*x+D/100*x^2+E/1000*X^3+F/10000*X^4+G/100000*X^5)) 
El archivo <../Data/Galicia/ParInit_Optimos_Exp6.txt> contiene los siguientes valores
  -> 0 0 2 1 0.81 0.056 5.807 0.948 5.807 0.948 9 14 6.67 2.55 5 10 7 14 0.632029 -0.25483 0.0442811 0.0901843 0.833511 0.0480953 0 0 0 

Los datos originales eran desde el día 2020-03-03 hasta el día 2020-04-16
Datos ajustados para que contengan 18 ceros en lugar de 4 al inicio.
El inicio de los datos se corresponde con 14 días antes de la fecha original.
El archivo de <Cataluna> contiene los siguientes valores
  -> 0 0 0 0 0 0 0 0 0 0 0 0 0 0 0 0 0 0 1 1 1 3 3 4 4 6 8 12 18 41 55 82 122 191 245 282 516 672 880 1070 1226 1410 1672 1849 2093 2335 2508 2637 2760 2908 3041 3148 ...
  -> Tamaño del histórico: 59 días
  -> Población <Cataluna>: 7675217

El archivo <../Data/Galicia/ParInit_Optimos_Exp6.txt> contiene los siguientes valores
  -> Inicialmente hay 2 contagiados que en 1 días presentarán síntomas (I1->I3).
            	# 	#1	#2	#3	#4	#5	#6
  -> alfas: 	0.81	5.8070	5.8070	9.0000	6.6700	5.0000	7.0000
  -> betas: 	0.06	0.9480	0.9480	14.0000	2.5500	10.0000	14.0000
    ----------------------------------------------------------------------------------
   exp f/c  	         1           2           3
  ->   1    	+6.320e-01  +4.428e-02  +4.428e-02
  ->   2    	+9.018e-02  +8.335e-01  +4.810e-02
  ->   3    	+0.000e+00  +0.000e+00  +0.000e+00

(1000) Simulaciones de 57 días empleando 7675217 personas ...
Resultados para el vector de Susceptibles (S)
--(1.000e+03)-------------------------------------------
Acumulado / Max / Min: 
  Ind  ->      0      1      2      3      4      5      6      7      8      9     10     11     12     13     14     15     16     17     18     19     20     21     22     23     24     25     26     27     28     29     30     31     32     33     34     35     36     37     38     39     40     41     42     43     44     45     46     47     48     49     50     51     52     53     54     55     56 
  Acum -> 7675217000 7675215360 7675212496 7675207360 7675198634 7675184511 7675162416 7675130684 7675088591 7675038102 7674984904 7674934668 7674893294 7674862973 7674843461 7674832487 7674826778 7674824115 7674823086 7674822698 7674822300 7674821919 7674821516 7674821143 7674820761 7674820350 7674819997 7674819596 7674819219 7674818898 7674818588 7674818263 7674817983 7674817758 7674817570 7674817403 7674817271 7674817170 7674817082 7674817023 7674816970 7674816938 7674816903 7674816883 7674816868 7674816851 7674816846 7674816838 7674816828 7674816819 7674816816 7674816815 7674816812 7674816809 7674816809 7674816807 7674816804 
  Max  -> 7675217 7675217 7675217 7675217 7675217 7675216 7675215 7675214 7675213 7675211 7675208 7675206 7675204 7675204 7675203 7675203 7675203 7675203 7675203 7675203 7675203 7675203 7675203 7675203 7675203 7675203 7675203 7675203 7675203 7675203 7675203 7675203 7675203 7675203 7675203 7675203 7675203 7675203 7675203 7675203 7675203 7675203 7675203 7675203 7675203 7675203 7675203 7675203 7675203 7675203 7675203 7675203 7675203 7675203 7675203 7675203 7675203 
  Min  -> 7675217 7675209 7675200 7675183 7675150 7675110 7675041 7674941 7674812 7674634 7674447 7674296 7674165 7674065 7674004 7673968 7673951 7673944 7673943 7673942 7673942 7673941 7673941 7673941 7673941 7673938 7673938 7673937 7673937 7673937 7673936 7673934 7673934 7673933 7673930 7673930 7673930 7673930 7673930 7673930 7673930 7673930 7673930 7673930 7673930 7673930 7673930 7673930 7673930 7673930 7673930 7673930 7673930 7673930 7673930 7673930 7673930 
Promedio: 
  Prom -> 7.675e+06 7.675e+06 7.675e+06 7.675e+06 7.675e+06 7.675e+06 7.675e+06 7.675e+06 7.675e+06 7.675e+06 7.675e+06 7.675e+06 7.675e+06 7.675e+06 7.675e+06 7.675e+06 7.675e+06 7.675e+06 7.675e+06 7.675e+06 7.675e+06 7.675e+06 7.675e+06 7.675e+06 7.675e+06 7.675e+06 7.675e+06 7.675e+06 7.675e+06 7.675e+06 7.675e+06 7.675e+06 7.675e+06 7.675e+06 7.675e+06 7.675e+06 7.675e+06 7.675e+06 7.675e+06 7.675e+06 7.675e+06 7.675e+06 7.675e+06 7.675e+06 7.675e+06 7.675e+06 7.675e+06 7.675e+06 7.675e+06 7.675e+06 7.675e+06 7.675e+06 7.675e+06 7.675e+06 7.675e+06 7.675e+06 7.675e+06 
Resultados para el vector de Infectados (I1) 
--(1.000e+03)-------------------------------------------
Acumulado / Max / Min: 
  Ind  ->      0      1      2      3      4      5      6      7      8      9     10     11     12     13     14     15     16     17     18     19     20     21     22     23     24     25     26     27     28     29     30     31     32     33     34     35     36     37     38     39     40     41     42     43     44     45     46     47     48     49     50     51     52     53     54     55     56 
  Acum -> 000000 003640 004503 009598 018077 031511 052202 081229 118406 160801 201371 232630 248326 246012 227161 195956 159914 122970 089750 062448 041772 027024 017064 010786 007051 004918 003635 002998 002600 002375 002219 002142 002046 001906 001735 001557 001358 001164 000981 000787 000666 000529 000434 000334 000267 000215 000153 000119 000090 000080 000055 000041 000034 000029 000023 000018 000015 
  Max  -> 000000 000010 000017 000034 000066 000103 000172 000264 000367 000515 000659 000759 000814 000817 000760 000649 000523 000401 000300 000217 000141 000092 000059 000042 000029 000022 000015 000013 000012 000012 000013 000012 000012 000011 000012 000010 000008 000007 000007 000005 000005 000004 000004 000004 000003 000003 000002 000002 000002 000002 000001 000001 000001 000001 000001 000001 000001 
  Min  -> 000000 000002 000000 000000 000000 000001 000002 000003 000004 000006 000008 000010 000012 000010 000009 000009 000007 000004 000003 000002 000000 000000 000000 000000 000000 000000 000000 000000 000000 000000 000000 000000 000000 000000 000000 000000 000000 000000 000000 000000 000000 000000 000000 000000 000000 000000 000000 000000 000000 000000 000000 000000 000000 000000 000000 000000 000000 
Promedio: 
  Prom -> 0.000e+00 3.640e+00 4.503e+00 9.598e+00 1.808e+01 3.151e+01 5.220e+01 8.123e+01 1.184e+02 1.608e+02 2.014e+02 2.326e+02 2.483e+02 2.460e+02 2.272e+02 1.960e+02 1.599e+02 1.230e+02 8.975e+01 6.245e+01 4.177e+01 2.702e+01 1.706e+01 1.079e+01 7.051e+00 4.918e+00 3.635e+00 2.998e+00 2.600e+00 2.375e+00 2.219e+00 2.142e+00 2.046e+00 1.906e+00 1.735e+00 1.557e+00 1.358e+00 1.164e+00 9.810e-01 7.870e-01 6.660e-01 5.290e-01 4.340e-01 3.340e-01 2.670e-01 2.150e-01 1.530e-01 1.190e-01 9.000e-02 8.000e-02 5.500e-02 4.100e-02 3.400e-02 2.900e-02 2.300e-02 1.800e-02 1.500e-02 
Resultados para el vector de Infectados (I2) 
--(1.000e+03)-------------------------------------------
Acumulado / Max / Min: 
  Ind  ->      0      1      2      3      4      5      6      7      8      9     10     11     12     13     14     15     16     17     18     19     20     21     22     23     24     25     26     27     28     29     30     31     32     33     34     35     36     37     38     39     40     41     42     43     44     45     46     47     48     49     50     51     52     53     54     55     56 
  Acum -> 002000 000000 000001 000031 000233 000785 001942 004136 008064 014577 024608 039615 059558 084434 112730 141951 168181 188968 200955 202517 194022 176719 153787 127488 100723 076105 055181 038389 025940 016998 011093 007321 005097 003750 003014 002600 002307 002101 001954 001852 001666 001538 001376 001198 001024 000850 000715 000575 000446 000368 000288 000227 000175 000138 000108 000085 000066 
  Max  -> 000002 000000 000001 000002 000003 000005 000009 000019 000032 000057 000087 000132 000197 000262 000363 000441 000533 000602 000641 000659 000635 000585 000517 000420 000337 000251 000182 000123 000084 000058 000037 000027 000022 000016 000014 000014 000011 000010 000010 000011 000010 000010 000009 000009 000008 000006 000006 000005 000005 000004 000004 000003 000003 000003 000003 000002 000002 
  Min  -> 000002 000000 000000 000000 000000 000000 000000 000000 000000 000000 000000 000000 000001 000002 000003 000003 000005 000005 000005 000006 000006 000005 000005 000003 000003 000003 000000 000000 000000 000000 000000 000000 000000 000000 000000 000000 000000 000000 000000 000000 000000 000000 000000 000000 000000 000000 000000 000000 000000 000000 000000 000000 000000 000000 000000 000000 000000 
Promedio: 
  Prom -> 2.000e+00 0.000e+00 1.000e-03 3.100e-02 2.330e-01 7.850e-01 1.942e+00 4.136e+00 8.064e+00 1.458e+01 2.461e+01 3.961e+01 5.956e+01 8.443e+01 1.127e+02 1.420e+02 1.682e+02 1.890e+02 2.010e+02 2.025e+02 1.940e+02 1.767e+02 1.538e+02 1.275e+02 1.007e+02 7.610e+01 5.518e+01 3.839e+01 2.594e+01 1.700e+01 1.109e+01 7.321e+00 5.097e+00 3.750e+00 3.014e+00 2.600e+00 2.307e+00 2.101e+00 1.954e+00 1.852e+00 1.666e+00 1.538e+00 1.376e+00 1.198e+00 1.024e+00 8.500e-01 7.150e-01 5.750e-01 4.460e-01 3.680e-01 2.880e-01 2.270e-01 1.750e-01 1.380e-01 1.080e-01 8.500e-02 6.600e-02 
Resultados para el vector de Infectados (I3) 
--(1.000e+03)-------------------------------------------
Acumulado / Max / Min: 
  Ind  ->      0      1      2      3      4      5      6      7      8      9     10     11     12     13     14     15     16     17     18     19     20     21     22     23     24     25     26     27     28     29     30     31     32     33     34     35     36     37     38     39     40     41     42     43     44     45     46     47     48     49     50     51     52     53     54     55     56 
  Acum -> 000000 000000 002000 002011 002056 002193 002440 002950 003930 005453 007871 011102 015628 021361 028135 035795 043474 050679 056503 060593 062849 063135 061504 058078 053008 046991 040037 033049 026326 020249 015259 011200 008149 005874 004282 003189 002515 002074 001755 001520 001306 001142 001001 000902 000781 000672 000585 000508 000441 000365 000313 000268 000221 000173 000145 000114 000087 
  Max  -> 000000 000000 000002 000003 000004 000005 000006 000008 000012 000017 000026 000035 000052 000072 000094 000132 000156 000174 000191 000205 000210 000214 000212 000193 000185 000160 000144 000117 000093 000076 000054 000044 000033 000025 000018 000012 000010 000010 000008 000008 000009 000009 000007 000007 000005 000005 000004 000004 000004 000004 000004 000003 000003 000002 000002 000002 000001 
  Min  -> 000000 000000 000002 000002 000002 000002 000002 000002 000002 000001 000001 000001 000000 000001 000001 000001 000001 000002 000002 000002 000002 000001 000001 000001 000001 000001 000000 000000 000000 000000 000000 000000 000000 000000 000000 000000 000000 000000 000000 000000 000000 000000 000000 000000 000000 000000 000000 000000 000000 000000 000000 000000 000000 000000 000000 000000 000000 
Promedio: 
  Prom -> 0.000e+00 0.000e+00 2.000e+00 2.011e+00 2.056e+00 2.193e+00 2.440e+00 2.950e+00 3.930e+00 5.453e+00 7.871e+00 1.110e+01 1.563e+01 2.136e+01 2.814e+01 3.580e+01 4.347e+01 5.068e+01 5.650e+01 6.059e+01 6.285e+01 6.313e+01 6.150e+01 5.808e+01 5.301e+01 4.699e+01 4.004e+01 3.305e+01 2.633e+01 2.025e+01 1.526e+01 1.120e+01 8.149e+00 5.874e+00 4.282e+00 3.189e+00 2.515e+00 2.074e+00 1.755e+00 1.520e+00 1.306e+00 1.142e+00 1.001e+00 9.020e-01 7.810e-01 6.720e-01 5.850e-01 5.080e-01 4.410e-01 3.650e-01 3.130e-01 2.680e-01 2.210e-01 1.730e-01 1.450e-01 1.140e-01 8.700e-02 
Resultados para el vector de Recuperados (R1) 
--(1.000e+03)-------------------------------------------
Acumulado / Max / Min: 
  Ind  ->      0      1      2      3      4      5      6      7      8      9     10     11     12     13     14     15     16     17     18     19     20     21     22     23     24     25     26     27     28     29     30     31     32     33     34     35     36     37     38     39     40     41     42     43     44     45     46     47     48     49     50     51     52     53     54     55     56 
  Acum -> 000000 000000 000000 000000 000000 000000 000000 000000 000007 000061 000238 000973 002175 004192 007477 012761 020583 032132 048405 070077 096744 127785 160781 194068 225304 251611 271143 282276 284373 278023 263449 242119 216155 187142 157421 128435 102015 078720 059388 043550 031278 022093 015580 011084 008112 006195 004893 003970 003419 002978 002682 002411 002104 001850 001584 001345 001166 
  Max  -> 000000 000000 000000 000000 000000 000000 000000 000000 000001 000002 000004 000005 000009 000016 000023 000045 000075 000109 000154 000223 000317 000409 000513 000638 000723 000812 000880 000919 000946 000907 000854 000774 000695 000597 000496 000403 000324 000262 000190 000140 000103 000075 000060 000043 000032 000026 000022 000019 000015 000016 000014 000012 000011 000010 000010 000010 000008 
  Min  -> 000000 000000 000000 000000 000000 000000 000000 000000 000000 000000 000000 000000 000000 000000 000000 000001 000001 000002 000002 000003 000003 000006 000006 000008 000010 000008 000010 000011 000009 000009 000009 000010 000008 000007 000006 000006 000004 000002 000001 000001 000000 000000 000000 000000 000000 000000 000000 000000 000000 000000 000000 000000 000000 000000 000000 000000 000000 
Promedio: 
  Prom -> 0.000e+00 0.000e+00 0.000e+00 0.000e+00 0.000e+00 0.000e+00 0.000e+00 0.000e+00 7.000e-03 6.100e-02 2.380e-01 9.730e-01 2.175e+00 4.192e+00 7.477e+00 1.276e+01 2.058e+01 3.213e+01 4.840e+01 7.008e+01 9.674e+01 1.278e+02 1.608e+02 1.941e+02 2.253e+02 2.516e+02 2.711e+02 2.823e+02 2.844e+02 2.780e+02 2.634e+02 2.421e+02 2.162e+02 1.871e+02 1.574e+02 1.284e+02 1.020e+02 7.872e+01 5.939e+01 4.355e+01 3.128e+01 2.209e+01 1.558e+01 1.108e+01 8.112e+00 6.195e+00 4.893e+00 3.970e+00 3.419e+00 2.978e+00 2.682e+00 2.411e+00 2.104e+00 1.850e+00 1.584e+00 1.345e+00 1.166e+00 
Resultados para el vector de Recuperados (R2) 
--(1.000e+03)-------------------------------------------
Acumulado / Max / Min: 
  Ind  ->      0      1      2      3      4      5      6      7      8      9     10     11     12     13     14     15     16     17     18     19     20     21     22     23     24     25     26     27     28     29     30     31     32     33     34     35     36     37     38     39     40     41     42     43     44     45     46     47     48     49     50     51     52     53     54     55     56 
  Acum -> 000000 000000 000000 000000 000000 000000 000000 000000 000000 000000 000000 000000 000000 000000 000000 000001 000008 000051 000192 000521 001110 002152 003992 006990 011602 018330 028147 041645 059268 080954 106658 135989 167369 200145 232321 262949 290474 314533 334459 350755 363478 373012 379866 384690 387965 390176 391717 392857 393614 394198 394634 395010 395408 395735 396055 396342 396558 
  Max  -> 000000 000000 000000 000000 000000 000000 000000 000000 000000 000000 000000 000000 000000 000000 000000 000001 000001 000002 000002 000005 000006 000009 000017 000027 000045 000066 000093 000137 000182 000250 000339 000446 000548 000670 000764 000862 000950 001019 001083 001134 001173 001203 001221 001240 001249 001259 001262 001270 001271 001271 001273 001274 001274 001275 001275 001276 001276 
  Min  -> 000000 000000 000000 000000 000000 000000 000000 000000 000000 000000 000000 000000 000000 000000 000000 000000 000000 000000 000000 000000 000000 000000 000000 000000 000000 000001 000002 000003 000003 000004 000005 000006 000008 000009 000010 000010 000012 000014 000014 000015 000015 000015 000016 000016 000016 000016 000016 000016 000016 000016 000016 000016 000016 000016 000016 000016 000016 
Promedio: 
  Prom -> 0.000e+00 0.000e+00 0.000e+00 0.000e+00 0.000e+00 0.000e+00 0.000e+00 0.000e+00 0.000e+00 0.000e+00 0.000e+00 0.000e+00 0.000e+00 0.000e+00 0.000e+00 1.000e-03 8.000e-03 5.100e-02 1.920e-01 5.210e-01 1.110e+00 2.152e+00 3.992e+00 6.990e+00 1.160e+01 1.833e+01 2.815e+01 4.164e+01 5.927e+01 8.095e+01 1.067e+02 1.360e+02 1.674e+02 2.001e+02 2.323e+02 2.629e+02 2.905e+02 3.145e+02 3.345e+02 3.508e+02 3.635e+02 3.730e+02 3.799e+02 3.847e+02 3.880e+02 3.902e+02 3.917e+02 3.929e+02 3.936e+02 3.942e+02 3.946e+02 3.950e+02 3.954e+02 3.957e+02 3.961e+02 3.963e+02 3.966e+02 
Resultados para el vector de muertes (M)
--(1.000e+03)-------------------------------------------
Acumulado / Max / Min: 
  Ind  ->      0      1      2      3      4      5      6      7      8      9     10     11     12     13     14     15     16     17     18     19     20     21     22     23     24     25     26     27     28     29     30     31     32     33     34     35     36     37     38     39     40     41     42     43     44     45     46     47     48     49     50     51     52     53     54     55     56 
  Acum -> 000000 000000 000000 000000 000000 000000 000000 000001 000002 000006 000008 000012 000019 000028 000036 000049 000062 000085 000109 000146 000203 000266 000356 000447 000551 000695 000860 001047 001274 001503 001734 001966 002201 002425 002657 002867 003060 003238 003381 003513 003636 003748 003840 003909 003983 004041 004091 004133 004162 004192 004212 004228 004246 004266 004276 004289 004304 
  Max  -> 000000 000000 000000 000000 000000 000000 000000 000001 000001 000001 000001 000001 000001 000001 000001 000001 000002 000002 000002 000002 000003 000004 000005 000005 000005 000006 000006 000007 000007 000007 000009 000010 000010 000010 000011 000011 000011 000013 000013 000013 000014 000014 000014 000014 000014 000014 000014 000014 000014 000015 000015 000015 000015 000015 000015 000015 000015 
  Min  -> 000000 000000 000000 000000 000000 000000 000000 000000 000000 000000 000000 000000 000000 000000 000000 000000 000000 000000 000000 000000 000000 000000 000000 000000 000000 000000 000000 000000 000000 000000 000000 000000 000000 000000 000000 000000 000000 000000 000000 000000 000000 000000 000000 000000 000000 000000 000000 000000 000000 000000 000000 000000 000000 000000 000000 000000 000000 
Promedio: 
  Prom -> 0.000e+00 0.000e+00 0.000e+00 0.000e+00 0.000e+00 0.000e+00 0.000e+00 1.000e-03 2.000e-03 6.000e-03 8.000e-03 1.200e-02 1.900e-02 2.800e-02 3.600e-02 4.900e-02 6.200e-02 8.500e-02 1.090e-01 1.460e-01 2.030e-01 2.660e-01 3.560e-01 4.470e-01 5.510e-01 6.950e-01 8.600e-01 1.047e+00 1.274e+00 1.503e+00 1.734e+00 1.966e+00 2.201e+00 2.425e+00 2.657e+00 2.867e+00 3.060e+00 3.238e+00 3.381e+00 3.513e+00 3.636e+00 3.748e+00 3.840e+00 3.909e+00 3.983e+00 4.041e+00 4.091e+00 4.133e+00 4.162e+00 4.192e+00 4.212e+00 4.228e+00 4.246e+00 4.266e+00 4.276e+00 4.289e+00 4.304e+00 

Promedios estimados vs datos reales de muertes diarias (M) <Cataluna>
       -> 0.000e+00 0.000e+00 0.000e+00 0.000e+00 0.000e+00 0.000e+00 0.000e+00 1.000e-03 2.000e-03 6.000e-03 8.000e-03 1.200e-02 1.900e-02 2.800e-02 3.600e-02 4.900e-02 6.200e-02 8.500e-02 1.090e-01 1.460e-01 2.030e-01 2.660e-01 3.560e-01 4.470e-01 5.510e-01 6.950e-01 8.600e-01 1.047e+00 1.274e+00 1.503e+00 1.734e+00 1.966e+00 2.201e+00 2.425e+00 2.657e+00 2.867e+00 3.060e+00 3.238e+00 3.381e+00 3.513e+00 3.636e+00 3.748e+00 3.840e+00 3.909e+00 3.983e+00 4.041e+00 4.091e+00 4.133e+00 4.162e+00 4.192e+00 4.212e+00 4.228e+00 4.246e+00 4.266e+00 4.276e+00 4.289e+00 4.304e+00 
       -> 0.000e+00 0.000e+00 0.000e+00 0.000e+00 0.000e+00 0.000e+00 0.000e+00 0.000e+00 0.000e+00 0.000e+00 0.000e+00 0.000e+00 0.000e+00 0.000e+00 0.000e+00 0.000e+00 0.000e+00 0.000e+00 1.000e+00 1.000e+00 1.000e+00 3.000e+00 3.000e+00 4.000e+00 4.000e+00 6.000e+00 8.000e+00 1.200e+01 1.800e+01 4.100e+01 5.500e+01 8.200e+01 1.220e+02 1.910e+02 2.450e+02 2.820e+02 5.160e+02 6.720e+02 8.800e+02 1.070e+03 1.226e+03 1.410e+03 1.672e+03 1.849e+03 2.093e+03 2.335e+03 2.508e+03 2.637e+03 2.760e+03 2.908e+03 3.041e+03 3.148e+03 3.231e+03 3.331e+03 3.442e+03 3.538e+03 3.666e+03 
Función tasa de contagio (R0): 
       -> 8.105e-01 8.000e-01 7.801e-01 7.477e-01 7.006e-01 6.381e-01 5.618e-01 4.754e-01 3.844e-01 2.952e-01 2.140e-01 1.456e-01 9.231e-02 5.422e-02 2.931e-02 1.448e-02 6.496e-03 2.627e-03 1.000e-03 1.000e-03 1.000e-03 1.000e-03 1.000e-03 1.000e-03 1.000e-03 1.000e-03 1.000e-03 1.000e-03 1.000e-03 1.000e-03 1.000e-03 1.000e-03 1.000e-03 1.000e-03 1.000e-03 1.000e-03 1.000e-03 1.000e-03 1.000e-03 1.000e-03 1.000e-03 1.000e-03 1.000e-03 1.000e-03 1.000e-03 1.000e-03 1.000e-03 1.000e-03 1.000e-03 1.000e-03 1.000e-03 1.000e-03 1.000e-03 1.000e-03 1.000e-03 1.000e-03 
Suma muertes reales: 
  -> 3.666e+03 (err: 3.196e+04)

Tiempo de cómputo: 1.066e-01

