Versión 0.2.0 2020/04/19 02:10
(Simulador de Circuito Paralelizado con OpenMP)

Empleando la función Tasa de transmisión R0: A*e^(-(B+C/10*x+D/100*x^2+E/1000*X^3+F/10000*X^4+G/100000*X^5)) 
El archivo <../Data/Galicia/ParInit_Optimos_Exp6.txt> contiene los siguientes valores
  -> 0 0 2 1 0.81 0.056 5.807 0.948 5.807 0.948 9 14 6.67 2.55 5 10 7 14 0.632029 -0.25483 0.0442811 0.0901843 0.833511 0.0480953 0 0 0 

Los datos originales eran desde el día 2020-03-03 hasta el día 2020-04-16
Datos ajustados para que contengan 18 ceros en lugar de 2 al inicio.
El inicio de los datos se corresponde con 16 días antes de la fecha original.
El archivo de <Madrid> contiene los siguientes valores
  -> 0 0 0 0 0 0 0 0 0 0 0 0 0 0 0 0 0 0 1 2 4 8 8 21 31 56 81 86 213 213 355 390 498 628 804 1021 1263 1535 1825 2090 2412 2757 3082 3392 3603 3865 4175 4483 4723 4941 5136 5371 ...
  -> Tamaño del histórico: 61 días
  -> Población <Madrid>: 6663394

El archivo <../Data/Galicia/ParInit_Optimos_Exp6.txt> contiene los siguientes valores
  -> Inicialmente hay 2 contagiados que en 1 días presentarán síntomas (I1->I3).
            	# 	#1	#2	#3	#4	#5	#6
  -> alfas: 	0.81	5.8070	5.8070	9.0000	6.6700	5.0000	7.0000
  -> betas: 	0.06	0.9480	0.9480	14.0000	2.5500	10.0000	14.0000
    ----------------------------------------------------------------------------------
   exp f/c  	         1           2           3
  ->   1    	+6.320e-01  +4.428e-02  +4.428e-02
  ->   2    	+9.018e-02  +8.335e-01  +4.810e-02
  ->   3    	+0.000e+00  +0.000e+00  +0.000e+00

(1000) Simulaciones de 59 días empleando 6663394 personas ...
Resultados para el vector de Susceptibles (S)
--(1.000e+03)-------------------------------------------
Acumulado / Max / Min: 
  Ind  ->      0      1      2      3      4      5      6      7      8      9     10     11     12     13     14     15     16     17     18     19     20     21     22     23     24     25     26     27     28     29     30     31     32     33     34     35     36     37     38     39     40     41     42     43     44     45     46     47     48     49     50     51     52     53     54     55     56     57     58 
  Acum -> 6663394000 6663392313 6663389429 6663384286 6663375456 6663361152 6663339063 6663307106 6663264636 6663214221 6663160407 6663109830 6663068237 6663037628 6663018193 6663007096 6663001577 6662999001 6662997954 6662997554 6662997154 6662996782 6662996372 6662995974 6662995547 6662995196 6662994819 6662994459 6662994102 6662993744 6662993422 6662993140 6662992902 6662992665 6662992455 6662992273 6662992133 6662992031 6662991943 6662991882 6662991832 6662991793 6662991767 6662991750 6662991738 6662991732 6662991725 6662991716 6662991711 6662991705 6662991699 6662991696 6662991692 6662991691 6662991689 6662991688 6662991684 6662991683 6662991683 
  Max  -> 6663394 6663394 6663394 6663394 6663393 6663392 6663392 6663391 6663389 6663387 6663385 6663384 6663384 6663384 6663383 6663383 6663383 6663383 6663383 6663383 6663383 6663383 6663383 6663383 6663383 6663383 6663383 6663383 6663383 6663383 6663383 6663383 6663383 6663383 6663383 6663383 6663383 6663383 6663383 6663383 6663383 6663383 6663383 6663383 6663383 6663383 6663383 6663383 6663383 6663383 6663383 6663383 6663383 6663383 6663383 6663383 6663383 6663383 6663383 
  Min  -> 6663394 6663385 6663375 6663360 6663329 6663280 6663211 6663101 6662965 6662811 6662628 6662456 6662321 6662219 6662153 6662118 6662095 6662084 6662081 6662076 6662074 6662073 6662071 6662071 6662071 6662069 6662067 6662064 6662063 6662060 6662059 6662057 6662057 6662057 6662056 6662053 6662053 6662053 6662052 6662052 6662051 6662051 6662050 6662050 6662050 6662049 6662049 6662049 6662049 6662049 6662049 6662049 6662049 6662049 6662049 6662049 6662049 6662049 6662049 
Promedio: 
  Prom -> 6.663e+06 6.663e+06 6.663e+06 6.663e+06 6.663e+06 6.663e+06 6.663e+06 6.663e+06 6.663e+06 6.663e+06 6.663e+06 6.663e+06 6.663e+06 6.663e+06 6.663e+06 6.663e+06 6.663e+06 6.663e+06 6.663e+06 6.663e+06 6.663e+06 6.663e+06 6.663e+06 6.663e+06 6.663e+06 6.663e+06 6.663e+06 6.663e+06 6.663e+06 6.663e+06 6.663e+06 6.663e+06 6.663e+06 6.663e+06 6.663e+06 6.663e+06 6.663e+06 6.663e+06 6.663e+06 6.663e+06 6.663e+06 6.663e+06 6.663e+06 6.663e+06 6.663e+06 6.663e+06 6.663e+06 6.663e+06 6.663e+06 6.663e+06 6.663e+06 6.663e+06 6.663e+06 6.663e+06 6.663e+06 6.663e+06 6.663e+06 6.663e+06 6.663e+06 
Resultados para el vector de Infectados (I1) 
--(1.000e+03)-------------------------------------------
Acumulado / Max / Min: 
  Ind  ->      0      1      2      3      4      5      6      7      8      9     10     11     12     13     14     15     16     17     18     19     20     21     22     23     24     25     26     27     28     29     30     31     32     33     34     35     36     37     38     39     40     41     42     43     44     45     46     47     48     49     50     51     52     53     54     55     56     57     58 
  Acum -> 000000 003687 004570 009674 018257 031918 052502 081515 119108 161332 202298 233953 249725 247650 228366 197297 160581 123124 089982 062616 041799 027029 017233 010919 007175 005001 003615 002936 002584 002419 002264 002135 001971 001832 001659 001531 001364 001187 001010 000851 000702 000563 000450 000361 000287 000212 000160 000118 000086 000074 000059 000051 000036 000033 000027 000022 000020 000017 000014 
  Max  -> 000000 000011 000019 000034 000063 000111 000175 000275 000394 000523 000662 000769 000812 000808 000748 000646 000527 000409 000310 000205 000149 000094 000067 000040 000030 000021 000018 000016 000015 000013 000013 000011 000011 000010 000008 000008 000007 000006 000006 000006 000005 000005 000005 000005 000005 000004 000003 000003 000004 000004 000003 000003 000002 000001 000001 000001 000002 000001 000001 
  Min  -> 000000 000002 000000 000000 000001 000002 000002 000003 000005 000006 000008 000007 000007 000004 000004 000002 000000 000000 000000 000000 000000 000000 000000 000000 000000 000000 000000 000000 000000 000000 000000 000000 000000 000000 000000 000000 000000 000000 000000 000000 000000 000000 000000 000000 000000 000000 000000 000000 000000 000000 000000 000000 000000 000000 000000 000000 000000 000000 000000 
Promedio: 
  Prom -> 0.000e+00 3.687e+00 4.570e+00 9.674e+00 1.826e+01 3.192e+01 5.250e+01 8.152e+01 1.191e+02 1.613e+02 2.023e+02 2.340e+02 2.497e+02 2.477e+02 2.284e+02 1.973e+02 1.606e+02 1.231e+02 8.998e+01 6.262e+01 4.180e+01 2.703e+01 1.723e+01 1.092e+01 7.175e+00 5.001e+00 3.615e+00 2.936e+00 2.584e+00 2.419e+00 2.264e+00 2.135e+00 1.971e+00 1.832e+00 1.659e+00 1.531e+00 1.364e+00 1.187e+00 1.010e+00 8.510e-01 7.020e-01 5.630e-01 4.500e-01 3.610e-01 2.870e-01 2.120e-01 1.600e-01 1.180e-01 8.600e-02 7.400e-02 5.900e-02 5.100e-02 3.600e-02 3.300e-02 2.700e-02 2.200e-02 2.000e-02 1.700e-02 1.400e-02 
Resultados para el vector de Infectados (I2) 
--(1.000e+03)-------------------------------------------
Acumulado / Max / Min: 
  Ind  ->      0      1      2      3      4      5      6      7      8      9     10     11     12     13     14     15     16     17     18     19     20     21     22     23     24     25     26     27     28     29     30     31     32     33     34     35     36     37     38     39     40     41     42     43     44     45     46     47     48     49     50     51     52     53     54     55     56     57     58 
  Acum -> 002000 000000 000001 000031 000227 000758 002005 004396 008327 014932 025207 040120 060116 085000 113343 142591 169063 189944 201598 203044 194689 177637 154121 127702 100911 076191 055381 038638 026118 017049 011135 007358 005097 003781 002977 002474 002212 002017 001877 001716 001567 001440 001293 001112 000986 000855 000709 000612 000503 000373 000302 000231 000177 000129 000102 000078 000062 000051 000039 
  Max  -> 000002 000000 000001 000001 000005 000006 000009 000017 000030 000053 000087 000139 000210 000288 000366 000467 000566 000629 000674 000673 000651 000590 000502 000417 000323 000243 000184 000132 000087 000060 000039 000030 000023 000021 000016 000014 000010 000010 000009 000009 000009 000008 000009 000006 000007 000007 000007 000004 000004 000005 000005 000004 000004 000003 000003 000002 000002 000002 000002 
  Min  -> 000002 000000 000000 000000 000000 000000 000000 000000 000000 000000 000001 000003 000003 000006 000007 000009 000008 000008 000007 000005 000003 000003 000000 000000 000000 000000 000000 000000 000000 000000 000000 000000 000000 000000 000000 000000 000000 000000 000000 000000 000000 000000 000000 000000 000000 000000 000000 000000 000000 000000 000000 000000 000000 000000 000000 000000 000000 000000 000000 
Promedio: 
  Prom -> 2.000e+00 0.000e+00 1.000e-03 3.100e-02 2.270e-01 7.580e-01 2.005e+00 4.396e+00 8.327e+00 1.493e+01 2.521e+01 4.012e+01 6.012e+01 8.500e+01 1.133e+02 1.426e+02 1.691e+02 1.899e+02 2.016e+02 2.030e+02 1.947e+02 1.776e+02 1.541e+02 1.277e+02 1.009e+02 7.619e+01 5.538e+01 3.864e+01 2.612e+01 1.705e+01 1.113e+01 7.358e+00 5.097e+00 3.781e+00 2.977e+00 2.474e+00 2.212e+00 2.017e+00 1.877e+00 1.716e+00 1.567e+00 1.440e+00 1.293e+00 1.112e+00 9.860e-01 8.550e-01 7.090e-01 6.120e-01 5.030e-01 3.730e-01 3.020e-01 2.310e-01 1.770e-01 1.290e-01 1.020e-01 7.800e-02 6.200e-02 5.100e-02 3.900e-02 
Resultados para el vector de Infectados (I3) 
--(1.000e+03)-------------------------------------------
Acumulado / Max / Min: 
  Ind  ->      0      1      2      3      4      5      6      7      8      9     10     11     12     13     14     15     16     17     18     19     20     21     22     23     24     25     26     27     28     29     30     31     32     33     34     35     36     37     38     39     40     41     42     43     44     45     46     47     48     49     50     51     52     53     54     55     56     57     58 
  Acum -> 000000 000000 002000 002009 002060 002172 002430 002983 003922 005461 007882 011115 015684 021419 028364 035902 043729 050924 056716 061035 063291 063522 061824 058359 053422 047159 040379 033309 026547 020391 015245 011239 008237 006048 004531 003450 002740 002235 001900 001629 001432 001270 001116 000966 000836 000716 000617 000519 000451 000381 000315 000258 000203 000158 000123 000104 000079 000065 000056 
  Max  -> 000000 000000 000002 000003 000004 000006 000007 000008 000013 000021 000025 000034 000053 000079 000106 000138 000153 000187 000198 000208 000214 000218 000211 000196 000173 000159 000138 000112 000086 000070 000051 000040 000034 000026 000019 000016 000013 000012 000011 000009 000009 000009 000009 000008 000008 000007 000006 000004 000004 000004 000003 000003 000003 000003 000002 000002 000002 000002 000001 
  Min  -> 000000 000000 000002 000002 000002 000002 000002 000002 000002 000002 000002 000001 000001 000000 000000 000000 000001 000001 000001 000001 000001 000001 000001 000001 000001 000000 000000 000000 000000 000000 000000 000000 000000 000000 000000 000000 000000 000000 000000 000000 000000 000000 000000 000000 000000 000000 000000 000000 000000 000000 000000 000000 000000 000000 000000 000000 000000 000000 000000 
Promedio: 
  Prom -> 0.000e+00 0.000e+00 2.000e+00 2.009e+00 2.060e+00 2.172e+00 2.430e+00 2.983e+00 3.922e+00 5.461e+00 7.882e+00 1.112e+01 1.568e+01 2.142e+01 2.836e+01 3.590e+01 4.373e+01 5.092e+01 5.672e+01 6.104e+01 6.329e+01 6.352e+01 6.182e+01 5.836e+01 5.342e+01 4.716e+01 4.038e+01 3.331e+01 2.655e+01 2.039e+01 1.524e+01 1.124e+01 8.237e+00 6.048e+00 4.531e+00 3.450e+00 2.740e+00 2.235e+00 1.900e+00 1.629e+00 1.432e+00 1.270e+00 1.116e+00 9.660e-01 8.360e-01 7.160e-01 6.170e-01 5.190e-01 4.510e-01 3.810e-01 3.150e-01 2.580e-01 2.030e-01 1.580e-01 1.230e-01 1.040e-01 7.900e-02 6.500e-02 5.600e-02 
Resultados para el vector de Recuperados (R1) 
--(1.000e+03)-------------------------------------------
Acumulado / Max / Min: 
  Ind  ->      0      1      2      3      4      5      6      7      8      9     10     11     12     13     14     15     16     17     18     19     20     21     22     23     24     25     26     27     28     29     30     31     32     33     34     35     36     37     38     39     40     41     42     43     44     45     46     47     48     49     50     51     52     53     54     55     56     57     58 
  Acum -> 000000 000000 000000 000000 000000 000000 000000 000000 000007 000053 000195 000966 002218 004278 007701 013072 020988 032902 049486 071146 097781 128607 162069 195619 226781 253190 272437 283477 285807 279259 264622 243318 217184 188023 157970 129027 102379 078946 059232 043542 031273 022266 015693 011228 008150 006138 004899 004004 003397 002977 002597 002301 002079 001838 001600 001390 001204 001016 000843 
  Max  -> 000000 000000 000000 000000 000000 000000 000000 000000 000001 000004 000004 000006 000011 000016 000025 000046 000073 000111 000167 000231 000318 000417 000532 000657 000782 000877 000940 000966 000970 000943 000897 000820 000716 000608 000513 000420 000335 000253 000194 000149 000108 000079 000065 000050 000038 000029 000025 000018 000018 000014 000012 000013 000011 000010 000009 000009 000008 000007 000007 
  Min  -> 000000 000000 000000 000000 000000 000000 000000 000000 000000 000000 000000 000000 000000 000000 000000 000001 000002 000003 000005 000007 000009 000008 000010 000010 000010 000010 000008 000007 000007 000007 000005 000005 000002 000001 000000 000000 000000 000000 000000 000000 000000 000000 000000 000000 000000 000000 000000 000000 000000 000000 000000 000000 000000 000000 000000 000000 000000 000000 000000 
Promedio: 
  Prom -> 0.000e+00 0.000e+00 0.000e+00 0.000e+00 0.000e+00 0.000e+00 0.000e+00 0.000e+00 7.000e-03 5.300e-02 1.950e-01 9.660e-01 2.218e+00 4.278e+00 7.701e+00 1.307e+01 2.099e+01 3.290e+01 4.949e+01 7.115e+01 9.778e+01 1.286e+02 1.621e+02 1.956e+02 2.268e+02 2.532e+02 2.724e+02 2.835e+02 2.858e+02 2.793e+02 2.646e+02 2.433e+02 2.172e+02 1.880e+02 1.580e+02 1.290e+02 1.024e+02 7.895e+01 5.923e+01 4.354e+01 3.127e+01 2.227e+01 1.569e+01 1.123e+01 8.150e+00 6.138e+00 4.899e+00 4.004e+00 3.397e+00 2.977e+00 2.597e+00 2.301e+00 2.079e+00 1.838e+00 1.600e+00 1.390e+00 1.204e+00 1.016e+00 8.430e-01 
Resultados para el vector de Recuperados (R2) 
--(1.000e+03)-------------------------------------------
Acumulado / Max / Min: 
  Ind  ->      0      1      2      3      4      5      6      7      8      9     10     11     12     13     14     15     16     17     18     19     20     21     22     23     24     25     26     27     28     29     30     31     32     33     34     35     36     37     38     39     40     41     42     43     44     45     46     47     48     49     50     51     52     53     54     55     56     57     58 
  Acum -> 000000 000000 000000 000000 000000 000000 000000 000000 000000 000000 000000 000000 000000 000000 000000 000001 000008 000036 000169 000469 001104 002176 004049 007001 011619 018569 028511 042143 059608 081706 107661 136928 168528 201330 233861 264486 292246 316492 336785 352977 365654 375024 381937 386761 390102 392378 393867 394967 395747 396353 396858 397266 397598 397920 398215 398468 398692 398903 399096 
  Max  -> 000000 000000 000000 000000 000000 000000 000000 000000 000000 000000 000000 000000 000000 000000 000000 000001 000002 000002 000003 000005 000005 000010 000015 000025 000041 000064 000095 000137 000194 000270 000367 000449 000553 000674 000779 000891 000995 001061 001119 001174 001208 001238 001252 001272 001285 001294 001300 001308 001310 001314 001316 001318 001319 001320 001322 001323 001324 001325 001326 
  Min  -> 000000 000000 000000 000000 000000 000000 000000 000000 000000 000000 000000 000000 000000 000000 000000 000000 000000 000000 000000 000000 000000 000000 000000 000000 000000 000000 000003 000004 000006 000006 000008 000008 000011 000012 000013 000013 000013 000013 000013 000013 000013 000013 000013 000013 000013 000013 000013 000013 000013 000013 000013 000013 000013 000013 000013 000013 000013 000013 000013 
Promedio: 
  Prom -> 0.000e+00 0.000e+00 0.000e+00 0.000e+00 0.000e+00 0.000e+00 0.000e+00 0.000e+00 0.000e+00 0.000e+00 0.000e+00 0.000e+00 0.000e+00 0.000e+00 0.000e+00 1.000e-03 8.000e-03 3.600e-02 1.690e-01 4.690e-01 1.104e+00 2.176e+00 4.049e+00 7.001e+00 1.162e+01 1.857e+01 2.851e+01 4.214e+01 5.961e+01 8.171e+01 1.077e+02 1.369e+02 1.685e+02 2.013e+02 2.339e+02 2.645e+02 2.922e+02 3.165e+02 3.368e+02 3.530e+02 3.657e+02 3.750e+02 3.819e+02 3.868e+02 3.901e+02 3.924e+02 3.939e+02 3.950e+02 3.957e+02 3.964e+02 3.969e+02 3.973e+02 3.976e+02 3.979e+02 3.982e+02 3.985e+02 3.987e+02 3.989e+02 3.991e+02 
Resultados para el vector de muertes (M)
--(1.000e+03)-------------------------------------------
Acumulado / Max / Min: 
  Ind  ->      0      1      2      3      4      5      6      7      8      9     10     11     12     13     14     15     16     17     18     19     20     21     22     23     24     25     26     27     28     29     30     31     32     33     34     35     36     37     38     39     40     41     42     43     44     45     46     47     48     49     50     51     52     53     54     55     56     57     58 
  Acum -> 000000 000000 000000 000000 000000 000000 000000 000000 000000 000001 000011 000016 000020 000025 000033 000041 000054 000069 000095 000136 000182 000247 000332 000426 000545 000694 000858 001038 001234 001432 001651 001882 002081 002321 002547 002759 002926 003092 003253 003403 003540 003644 003744 003822 003901 003969 004023 004064 004105 004137 004170 004197 004215 004231 004244 004250 004259 004265 004269 
  Max  -> 000000 000000 000000 000000 000000 000000 000000 000000 000000 000001 000001 000001 000001 000001 000001 000001 000001 000001 000002 000002 000002 000004 000004 000004 000005 000006 000006 000006 000006 000009 000010 000010 000010 000010 000011 000012 000013 000013 000013 000013 000014 000014 000014 000014 000015 000015 000015 000016 000016 000016 000016 000016 000016 000016 000016 000016 000016 000016 000016 
  Min  -> 000000 000000 000000 000000 000000 000000 000000 000000 000000 000000 000000 000000 000000 000000 000000 000000 000000 000000 000000 000000 000000 000000 000000 000000 000000 000000 000000 000000 000000 000000 000000 000000 000000 000000 000000 000000 000000 000000 000000 000000 000000 000000 000000 000000 000000 000000 000000 000000 000000 000000 000000 000000 000000 000000 000000 000000 000000 000000 000000 
Promedio: 
  Prom -> 0.000e+00 0.000e+00 0.000e+00 0.000e+00 0.000e+00 0.000e+00 0.000e+00 0.000e+00 0.000e+00 1.000e-03 1.100e-02 1.600e-02 2.000e-02 2.500e-02 3.300e-02 4.100e-02 5.400e-02 6.900e-02 9.500e-02 1.360e-01 1.820e-01 2.470e-01 3.320e-01 4.260e-01 5.450e-01 6.940e-01 8.580e-01 1.038e+00 1.234e+00 1.432e+00 1.651e+00 1.882e+00 2.081e+00 2.321e+00 2.547e+00 2.759e+00 2.926e+00 3.092e+00 3.253e+00 3.403e+00 3.540e+00 3.644e+00 3.744e+00 3.822e+00 3.901e+00 3.969e+00 4.023e+00 4.064e+00 4.105e+00 4.137e+00 4.170e+00 4.197e+00 4.215e+00 4.231e+00 4.244e+00 4.250e+00 4.259e+00 4.265e+00 4.269e+00 

Promedios estimados vs datos reales de muertes diarias (M) <Madrid>
       -> 0.000e+00 0.000e+00 0.000e+00 0.000e+00 0.000e+00 0.000e+00 0.000e+00 0.000e+00 0.000e+00 1.000e-03 1.100e-02 1.600e-02 2.000e-02 2.500e-02 3.300e-02 4.100e-02 5.400e-02 6.900e-02 9.500e-02 1.360e-01 1.820e-01 2.470e-01 3.320e-01 4.260e-01 5.450e-01 6.940e-01 8.580e-01 1.038e+00 1.234e+00 1.432e+00 1.651e+00 1.882e+00 2.081e+00 2.321e+00 2.547e+00 2.759e+00 2.926e+00 3.092e+00 3.253e+00 3.403e+00 3.540e+00 3.644e+00 3.744e+00 3.822e+00 3.901e+00 3.969e+00 4.023e+00 4.064e+00 4.105e+00 4.137e+00 4.170e+00 4.197e+00 4.215e+00 4.231e+00 4.244e+00 4.250e+00 4.259e+00 4.265e+00 4.269e+00 
       -> 0.000e+00 0.000e+00 0.000e+00 0.000e+00 0.000e+00 0.000e+00 0.000e+00 0.000e+00 0.000e+00 0.000e+00 0.000e+00 0.000e+00 0.000e+00 0.000e+00 0.000e+00 0.000e+00 0.000e+00 0.000e+00 1.000e+00 2.000e+00 4.000e+00 8.000e+00 8.000e+00 2.100e+01 3.100e+01 5.600e+01 8.100e+01 8.600e+01 2.130e+02 2.130e+02 3.550e+02 3.900e+02 4.980e+02 6.280e+02 8.040e+02 1.021e+03 1.263e+03 1.535e+03 1.825e+03 2.090e+03 2.412e+03 2.757e+03 3.082e+03 3.392e+03 3.603e+03 3.865e+03 4.175e+03 4.483e+03 4.723e+03 4.941e+03 5.136e+03 5.371e+03 5.586e+03 5.800e+03 5.972e+03 6.084e+03 6.278e+03 6.423e+03 6.568e+03 
Función tasa de contagio (R0): 
       -> 8.105e-01 8.000e-01 7.801e-01 7.477e-01 7.006e-01 6.381e-01 5.618e-01 4.754e-01 3.844e-01 2.952e-01 2.140e-01 1.456e-01 9.231e-02 5.422e-02 2.931e-02 1.448e-02 6.496e-03 2.627e-03 1.000e-03 1.000e-03 1.000e-03 1.000e-03 1.000e-03 1.000e-03 1.000e-03 1.000e-03 1.000e-03 1.000e-03 1.000e-03 1.000e-03 1.000e-03 1.000e-03 1.000e-03 1.000e-03 1.000e-03 1.000e-03 1.000e-03 1.000e-03 1.000e-03 1.000e-03 1.000e-03 1.000e-03 1.000e-03 1.000e-03 1.000e-03 1.000e-03 1.000e-03 1.000e-03 1.000e-03 1.000e-03 1.000e-03 1.000e-03 1.000e-03 1.000e-03 1.000e-03 1.000e-03 1.000e-03 1.000e-03 
Suma muertes reales: 
  -> 6.568e+03 (err: 6.247e+04)

Tiempo de cómputo: 1.039e-01

