Versión 0.2.0 2020/04/19 02:10
(Simulador de Circuito Paralelizado con OpenMP)

Empleando la función Tasa de transmisión R0: A*e^(-(B+C/10*x+D/100*x^2+E/1000*X^3+F/10000*X^4+G/100000*X^5)) 
El archivo <../Data/Galicia/ParInit_Optimos_Exp6.txt> contiene los siguientes valores
  -> 0 0 2 1 0.81 0.056 5.807 0.948 5.807 0.948 9 14 6.67 2.55 5 10 7 14 0.632029 -0.25483 0.0442811 0.0901843 0.833511 0.0480953 0 0 0 

Los datos originales eran desde el día 2020-03-03 hasta el día 2020-04-16
Datos ajustados para que contengan 18 ceros en lugar de 10 al inicio.
El inicio de los datos se corresponde con 8 días antes de la fecha original.
El archivo de <Leon> contiene los siguientes valores
  -> 0 0 0 0 0 0 0 0 0 0 0 0 0 0 0 0 0 0 1 3 6 9 12 22 29 43 55 74 102 124 165 206 252 321 380 442 516 585 641 723 786 847 919 982 1028 1082 1129 1180 1221 1263 1299 1337 ...
  -> Tamaño del histórico: 53 días
  -> Población <Leon>: 2399548

El archivo <../Data/Galicia/ParInit_Optimos_Exp6.txt> contiene los siguientes valores
  -> Inicialmente hay 2 contagiados que en 1 días presentarán síntomas (I1->I3).
            	# 	#1	#2	#3	#4	#5	#6
  -> alfas: 	0.81	5.8070	5.8070	9.0000	6.6700	5.0000	7.0000
  -> betas: 	0.06	0.9480	0.9480	14.0000	2.5500	10.0000	14.0000
    ----------------------------------------------------------------------------------
   exp f/c  	         1           2           3
  ->   1    	+6.320e-01  +4.428e-02  +4.428e-02
  ->   2    	+9.018e-02  +8.335e-01  +4.810e-02
  ->   3    	+0.000e+00  +0.000e+00  +0.000e+00

(1000) Simulaciones de 51 días empleando 2399548 personas ...
Resultados para el vector de Susceptibles (S)
--(1.000e+03)-------------------------------------------
Acumulado / Max / Min: 
  Ind  ->      0      1      2      3      4      5      6      7      8      9     10     11     12     13     14     15     16     17     18     19     20     21     22     23     24     25     26     27     28     29     30     31     32     33     34     35     36     37     38     39     40     41     42     43     44     45     46     47     48     49     50 
  Acum -> 2399548000 2399546410 2399543525 2399538413 2399529848 2399515741 2399493855 2399462269 2399420807 2399371276 2399318815 2399269358 2399228746 2399199047 2399180223 2399169320 2399163839 2399161301 2399160248 2399159853 2399159492 2399159119 2399158736 2399158362 2399157991 2399157608 2399157263 2399156872 2399156514 2399156183 2399155863 2399155597 2399155308 2399155095 2399154899 2399154719 2399154580 2399154465 2399154398 2399154325 2399154266 2399154234 2399154216 2399154197 2399154186 2399154177 2399154171 2399154165 2399154160 2399154157 2399154155 
  Max  -> 2399548 2399548 2399548 2399548 2399548 2399547 2399547 2399546 2399543 2399542 2399540 2399537 2399534 2399532 2399530 2399530 2399530 2399529 2399529 2399529 2399529 2399529 2399529 2399529 2399529 2399529 2399529 2399529 2399529 2399529 2399529 2399529 2399529 2399529 2399529 2399529 2399529 2399529 2399529 2399529 2399529 2399529 2399529 2399529 2399529 2399529 2399529 2399529 2399529 2399529 2399529 
  Min  -> 2399548 2399541 2399531 2399508 2399478 2399415 2399330 2399202 2399048 2398836 2398622 2398443 2398293 2398177 2398098 2398063 2398039 2398028 2398022 2398022 2398020 2398017 2398014 2398013 2398011 2398008 2398008 2398008 2398006 2398004 2398003 2398001 2398001 2398000 2398000 2398000 2398000 2398000 2398000 2398000 2397999 2397999 2397999 2397998 2397998 2397998 2397998 2397998 2397998 2397998 2397998 
Promedio: 
  Prom -> 2.400e+06 2.400e+06 2.400e+06 2.400e+06 2.400e+06 2.400e+06 2.399e+06 2.399e+06 2.399e+06 2.399e+06 2.399e+06 2.399e+06 2.399e+06 2.399e+06 2.399e+06 2.399e+06 2.399e+06 2.399e+06 2.399e+06 2.399e+06 2.399e+06 2.399e+06 2.399e+06 2.399e+06 2.399e+06 2.399e+06 2.399e+06 2.399e+06 2.399e+06 2.399e+06 2.399e+06 2.399e+06 2.399e+06 2.399e+06 2.399e+06 2.399e+06 2.399e+06 2.399e+06 2.399e+06 2.399e+06 2.399e+06 2.399e+06 2.399e+06 2.399e+06 2.399e+06 2.399e+06 2.399e+06 2.399e+06 2.399e+06 2.399e+06 2.399e+06 
Resultados para el vector de Infectados (I1) 
--(1.000e+03)-------------------------------------------
Acumulado / Max / Min: 
  Ind  ->      0      1      2      3      4      5      6      7      8      9     10     11     12     13     14     15     16     17     18     19     20     21     22     23     24     25     26     27     28     29     30     31     32     33     34     35     36     37     38     39     40     41     42     43     44     45     46     47     48     49     50 
  Acum -> 000000 003590 004474 009543 017871 031330 051768 080547 116972 158516 198320 229130 244445 241958 222876 192439 156707 120603 088484 061429 040969 026492 016782 010662 006914 004824 003580 002958 002561 002294 002183 002054 001947 001792 001635 001497 001353 001168 000991 000829 000678 000559 000448 000334 000246 000192 000138 000112 000083 000059 000042 
  Max  -> 000000 000009 000017 000040 000068 000129 000208 000330 000454 000634 000804 000906 000955 000928 000869 000732 000615 000465 000330 000224 000142 000102 000071 000046 000032 000025 000019 000015 000013 000011 000012 000011 000011 000012 000011 000011 000010 000010 000007 000006 000006 000006 000005 000004 000003 000003 000002 000002 000002 000002 000001 
  Min  -> 000000 000002 000000 000000 000000 000001 000001 000002 000005 000006 000008 000011 000012 000013 000012 000006 000004 000003 000002 000002 000001 000001 000000 000000 000000 000000 000000 000000 000000 000000 000000 000000 000000 000000 000000 000000 000000 000000 000000 000000 000000 000000 000000 000000 000000 000000 000000 000000 000000 000000 000000 
Promedio: 
  Prom -> 0.000e+00 3.590e+00 4.474e+00 9.543e+00 1.787e+01 3.133e+01 5.177e+01 8.055e+01 1.170e+02 1.585e+02 1.983e+02 2.291e+02 2.444e+02 2.420e+02 2.229e+02 1.924e+02 1.567e+02 1.206e+02 8.848e+01 6.143e+01 4.097e+01 2.649e+01 1.678e+01 1.066e+01 6.914e+00 4.824e+00 3.580e+00 2.958e+00 2.561e+00 2.294e+00 2.183e+00 2.054e+00 1.947e+00 1.792e+00 1.635e+00 1.497e+00 1.353e+00 1.168e+00 9.910e-01 8.290e-01 6.780e-01 5.590e-01 4.480e-01 3.340e-01 2.460e-01 1.920e-01 1.380e-01 1.120e-01 8.300e-02 5.900e-02 4.200e-02 
Resultados para el vector de Infectados (I2) 
--(1.000e+03)-------------------------------------------
Acumulado / Max / Min: 
  Ind  ->      0      1      2      3      4      5      6      7      8      9     10     11     12     13     14     15     16     17     18     19     20     21     22     23     24     25     26     27     28     29     30     31     32     33     34     35     36     37     38     39     40     41     42     43     44     45     46     47     48     49     50 
  Acum -> 002000 000000 000001 000033 000231 000754 001932 004198 008262 014665 024789 039475 059191 083634 111481 140147 165829 185993 197139 198841 190418 173522 150455 124596 098665 074565 054104 037593 025352 016773 011018 007199 004992 003671 002900 002442 002175 002009 001868 001734 001608 001460 001307 001166 001010 000857 000703 000567 000445 000361 000286 
  Max  -> 000002 000000 000001 000002 000003 000006 000013 000017 000035 000061 000097 000154 000235 000345 000450 000580 000656 000741 000790 000788 000755 000685 000605 000503 000384 000291 000210 000147 000102 000062 000045 000037 000024 000018 000014 000014 000012 000013 000012 000010 000010 000007 000007 000008 000007 000007 000007 000005 000004 000004 000003 
  Min  -> 000002 000000 000000 000000 000000 000000 000000 000000 000000 000000 000000 000000 000001 000001 000002 000004 000007 000011 000012 000012 000010 000005 000004 000004 000003 000001 000001 000000 000000 000000 000000 000000 000000 000000 000000 000000 000000 000000 000000 000000 000000 000000 000000 000000 000000 000000 000000 000000 000000 000000 000000 
Promedio: 
  Prom -> 2.000e+00 0.000e+00 1.000e-03 3.300e-02 2.310e-01 7.540e-01 1.932e+00 4.198e+00 8.262e+00 1.466e+01 2.479e+01 3.947e+01 5.919e+01 8.363e+01 1.115e+02 1.401e+02 1.658e+02 1.860e+02 1.971e+02 1.988e+02 1.904e+02 1.735e+02 1.505e+02 1.246e+02 9.867e+01 7.456e+01 5.410e+01 3.759e+01 2.535e+01 1.677e+01 1.102e+01 7.199e+00 4.992e+00 3.671e+00 2.900e+00 2.442e+00 2.175e+00 2.009e+00 1.868e+00 1.734e+00 1.608e+00 1.460e+00 1.307e+00 1.166e+00 1.010e+00 8.570e-01 7.030e-01 5.670e-01 4.450e-01 3.610e-01 2.860e-01 
Resultados para el vector de Infectados (I3) 
--(1.000e+03)-------------------------------------------
Acumulado / Max / Min: 
  Ind  ->      0      1      2      3      4      5      6      7      8      9     10     11     12     13     14     15     16     17     18     19     20     21     22     23     24     25     26     27     28     29     30     31     32     33     34     35     36     37     38     39     40     41     42     43     44     45     46     47     48     49     50 
  Acum -> 000000 000000 002000 002011 002050 002175 002445 002986 003948 005478 007846 011024 015384 021059 027814 035127 042712 049701 055309 059515 061678 062030 060545 057131 052304 046239 039432 032579 026033 020165 015090 011155 008102 005832 004294 003259 002559 002104 001783 001548 001340 001179 001042 000924 000823 000719 000604 000511 000436 000369 000300 
  Max  -> 000000 000000 000002 000003 000004 000005 000006 000009 000013 000018 000031 000045 000060 000082 000104 000130 000166 000195 000224 000238 000244 000241 000238 000220 000200 000178 000152 000126 000099 000075 000059 000041 000032 000026 000021 000017 000014 000013 000011 000010 000010 000010 000010 000009 000008 000007 000006 000005 000005 000005 000003 
  Min  -> 000000 000000 000002 000002 000002 000002 000002 000002 000001 000002 000002 000000 000000 000001 000001 000001 000001 000001 000002 000002 000002 000002 000002 000002 000001 000002 000001 000001 000001 000000 000000 000000 000000 000000 000000 000000 000000 000000 000000 000000 000000 000000 000000 000000 000000 000000 000000 000000 000000 000000 000000 
Promedio: 
  Prom -> 0.000e+00 0.000e+00 2.000e+00 2.011e+00 2.050e+00 2.175e+00 2.445e+00 2.986e+00 3.948e+00 5.478e+00 7.846e+00 1.102e+01 1.538e+01 2.106e+01 2.781e+01 3.513e+01 4.271e+01 4.970e+01 5.531e+01 5.951e+01 6.168e+01 6.203e+01 6.054e+01 5.713e+01 5.230e+01 4.624e+01 3.943e+01 3.258e+01 2.603e+01 2.016e+01 1.509e+01 1.116e+01 8.102e+00 5.832e+00 4.294e+00 3.259e+00 2.559e+00 2.104e+00 1.783e+00 1.548e+00 1.340e+00 1.179e+00 1.042e+00 9.240e-01 8.230e-01 7.190e-01 6.040e-01 5.110e-01 4.360e-01 3.690e-01 3.000e-01 
Resultados para el vector de Recuperados (R1) 
--(1.000e+03)-------------------------------------------
Acumulado / Max / Min: 
  Ind  ->      0      1      2      3      4      5      6      7      8      9     10     11     12     13     14     15     16     17     18     19     20     21     22     23     24     25     26     27     28     29     30     31     32     33     34     35     36     37     38     39     40     41     42     43     44     45     46     47     48     49     50 
  Acum -> 000000 000000 000000 000000 000000 000000 000000 000000 000010 000062 000225 001004 002217 004275 007573 012916 020842 032277 048534 069749 096192 126386 159096 191812 222005 247643 266531 277531 279632 272899 258608 237598 211849 183641 154771 126717 100611 077623 058172 042580 030596 021630 015288 010941 007893 005934 004694 003895 003330 002910 002562 
  Max  -> 000000 000000 000000 000000 000000 000000 000000 000000 000001 000002 000003 000005 000009 000018 000029 000052 000078 000120 000183 000276 000385 000499 000611 000744 000880 000979 001058 001088 001103 001081 001024 000937 000832 000719 000599 000507 000387 000305 000216 000167 000117 000079 000062 000048 000039 000025 000023 000017 000013 000014 000013 
  Min  -> 000000 000000 000000 000000 000000 000000 000000 000000 000000 000000 000000 000000 000000 000000 000000 000001 000001 000002 000002 000001 000003 000004 000004 000007 000012 000012 000014 000014 000014 000012 000011 000012 000009 000006 000006 000006 000003 000003 000002 000002 000002 000000 000000 000000 000000 000000 000000 000000 000000 000000 000000 
Promedio: 
  Prom -> 0.000e+00 0.000e+00 0.000e+00 0.000e+00 0.000e+00 0.000e+00 0.000e+00 0.000e+00 1.000e-02 6.200e-02 2.250e-01 1.004e+00 2.217e+00 4.275e+00 7.573e+00 1.292e+01 2.084e+01 3.228e+01 4.853e+01 6.975e+01 9.619e+01 1.264e+02 1.591e+02 1.918e+02 2.220e+02 2.476e+02 2.665e+02 2.775e+02 2.796e+02 2.729e+02 2.586e+02 2.376e+02 2.118e+02 1.836e+02 1.548e+02 1.267e+02 1.006e+02 7.762e+01 5.817e+01 4.258e+01 3.060e+01 2.163e+01 1.529e+01 1.094e+01 7.893e+00 5.934e+00 4.694e+00 3.895e+00 3.330e+00 2.910e+00 2.562e+00 
Resultados para el vector de Recuperados (R2) 
--(1.000e+03)-------------------------------------------
Acumulado / Max / Min: 
  Ind  ->      0      1      2      3      4      5      6      7      8      9     10     11     12     13     14     15     16     17     18     19     20     21     22     23     24     25     26     27     28     29     30     31     32     33     34     35     36     37     38     39     40     41     42     43     44     45     46     47     48     49     50 
  Acum -> 000000 000000 000000 000000 000000 000000 000000 000000 000000 000000 000000 000000 000000 000000 000000 000001 000009 000045 000183 000474 001066 002196 004056 007009 011582 018429 028218 041437 058651 080229 105581 134540 165715 197655 228996 258646 285834 309574 329581 345637 358040 367367 374036 378696 382035 384256 385766 386776 387536 388104 388581 
  Max  -> 000000 000000 000000 000000 000000 000000 000000 000000 000000 000000 000000 000000 000000 000000 000000 000001 000001 000002 000003 000004 000006 000009 000017 000032 000048 000076 000108 000166 000228 000315 000409 000518 000647 000773 000902 001004 001128 001214 001305 001355 001410 001448 001468 001484 001493 001508 001512 001517 001521 001521 001523 
  Min  -> 000000 000000 000000 000000 000000 000000 000000 000000 000000 000000 000000 000000 000000 000000 000000 000000 000000 000000 000000 000000 000000 000000 000000 000000 000000 000000 000001 000003 000003 000003 000004 000007 000008 000009 000011 000013 000017 000017 000017 000018 000019 000020 000020 000020 000020 000020 000020 000020 000020 000020 000021 
Promedio: 
  Prom -> 0.000e+00 0.000e+00 0.000e+00 0.000e+00 0.000e+00 0.000e+00 0.000e+00 0.000e+00 0.000e+00 0.000e+00 0.000e+00 0.000e+00 0.000e+00 0.000e+00 0.000e+00 1.000e-03 9.000e-03 4.500e-02 1.830e-01 4.740e-01 1.066e+00 2.196e+00 4.056e+00 7.009e+00 1.158e+01 1.843e+01 2.822e+01 4.144e+01 5.865e+01 8.023e+01 1.056e+02 1.345e+02 1.657e+02 1.977e+02 2.290e+02 2.586e+02 2.858e+02 3.096e+02 3.296e+02 3.456e+02 3.580e+02 3.674e+02 3.740e+02 3.787e+02 3.820e+02 3.843e+02 3.858e+02 3.868e+02 3.875e+02 3.881e+02 3.886e+02 
Resultados para el vector de muertes (M)
--(1.000e+03)-------------------------------------------
Acumulado / Max / Min: 
  Ind  ->      0      1      2      3      4      5      6      7      8      9     10     11     12     13     14     15     16     17     18     19     20     21     22     23     24     25     26     27     28     29     30     31     32     33     34     35     36     37     38     39     40     41     42     43     44     45     46     47     48     49     50 
  Acum -> 000000 000000 000000 000000 000000 000000 000000 000000 000001 000003 000005 000009 000017 000027 000033 000050 000062 000080 000103 000139 000185 000255 000330 000428 000539 000692 000872 001030 001257 001457 001657 001857 002087 002314 002505 002720 002888 003057 003207 003347 003472 003571 003663 003742 003807 003865 003924 003974 004010 004040 004074 
  Max  -> 000000 000000 000000 000000 000000 000000 000000 000000 000001 000001 000001 000001 000001 000002 000002 000002 000002 000002 000002 000002 000002 000003 000003 000003 000005 000005 000006 000006 000008 000010 000010 000010 000011 000011 000011 000012 000013 000013 000013 000014 000015 000016 000016 000016 000016 000017 000017 000017 000017 000018 000018 
  Min  -> 000000 000000 000000 000000 000000 000000 000000 000000 000000 000000 000000 000000 000000 000000 000000 000000 000000 000000 000000 000000 000000 000000 000000 000000 000000 000000 000000 000000 000000 000000 000000 000000 000000 000000 000000 000000 000000 000000 000000 000000 000000 000000 000000 000000 000000 000000 000000 000000 000000 000000 000000 
Promedio: 
  Prom -> 0.000e+00 0.000e+00 0.000e+00 0.000e+00 0.000e+00 0.000e+00 0.000e+00 0.000e+00 1.000e-03 3.000e-03 5.000e-03 9.000e-03 1.700e-02 2.700e-02 3.300e-02 5.000e-02 6.200e-02 8.000e-02 1.030e-01 1.390e-01 1.850e-01 2.550e-01 3.300e-01 4.280e-01 5.390e-01 6.920e-01 8.720e-01 1.030e+00 1.257e+00 1.457e+00 1.657e+00 1.857e+00 2.087e+00 2.314e+00 2.505e+00 2.720e+00 2.888e+00 3.057e+00 3.207e+00 3.347e+00 3.472e+00 3.571e+00 3.663e+00 3.742e+00 3.807e+00 3.865e+00 3.924e+00 3.974e+00 4.010e+00 4.040e+00 4.074e+00 

Promedios estimados vs datos reales de muertes diarias (M) <Leon>
       -> 0.000e+00 0.000e+00 0.000e+00 0.000e+00 0.000e+00 0.000e+00 0.000e+00 0.000e+00 1.000e-03 3.000e-03 5.000e-03 9.000e-03 1.700e-02 2.700e-02 3.300e-02 5.000e-02 6.200e-02 8.000e-02 1.030e-01 1.390e-01 1.850e-01 2.550e-01 3.300e-01 4.280e-01 5.390e-01 6.920e-01 8.720e-01 1.030e+00 1.257e+00 1.457e+00 1.657e+00 1.857e+00 2.087e+00 2.314e+00 2.505e+00 2.720e+00 2.888e+00 3.057e+00 3.207e+00 3.347e+00 3.472e+00 3.571e+00 3.663e+00 3.742e+00 3.807e+00 3.865e+00 3.924e+00 3.974e+00 4.010e+00 4.040e+00 4.074e+00 
       -> 0.000e+00 0.000e+00 0.000e+00 0.000e+00 0.000e+00 0.000e+00 0.000e+00 0.000e+00 0.000e+00 0.000e+00 0.000e+00 0.000e+00 0.000e+00 0.000e+00 0.000e+00 0.000e+00 0.000e+00 0.000e+00 1.000e+00 3.000e+00 6.000e+00 9.000e+00 1.200e+01 2.200e+01 2.900e+01 4.300e+01 5.500e+01 7.400e+01 1.020e+02 1.240e+02 1.650e+02 2.060e+02 2.520e+02 3.210e+02 3.800e+02 4.420e+02 5.160e+02 5.850e+02 6.410e+02 7.230e+02 7.860e+02 8.470e+02 9.190e+02 9.820e+02 1.028e+03 1.082e+03 1.129e+03 1.180e+03 1.221e+03 1.263e+03 1.299e+03 
Función tasa de contagio (R0): 
       -> 8.105e-01 8.000e-01 7.801e-01 7.477e-01 7.006e-01 6.381e-01 5.618e-01 4.754e-01 3.844e-01 2.952e-01 2.140e-01 1.456e-01 9.231e-02 5.422e-02 2.931e-02 1.448e-02 6.496e-03 2.627e-03 1.000e-03 1.000e-03 1.000e-03 1.000e-03 1.000e-03 1.000e-03 1.000e-03 1.000e-03 1.000e-03 1.000e-03 1.000e-03 1.000e-03 1.000e-03 1.000e-03 1.000e-03 1.000e-03 1.000e-03 1.000e-03 1.000e-03 1.000e-03 1.000e-03 1.000e-03 1.000e-03 1.000e-03 1.000e-03 1.000e-03 1.000e-03 1.000e-03 1.000e-03 1.000e-03 1.000e-03 1.000e-03 
Suma muertes reales: 
  -> 1.299e+03 (err: 3.291e+03)

Tiempo de cómputo: 9.955e-02

