Versión 0.2.0 2020/04/19 02:10
(Simulador de Circuito Paralelizado con OpenMP)

Empleando la función Tasa de transmisión R0: A*e^(-(B+C/10*x+D/100*x^2+E/1000*X^3+F/10000*X^4+G/100000*X^5)) 
El archivo <../Data/Navarra/ParInit_Optimos_Exp6.txt> contiene los siguientes valores
  -> 0 0 2 1 0.81 0.056 5.807 0.948 5.807 0.948 9 14 6.67 2.55 5 10 7 14 0.632029 -0.25483 0.0442811 0.0901843 0.833511 0.0480953 0 0 0 

Los datos originales eran desde el día 2020-03-03 hasta el día 2020-04-16
Datos ajustados para que contengan 18 ceros en lugar de 13 al inicio.
El inicio de los datos se corresponde con 5 días antes de la fecha original.
El archivo de <Navarra> contiene los siguientes valores
  -> 0 0 0 0 0 0 0 0 0 0 0 0 0 0 0 0 0 0 1 2 3 4 5 9 14 24 31 33 49 58 70 84 102 113 130 141 151 171 178 187 202 206 214 218 227 232 239 249 252 261 
  -> Tamaño del histórico: 50 días
  -> Población <Navarra>: 654214

El archivo <../Data/Navarra/ParInit_Optimos_Exp6.txt> contiene los siguientes valores
  -> Inicialmente hay 2 contagiados que en 1 días presentarán síntomas (I1->I3).
            	# 	#1	#2	#3	#4	#5	#6
  -> alfas: 	0.81	5.8070	5.8070	9.0000	6.6700	5.0000	7.0000
  -> betas: 	0.06	0.9480	0.9480	14.0000	2.5500	10.0000	14.0000
    ----------------------------------------------------------------------------------
   exp f/c  	         1           2           3
  ->   1    	+6.320e-01  +4.428e-02  +4.428e-02
  ->   2    	+9.018e-02  +8.335e-01  +4.810e-02
  ->   3    	+0.000e+00  +0.000e+00  +0.000e+00

(200) Simulaciones de 24 días empleando 654214 personas ...
Resultados para el vector de Susceptibles (S)
--(2.000e+02)-------------------------------------------
Acumulado / Max / Min: 
  Ind  ->      0      1      2      3      4      5      6      7      8      9     10     11     12     13     14     15     16     17     18     19     20     21     22     23 
  Acum -> 130842800 130842470 130841865 130840811 130839066 130836252 130831831 130825617 130817237 130807336 130796785 130786819 130778642 130772723 130768843 130766610 130765505 130764996 130764801 130764716 130764647 130764570 130764490 130764404 
  Max  -> 654214 654214 654214 654214 654212 654210 654208 654203 654198 654195 654184 654180 654173 654168 654164 654163 654163 654162 654162 654162 654162 654162 654162 654162 
  Min  -> 654214 654207 654197 654184 654159 654121 654058 653977 653857 653725 653571 653429 653320 653248 653195 653156 653141 653133 653129 653128 653128 653126 653125 653124 
Promedio: 
  Prom -> 6.542e+05 6.542e+05 6.542e+05 6.542e+05 6.542e+05 6.542e+05 6.542e+05 6.541e+05 6.541e+05 6.540e+05 6.540e+05 6.539e+05 6.539e+05 6.539e+05 6.538e+05 6.538e+05 6.538e+05 6.538e+05 6.538e+05 6.538e+05 6.538e+05 6.538e+05 6.538e+05 6.538e+05 
Resultados para el vector de Infectados (I1) 
--(2.000e+02)-------------------------------------------
Acumulado / Max / Min: 
  Ind  ->      0      1      2      3      4      5      6      7      8      9     10     11     12     13     14     15     16     17     18     19     20     21     22     23 
  Acum -> 000000 000730 000935 001976 003668 006352 010479 016123 023502 031788 039810 046074 049139 048654 044865 038930 031623 024258 017730 012275 008142 005294 003294 002128 
  Max  -> 000000 000009 000017 000030 000054 000090 000148 000221 000321 000430 000551 000635 000665 000655 000612 000544 000448 000327 000249 000166 000113 000075 000046 000033 
  Min  -> 000000 000002 000000 000000 000002 000004 000006 000009 000014 000017 000027 000028 000032 000033 000031 000026 000021 000016 000010 000007 000002 000000 000000 000000 
Promedio: 
  Prom -> 0.000e+00 3.650e+00 4.675e+00 9.880e+00 1.834e+01 3.176e+01 5.240e+01 8.062e+01 1.175e+02 1.589e+02 1.990e+02 2.304e+02 2.457e+02 2.433e+02 2.243e+02 1.946e+02 1.581e+02 1.213e+02 8.865e+01 6.138e+01 4.071e+01 2.647e+01 1.647e+01 1.064e+01 
Resultados para el vector de Infectados (I2) 
--(2.000e+02)-------------------------------------------
Acumulado / Max / Min: 
  Ind  ->      0      1      2      3      4      5      6      7      8      9     10     11     12     13     14     15     16     17     18     19     20     21     22     23 
  Acum -> 000400 000000 000000 000011 000052 000159 000401 000857 001685 002991 005004 007924 011970 016791 022406 028107 033407 037496 039779 040138 038452 035010 030490 025171 
  Max  -> 000002 000000 000000 000001 000002 000004 000008 000017 000025 000043 000071 000118 000179 000244 000307 000379 000448 000514 000533 000549 000525 000483 000429 000357 
  Min  -> 000002 000000 000000 000000 000000 000000 000000 000000 000000 000001 000001 000003 000006 000009 000011 000013 000019 000023 000026 000024 000024 000022 000017 000019 
Promedio: 
  Prom -> 2.000e+00 0.000e+00 0.000e+00 5.500e-02 2.600e-01 7.950e-01 2.005e+00 4.285e+00 8.425e+00 1.496e+01 2.502e+01 3.962e+01 5.985e+01 8.396e+01 1.120e+02 1.405e+02 1.670e+02 1.875e+02 1.989e+02 2.007e+02 1.923e+02 1.751e+02 1.525e+02 1.259e+02 
Resultados para el vector de Infectados (I3) 
--(2.000e+02)-------------------------------------------
Acumulado / Max / Min: 
  Ind  ->      0      1      2      3      4      5      6      7      8      9     10     11     12     13     14     15     16     17     18     19     20     21     22     23 
  Acum -> 000000 000000 000396 000398 000410 000433 000484 000598 000766 001061 001545 002163 002977 004134 005480 006876 008403 009805 010987 011799 012295 012350 012007 011301 
  Max  -> 000000 000000 000002 000003 000003 000004 000006 000008 000014 000017 000022 000030 000046 000060 000075 000099 000116 000143 000163 000174 000181 000178 000173 000167 
  Min  -> 000000 000000 000001 000001 000001 000001 000001 000001 000001 000001 000001 000002 000003 000003 000003 000003 000004 000004 000004 000003 000003 000003 000003 000001 
Promedio: 
  Prom -> 0.000e+00 0.000e+00 1.980e+00 1.990e+00 2.050e+00 2.165e+00 2.420e+00 2.990e+00 3.830e+00 5.305e+00 7.725e+00 1.082e+01 1.488e+01 2.067e+01 2.740e+01 3.438e+01 4.201e+01 4.902e+01 5.493e+01 5.899e+01 6.148e+01 6.175e+01 6.003e+01 5.650e+01 
Resultados para el vector de Recuperados (R1) 
--(2.000e+02)-------------------------------------------
Acumulado / Max / Min: 
  Ind  ->      0      1      2      3      4      5      6      7      8      9     10     11     12     13     14     15     16     17     18     19     20     21     22     23 
  Acum -> 000000 000000 000000 000000 000000 000000 000000 000000 000002 000012 000039 000194 000434 000848 001538 002592 004152 006514 009726 014036 019285 025354 031908 038560 
  Max  -> 000000 000000 000000 000000 000000 000000 000000 000000 000001 000001 000002 000004 000007 000013 000025 000036 000061 000097 000138 000194 000264 000347 000436 000520 
  Min  -> 000000 000000 000000 000000 000000 000000 000000 000000 000000 000000 000000 000000 000000 000000 000001 000002 000002 000004 000006 000009 000010 000014 000020 000027 
Promedio: 
  Prom -> 0.000e+00 0.000e+00 0.000e+00 0.000e+00 0.000e+00 0.000e+00 0.000e+00 0.000e+00 1.000e-02 6.000e-02 1.950e-01 9.700e-01 2.170e+00 4.240e+00 7.690e+00 1.296e+01 2.076e+01 3.257e+01 4.863e+01 7.018e+01 9.642e+01 1.268e+02 1.595e+02 1.928e+02 
Resultados para el vector de Recuperados (R2) 
--(2.000e+02)-------------------------------------------
Acumulado / Max / Min: 
  Ind  ->      0      1      2      3      4      5      6      7      8      9     10     11     12     13     14     15     16     17     18     19     20     21     22     23 
  Acum -> 000000 000000 000000 000000 000000 000000 000000 000000 000000 000000 000000 000000 000000 000000 000000 000000 000002 000007 000036 000080 000210 000436 000802 001407 
  Max  -> 000000 000000 000000 000000 000000 000000 000000 000000 000000 000000 000000 000000 000000 000000 000000 000000 000001 000001 000003 000004 000005 000009 000015 000022 
  Min  -> 000000 000000 000000 000000 000000 000000 000000 000000 000000 000000 000000 000000 000000 000000 000000 000000 000000 000000 000000 000000 000000 000000 000000 000001 
Promedio: 
  Prom -> 0.000e+00 0.000e+00 0.000e+00 0.000e+00 0.000e+00 0.000e+00 0.000e+00 0.000e+00 0.000e+00 0.000e+00 0.000e+00 0.000e+00 0.000e+00 0.000e+00 0.000e+00 0.000e+00 1.000e-02 3.500e-02 1.800e-01 4.000e-01 1.050e+00 2.180e+00 4.010e+00 7.035e+00 
Resultados para el vector de muertes (M)
--(2.000e+02)-------------------------------------------
Acumulado / Max / Min: 
  Ind  ->      0      1      2      3      4      5      6      7      8      9     10     11     12     13     14     15     16     17     18     19     20     21     22     23 
  Acum -> 000000 000000 000000 000000 000000 000000 000000 000000 000000 000000 000000 000000 000001 000002 000004 000005 000006 000012 000019 000023 000030 000043 000062 000080 
  Max  -> 000000 000000 000000 000000 000000 000000 000000 000000 000000 000000 000000 000000 000001 000001 000001 000001 000001 000002 000002 000002 000003 000004 000005 000005 
  Min  -> 000000 000000 000000 000000 000000 000000 000000 000000 000000 000000 000000 000000 000000 000000 000000 000000 000000 000000 000000 000000 000000 000000 000000 000000 
Promedio: 
  Prom -> 0.000e+00 0.000e+00 0.000e+00 0.000e+00 0.000e+00 0.000e+00 0.000e+00 0.000e+00 0.000e+00 0.000e+00 0.000e+00 0.000e+00 5.000e-03 1.000e-02 2.000e-02 2.500e-02 3.000e-02 6.000e-02 9.500e-02 1.150e-01 1.500e-01 2.150e-01 3.100e-01 4.000e-01 

Promedios estimados vs datos reales de muertes diarias (M) <Navarra>
       -> 0.000e+00 0.000e+00 0.000e+00 0.000e+00 0.000e+00 0.000e+00 0.000e+00 0.000e+00 0.000e+00 0.000e+00 0.000e+00 0.000e+00 5.000e-03 1.000e-02 2.000e-02 2.500e-02 3.000e-02 6.000e-02 9.500e-02 1.150e-01 1.500e-01 2.150e-01 3.100e-01 4.000e-01 
       -> 0.000e+00 0.000e+00 0.000e+00 0.000e+00 0.000e+00 0.000e+00 0.000e+00 0.000e+00 0.000e+00 0.000e+00 0.000e+00 0.000e+00 0.000e+00 0.000e+00 0.000e+00 0.000e+00 0.000e+00 0.000e+00 1.000e+00 2.000e+00 3.000e+00 4.000e+00 5.000e+00 9.000e+00 
Función tasa de contagio (R0): 
       -> 8.105e-01 8.000e-01 7.801e-01 7.477e-01 7.006e-01 6.381e-01 5.618e-01 4.754e-01 3.844e-01 2.952e-01 2.140e-01 1.456e-01 9.231e-02 5.422e-02 2.931e-02 1.448e-02 6.496e-03 2.627e-03 1.000e-03 1.000e-03 1.000e-03 1.000e-03 1.000e-03 
Suma muertes reales: 
  -> 9.000e+00 (err: 7.297e+00)

Tiempo de cómputo: 1.563e-02

