Versión 0.2.0 2020/04/19 02:10
(Simulador de Circuito Paralelizado con OpenMP)

Empleando la función Tasa de transmisión R0: A*e^(-(B+C/10*x+D/100*x^2+E/1000*X^3+F/10000*X^4+G/100000*X^5)) 
El archivo <../Data/Vasco/ParInit_Optimos_Exp6.txt> contiene los siguientes valores
  -> 0 0 2 1 0.81 0.056 5.807 0.948 5.807 0.948 9 14 6.67 2.55 5 10 7 14 0.632029 -0.25483 0.0442811 0.0901843 0.833511 0.0480953 0 0 0 

Los datos originales eran desde el día 2020-03-03 hasta el día 2020-04-16
Datos ajustados para que contengan 18 ceros en lugar de 2 al inicio.
El inicio de los datos se corresponde con 16 días antes de la fecha original.
El archivo de <Vasco> contiene los siguientes valores
  -> 0 0 0 0 0 0 0 0 0 0 0 0 0 0 0 0 0 0 1 1 1 5 5 6 6 11 14 14 23 23 36 40 53 71 85 97 120 133 155 180 207 221 265 297 325 369 412 444 477 515 548 586 ...
  -> Tamaño del histórico: 61 días
  -> Población <Vasco>: 2207776

El archivo <../Data/Vasco/ParInit_Optimos_Exp6.txt> contiene los siguientes valores
  -> Inicialmente hay 2 contagiados que en 1 días presentarán síntomas (I1->I3).
            	# 	#1	#2	#3	#4	#5	#6
  -> alfas: 	0.81	5.8070	5.8070	9.0000	6.6700	5.0000	7.0000
  -> betas: 	0.06	0.9480	0.9480	14.0000	2.5500	10.0000	14.0000
    ----------------------------------------------------------------------------------
   exp f/c  	         1           2           3
  ->   1    	+6.320e-01  +4.428e-02  +4.428e-02
  ->   2    	+9.018e-02  +8.335e-01  +4.810e-02
  ->   3    	+0.000e+00  +0.000e+00  +0.000e+00

(1000) Simulaciones de 59 días empleando 2207776 personas ...
Resultados para el vector de Susceptibles (S)
--(1.000e+03)-------------------------------------------
Acumulado / Max / Min: 
  Ind  ->      0      1      2      3      4      5      6      7      8      9     10     11     12     13     14     15     16     17     18     19     20     21     22     23     24     25     26     27     28     29     30     31     32     33     34     35     36     37     38     39     40     41     42     43     44     45     46     47     48     49     50     51     52     53     54     55     56     57     58 
  Acum -> 2207776000 2207774329 2207771394 2207766276 2207757574 2207743552 2207721676 2207689837 2207647747 2207597551 2207543743 2207493637 2207451958 2207421919 2207402766 2207391999 2207386347 2207383729 2207382669 2207382272 2207381850 2207381450 2207381042 2207380669 2207380285 2207379915 2207379509 2207379162 2207378791 2207378437 2207378110 2207377836 2207377573 2207377338 2207377146 2207376980 2207376845 2207376745 2207376667 2207376592 2207376549 2207376515 2207376489 2207376482 2207376473 2207376465 2207376459 2207376455 2207376453 2207376450 2207376448 2207376442 2207376438 2207376433 2207376431 2207376430 2207376430 2207376430 2207376430 
  Max  -> 2207776 2207776 2207776 2207776 2207775 2207774 2207773 2207771 2207768 2207763 2207761 2207759 2207758 2207755 2207755 2207753 2207752 2207751 2207751 2207751 2207751 2207751 2207751 2207751 2207751 2207751 2207751 2207751 2207751 2207751 2207751 2207751 2207751 2207751 2207751 2207751 2207751 2207751 2207751 2207751 2207751 2207751 2207751 2207751 2207751 2207751 2207751 2207751 2207751 2207751 2207751 2207751 2207751 2207751 2207751 2207751 2207751 2207751 2207751 
  Min  -> 2207776 2207769 2207754 2207736 2207704 2207656 2207577 2207453 2207298 2207110 2206900 2206716 2206554 2206447 2206390 2206349 2206322 2206308 2206303 2206303 2206302 2206300 2206300 2206299 2206299 2206299 2206299 2206298 2206297 2206296 2206294 2206293 2206293 2206293 2206293 2206292 2206292 2206292 2206292 2206291 2206290 2206290 2206290 2206290 2206290 2206290 2206290 2206290 2206290 2206290 2206290 2206290 2206290 2206290 2206290 2206290 2206290 2206290 2206290 
Promedio: 
  Prom -> 2.208e+06 2.208e+06 2.208e+06 2.208e+06 2.208e+06 2.208e+06 2.208e+06 2.208e+06 2.208e+06 2.208e+06 2.208e+06 2.207e+06 2.207e+06 2.207e+06 2.207e+06 2.207e+06 2.207e+06 2.207e+06 2.207e+06 2.207e+06 2.207e+06 2.207e+06 2.207e+06 2.207e+06 2.207e+06 2.207e+06 2.207e+06 2.207e+06 2.207e+06 2.207e+06 2.207e+06 2.207e+06 2.207e+06 2.207e+06 2.207e+06 2.207e+06 2.207e+06 2.207e+06 2.207e+06 2.207e+06 2.207e+06 2.207e+06 2.207e+06 2.207e+06 2.207e+06 2.207e+06 2.207e+06 2.207e+06 2.207e+06 2.207e+06 2.207e+06 2.207e+06 2.207e+06 2.207e+06 2.207e+06 2.207e+06 2.207e+06 2.207e+06 2.207e+06 
Resultados para el vector de Infectados (I1) 
--(1.000e+03)-------------------------------------------
Acumulado / Max / Min: 
  Ind  ->      0      1      2      3      4      5      6      7      8      9     10     11     12     13     14     15     16     17     18     19     20     21     22     23     24     25     26     27     28     29     30     31     32     33     34     35     36     37     38     39     40     41     42     43     44     45     46     47     48     49     50     51     52     53     54     55     56     57     58 
  Acum -> 000000 003671 004605 009662 018122 031495 051880 080920 118137 160217 201366 232922 248976 246338 227303 195797 159472 122707 089517 062386 041655 027087 017128 010931 007168 004929 003747 002992 002609 002373 002269 002129 002003 001895 001710 001543 001375 001187 000999 000829 000678 000541 000438 000336 000233 000179 000123 000096 000063 000044 000034 000034 000026 000026 000025 000019 000014 000013 000010 
  Max  -> 000000 000009 000022 000040 000071 000118 000194 000305 000440 000599 000760 000870 000946 000911 000831 000738 000619 000489 000361 000245 000165 000103 000056 000039 000030 000020 000015 000013 000013 000012 000010 000009 000011 000012 000011 000011 000008 000008 000008 000006 000005 000005 000005 000004 000003 000002 000002 000002 000002 000001 000001 000001 000001 000002 000001 000001 000001 000001 000001 
  Min  -> 000000 000002 000000 000000 000001 000002 000003 000005 000007 000012 000013 000015 000014 000011 000009 000011 000010 000007 000003 000002 000000 000000 000000 000000 000000 000000 000000 000000 000000 000000 000000 000000 000000 000000 000000 000000 000000 000000 000000 000000 000000 000000 000000 000000 000000 000000 000000 000000 000000 000000 000000 000000 000000 000000 000000 000000 000000 000000 000000 
Promedio: 
  Prom -> 0.000e+00 3.671e+00 4.605e+00 9.662e+00 1.812e+01 3.149e+01 5.188e+01 8.092e+01 1.181e+02 1.602e+02 2.014e+02 2.329e+02 2.490e+02 2.463e+02 2.273e+02 1.958e+02 1.595e+02 1.227e+02 8.952e+01 6.239e+01 4.165e+01 2.709e+01 1.713e+01 1.093e+01 7.168e+00 4.929e+00 3.747e+00 2.992e+00 2.609e+00 2.373e+00 2.269e+00 2.129e+00 2.003e+00 1.895e+00 1.710e+00 1.543e+00 1.375e+00 1.187e+00 9.990e-01 8.290e-01 6.780e-01 5.410e-01 4.380e-01 3.360e-01 2.330e-01 1.790e-01 1.230e-01 9.600e-02 6.300e-02 4.400e-02 3.400e-02 3.400e-02 2.600e-02 2.600e-02 2.500e-02 1.900e-02 1.400e-02 1.300e-02 1.000e-02 
Resultados para el vector de Infectados (I2) 
--(1.000e+03)-------------------------------------------
Acumulado / Max / Min: 
  Ind  ->      0      1      2      3      4      5      6      7      8      9     10     11     12     13     14     15     16     17     18     19     20     21     22     23     24     25     26     27     28     29     30     31     32     33     34     35     36     37     38     39     40     41     42     43     44     45     46     47     48     49     50     51     52     53     54     55     56     57     58 
  Acum -> 002000 000000 000001 000045 000242 000760 001993 004269 008217 014815 024908 039649 059681 084416 112416 141669 168010 188479 200337 201998 193758 176499 153391 126923 100178 075726 055045 038285 025974 017124 011194 007310 004985 003605 002914 002505 002238 002040 001924 001827 001693 001537 001361 001214 001045 000840 000692 000548 000468 000369 000288 000211 000153 000111 000084 000061 000046 000036 000029 
  Max  -> 000002 000000 000001 000002 000003 000004 000012 000020 000034 000056 000098 000158 000218 000329 000427 000518 000606 000688 000735 000749 000722 000663 000582 000491 000380 000277 000212 000142 000089 000055 000038 000028 000019 000016 000015 000013 000011 000010 000012 000010 000011 000010 000009 000008 000006 000006 000005 000005 000005 000004 000003 000003 000003 000002 000002 000002 000001 000001 000001 
  Min  -> 000002 000000 000000 000000 000000 000000 000000 000000 000000 000000 000001 000001 000002 000004 000005 000006 000007 000008 000006 000009 000010 000009 000008 000007 000004 000003 000002 000001 000000 000000 000000 000000 000000 000000 000000 000000 000000 000000 000000 000000 000000 000000 000000 000000 000000 000000 000000 000000 000000 000000 000000 000000 000000 000000 000000 000000 000000 000000 000000 
Promedio: 
  Prom -> 2.000e+00 0.000e+00 1.000e-03 4.500e-02 2.420e-01 7.600e-01 1.993e+00 4.269e+00 8.217e+00 1.481e+01 2.491e+01 3.965e+01 5.968e+01 8.442e+01 1.124e+02 1.417e+02 1.680e+02 1.885e+02 2.003e+02 2.020e+02 1.938e+02 1.765e+02 1.534e+02 1.269e+02 1.002e+02 7.573e+01 5.504e+01 3.828e+01 2.597e+01 1.712e+01 1.119e+01 7.310e+00 4.985e+00 3.605e+00 2.914e+00 2.505e+00 2.238e+00 2.040e+00 1.924e+00 1.827e+00 1.693e+00 1.537e+00 1.361e+00 1.214e+00 1.045e+00 8.400e-01 6.920e-01 5.480e-01 4.680e-01 3.690e-01 2.880e-01 2.110e-01 1.530e-01 1.110e-01 8.400e-02 6.100e-02 4.600e-02 3.600e-02 2.900e-02 
Resultados para el vector de Infectados (I3) 
--(1.000e+03)-------------------------------------------
Acumulado / Max / Min: 
  Ind  ->      0      1      2      3      4      5      6      7      8      9     10     11     12     13     14     15     16     17     18     19     20     21     22     23     24     25     26     27     28     29     30     31     32     33     34     35     36     37     38     39     40     41     42     43     44     45     46     47     48     49     50     51     52     53     54     55     56     57     58 
  Acum -> 000000 000000 002000 002017 002062 002193 002451 002974 003888 005357 007788 010840 015174 021069 027865 035503 043295 050448 056345 060490 062851 063249 061624 058081 053190 046957 040029 033020 026351 020427 015347 011217 008116 005932 004400 003350 002643 002203 001859 001573 001332 001144 001013 000868 000760 000662 000573 000477 000377 000315 000258 000213 000179 000138 000109 000085 000063 000041 000033 
  Max  -> 000000 000000 000002 000003 000004 000005 000006 000009 000012 000018 000025 000035 000055 000081 000105 000129 000155 000181 000209 000228 000237 000246 000237 000226 000202 000183 000163 000135 000115 000092 000073 000047 000036 000027 000018 000014 000013 000011 000010 000010 000007 000007 000006 000006 000005 000005 000005 000005 000003 000003 000003 000003 000002 000002 000002 000002 000002 000002 000002 
  Min  -> 000000 000000 000002 000002 000002 000002 000002 000002 000002 000002 000002 000001 000001 000001 000001 000002 000002 000002 000002 000002 000005 000004 000004 000003 000003 000003 000002 000001 000001 000000 000000 000000 000000 000000 000000 000000 000000 000000 000000 000000 000000 000000 000000 000000 000000 000000 000000 000000 000000 000000 000000 000000 000000 000000 000000 000000 000000 000000 000000 
Promedio: 
  Prom -> 0.000e+00 0.000e+00 2.000e+00 2.017e+00 2.062e+00 2.193e+00 2.451e+00 2.974e+00 3.888e+00 5.357e+00 7.788e+00 1.084e+01 1.517e+01 2.107e+01 2.786e+01 3.550e+01 4.329e+01 5.045e+01 5.634e+01 6.049e+01 6.285e+01 6.325e+01 6.162e+01 5.808e+01 5.319e+01 4.696e+01 4.003e+01 3.302e+01 2.635e+01 2.043e+01 1.535e+01 1.122e+01 8.116e+00 5.932e+00 4.400e+00 3.350e+00 2.643e+00 2.203e+00 1.859e+00 1.573e+00 1.332e+00 1.144e+00 1.013e+00 8.680e-01 7.600e-01 6.620e-01 5.730e-01 4.770e-01 3.770e-01 3.150e-01 2.580e-01 2.130e-01 1.790e-01 1.380e-01 1.090e-01 8.500e-02 6.300e-02 4.100e-02 3.300e-02 
Resultados para el vector de Recuperados (R1) 
--(1.000e+03)-------------------------------------------
Acumulado / Max / Min: 
  Ind  ->      0      1      2      3      4      5      6      7      8      9     10     11     12     13     14     15     16     17     18     19     20     21     22     23     24     25     26     27     28     29     30     31     32     33     34     35     36     37     38     39     40     41     42     43     44     45     46     47     48     49     50     51     52     53     54     55     56     57     58 
  Acum -> 000000 000000 000000 000000 000000 000000 000000 000000 000011 000058 000192 000947 002201 004247 007628 012998 020824 032536 048868 070218 096622 127273 160391 193976 225052 251415 270595 281814 283908 277499 262932 242035 216253 187448 157177 128366 101785 078432 058946 043259 030907 021996 015564 010980 008076 006219 004921 004109 003540 003084 002711 002388 002141 001884 001604 001364 001140 000960 000783 
  Max  -> 000000 000000 000000 000000 000000 000000 000000 000000 000001 000002 000003 000005 000011 000016 000026 000046 000076 000112 000170 000253 000351 000463 000588 000701 000821 000935 000995 001043 001057 001031 000987 000902 000813 000716 000600 000494 000401 000315 000237 000173 000113 000078 000056 000044 000031 000028 000021 000019 000018 000015 000014 000014 000015 000013 000011 000008 000006 000006 000005 
  Min  -> 000000 000000 000000 000000 000000 000000 000000 000000 000000 000000 000000 000000 000000 000000 000000 000001 000002 000003 000004 000005 000006 000007 000009 000010 000014 000014 000015 000019 000018 000018 000016 000016 000015 000011 000008 000005 000004 000002 000001 000001 000001 000000 000000 000000 000000 000000 000000 000000 000000 000000 000000 000000 000000 000000 000000 000000 000000 000000 000000 
Promedio: 
  Prom -> 0.000e+00 0.000e+00 0.000e+00 0.000e+00 0.000e+00 0.000e+00 0.000e+00 0.000e+00 1.100e-02 5.800e-02 1.920e-01 9.470e-01 2.201e+00 4.247e+00 7.628e+00 1.300e+01 2.082e+01 3.254e+01 4.887e+01 7.022e+01 9.662e+01 1.273e+02 1.604e+02 1.940e+02 2.251e+02 2.514e+02 2.706e+02 2.818e+02 2.839e+02 2.775e+02 2.629e+02 2.420e+02 2.163e+02 1.874e+02 1.572e+02 1.284e+02 1.018e+02 7.843e+01 5.895e+01 4.326e+01 3.091e+01 2.200e+01 1.556e+01 1.098e+01 8.076e+00 6.219e+00 4.921e+00 4.109e+00 3.540e+00 3.084e+00 2.711e+00 2.388e+00 2.141e+00 1.884e+00 1.604e+00 1.364e+00 1.140e+00 9.600e-01 7.830e-01 
Resultados para el vector de Recuperados (R2) 
--(1.000e+03)-------------------------------------------
Acumulado / Max / Min: 
  Ind  ->      0      1      2      3      4      5      6      7      8      9     10     11     12     13     14     15     16     17     18     19     20     21     22     23     24     25     26     27     28     29     30     31     32     33     34     35     36     37     38     39     40     41     42     43     44     45     46     47     48     49     50     51     52     53     54     55     56     57     58 
  Acum -> 000000 000000 000000 000000 000000 000000 000000 000000 000000 000000 000000 000000 000000 000000 000000 000001 000007 000037 000172 000506 001082 002196 004099 006989 011570 018343 028185 041642 059071 080636 106413 135522 166882 199366 232013 262410 290081 314210 334271 350418 363206 372525 379308 384211 387442 389611 391159 392191 392923 393538 394036 394468 394804 395134 395463 395748 396008 396215 396405 
  Max  -> 000000 000000 000000 000000 000000 000000 000000 000000 000000 000000 000000 000000 000000 000000 000000 000001 000001 000001 000003 000004 000006 000009 000015 000027 000046 000068 000102 000155 000215 000303 000388 000507 000616 000727 000852 000962 001057 001147 001226 001292 001352 001388 001412 001425 001445 001452 001458 001459 001460 001462 001462 001464 001466 001468 001470 001470 001472 001472 001472 
  Min  -> 000000 000000 000000 000000 000000 000000 000000 000000 000000 000000 000000 000000 000000 000000 000000 000000 000000 000000 000000 000000 000000 000000 000000 000000 000000 000002 000002 000003 000004 000005 000006 000007 000010 000013 000013 000013 000016 000020 000021 000024 000025 000026 000026 000026 000026 000026 000026 000026 000026 000026 000026 000026 000026 000026 000026 000026 000026 000026 000026 
Promedio: 
  Prom -> 0.000e+00 0.000e+00 0.000e+00 0.000e+00 0.000e+00 0.000e+00 0.000e+00 0.000e+00 0.000e+00 0.000e+00 0.000e+00 0.000e+00 0.000e+00 0.000e+00 0.000e+00 1.000e-03 7.000e-03 3.700e-02 1.720e-01 5.060e-01 1.082e+00 2.196e+00 4.099e+00 6.989e+00 1.157e+01 1.834e+01 2.819e+01 4.164e+01 5.907e+01 8.064e+01 1.064e+02 1.355e+02 1.669e+02 1.994e+02 2.320e+02 2.624e+02 2.901e+02 3.142e+02 3.343e+02 3.504e+02 3.632e+02 3.725e+02 3.793e+02 3.842e+02 3.874e+02 3.896e+02 3.912e+02 3.922e+02 3.929e+02 3.935e+02 3.940e+02 3.945e+02 3.948e+02 3.951e+02 3.955e+02 3.957e+02 3.960e+02 3.962e+02 3.964e+02 
Resultados para el vector de muertes (M)
--(1.000e+03)-------------------------------------------
Acumulado / Max / Min: 
  Ind  ->      0      1      2      3      4      5      6      7      8      9     10     11     12     13     14     15     16     17     18     19     20     21     22     23     24     25     26     27     28     29     30     31     32     33     34     35     36     37     38     39     40     41     42     43     44     45     46     47     48     49     50     51     52     53     54     55     56     57     58 
  Acum -> 000000 000000 000000 000000 000000 000000 000000 000000 000000 000002 000003 000005 000010 000011 000022 000032 000044 000063 000091 000129 000181 000245 000324 000430 000556 000714 000889 001084 001295 001503 001734 001950 002187 002415 002639 002845 003032 003182 003333 003501 003634 003741 003826 003908 003970 004023 004072 004123 004175 004199 004224 004243 004258 004273 004283 004292 004298 004304 004309 
  Max  -> 000000 000000 000000 000000 000000 000000 000000 000000 000000 000001 000001 000001 000001 000001 000002 000002 000002 000002 000002 000002 000002 000004 000005 000005 000005 000005 000005 000006 000007 000007 000009 000010 000011 000011 000012 000014 000014 000016 000017 000018 000018 000019 000019 000019 000019 000019 000019 000019 000019 000019 000019 000019 000019 000019 000019 000019 000019 000019 000019 
  Min  -> 000000 000000 000000 000000 000000 000000 000000 000000 000000 000000 000000 000000 000000 000000 000000 000000 000000 000000 000000 000000 000000 000000 000000 000000 000000 000000 000000 000000 000000 000000 000000 000000 000000 000000 000000 000000 000000 000000 000000 000000 000000 000000 000000 000000 000000 000000 000000 000000 000000 000000 000000 000000 000000 000000 000000 000000 000000 000000 000000 
Promedio: 
  Prom -> 0.000e+00 0.000e+00 0.000e+00 0.000e+00 0.000e+00 0.000e+00 0.000e+00 0.000e+00 0.000e+00 2.000e-03 3.000e-03 5.000e-03 1.000e-02 1.100e-02 2.200e-02 3.200e-02 4.400e-02 6.300e-02 9.100e-02 1.290e-01 1.810e-01 2.450e-01 3.240e-01 4.300e-01 5.560e-01 7.140e-01 8.890e-01 1.084e+00 1.295e+00 1.503e+00 1.734e+00 1.950e+00 2.187e+00 2.415e+00 2.639e+00 2.845e+00 3.032e+00 3.182e+00 3.333e+00 3.501e+00 3.634e+00 3.741e+00 3.826e+00 3.908e+00 3.970e+00 4.023e+00 4.072e+00 4.123e+00 4.175e+00 4.199e+00 4.224e+00 4.243e+00 4.258e+00 4.273e+00 4.283e+00 4.292e+00 4.298e+00 4.304e+00 4.309e+00 

Promedios estimados vs datos reales de muertes diarias (M) <Vasco>
       -> 0.000e+00 0.000e+00 0.000e+00 0.000e+00 0.000e+00 0.000e+00 0.000e+00 0.000e+00 0.000e+00 2.000e-03 3.000e-03 5.000e-03 1.000e-02 1.100e-02 2.200e-02 3.200e-02 4.400e-02 6.300e-02 9.100e-02 1.290e-01 1.810e-01 2.450e-01 3.240e-01 4.300e-01 5.560e-01 7.140e-01 8.890e-01 1.084e+00 1.295e+00 1.503e+00 1.734e+00 1.950e+00 2.187e+00 2.415e+00 2.639e+00 2.845e+00 3.032e+00 3.182e+00 3.333e+00 3.501e+00 3.634e+00 3.741e+00 3.826e+00 3.908e+00 3.970e+00 4.023e+00 4.072e+00 4.123e+00 4.175e+00 4.199e+00 4.224e+00 4.243e+00 4.258e+00 4.273e+00 4.283e+00 4.292e+00 4.298e+00 4.304e+00 4.309e+00 
       -> 0.000e+00 0.000e+00 0.000e+00 0.000e+00 0.000e+00 0.000e+00 0.000e+00 0.000e+00 0.000e+00 0.000e+00 0.000e+00 0.000e+00 0.000e+00 0.000e+00 0.000e+00 0.000e+00 0.000e+00 0.000e+00 1.000e+00 1.000e+00 1.000e+00 5.000e+00 5.000e+00 6.000e+00 6.000e+00 1.100e+01 1.400e+01 1.400e+01 2.300e+01 2.300e+01 3.600e+01 4.000e+01 5.300e+01 7.100e+01 8.500e+01 9.700e+01 1.200e+02 1.330e+02 1.550e+02 1.800e+02 2.070e+02 2.210e+02 2.650e+02 2.970e+02 3.250e+02 3.690e+02 4.120e+02 4.440e+02 4.770e+02 5.150e+02 5.480e+02 5.860e+02 6.350e+02 6.890e+02 7.290e+02 7.650e+02 8.040e+02 8.310e+02 8.590e+02 
Función tasa de contagio (R0): 
       -> 8.105e-01 8.000e-01 7.801e-01 7.477e-01 7.006e-01 6.381e-01 5.618e-01 4.754e-01 3.844e-01 2.952e-01 2.140e-01 1.456e-01 9.231e-02 5.422e-02 2.931e-02 1.448e-02 6.496e-03 2.627e-03 1.000e-03 1.000e-03 1.000e-03 1.000e-03 1.000e-03 1.000e-03 1.000e-03 1.000e-03 1.000e-03 1.000e-03 1.000e-03 1.000e-03 1.000e-03 1.000e-03 1.000e-03 1.000e-03 1.000e-03 1.000e-03 1.000e-03 1.000e-03 1.000e-03 1.000e-03 1.000e-03 1.000e-03 1.000e-03 1.000e-03 1.000e-03 1.000e-03 1.000e-03 1.000e-03 1.000e-03 1.000e-03 1.000e-03 1.000e-03 1.000e-03 1.000e-03 1.000e-03 1.000e-03 1.000e-03 1.000e-03 
Suma muertes reales: 
  -> 8.590e+02 (err: 1.259e+03)

Tiempo de cómputo: 1.499e+00

