Versión 0.2.0 2020/04/19 02:10
(Simulador de Circuito Paralelizado con OpenMP)

Empleando la función Tasa de transmisión R0: A*e^(-(B+C/10*x+D/100*x^2+E/1000*X^3+F/10000*X^4+G/100000*X^5)) 
El archivo <../Data/Galicia/ParInit_Optimos_Exp7.txt> contiene los siguientes valores
  -> 0 0 2 1 0.81 0.056 5.807 0.948 5.807 0.948 9 14 6.67 2.55 5 10 7 14 0.93661 0.944584 -1.82667 0.00888291 0.24669 0.292769 0.000398553 0 0 

Los datos originales eran desde el día 2020-03-03 hasta el día 2020-04-16
Datos ajustados para que contengan 18 ceros en lugar de 12 al inicio.
El inicio de los datos se corresponde con 6 días antes de la fecha original.
El archivo de <Galicia> contiene los siguientes valores
  -> 0 0 0 0 0 0 0 0 0 0 0 0 0 0 0 0 0 0 2 2 3 3 4 5 9 12 18 20 27 32 43 47 60 66 84 103 120 138 159 174 190 204 213 231 243 261 274 284 290 299 310 
  -> Tamaño del histórico: 51 días
  -> Población <Galicia>: 2699499

El archivo <../Data/Galicia/ParInit_Optimos_Exp7.txt> contiene los siguientes valores
  -> Inicialmente hay 2 contagiados que en 1 días presentarán síntomas (I1->I3).
            	# 	#1	#2	#3	#4	#5	#6
  -> alfas: 	0.81	5.8070	5.8070	9.0000	6.6700	5.0000	7.0000
  -> betas: 	0.06	0.9480	0.9480	14.0000	2.5500	10.0000	14.0000
    ----------------------------------------------------------------------------------
   exp f/c  	         1           2           3
  ->   1    	+9.366e-01  -1.827e+00  -1.827e+00
  ->   2    	+8.883e-03  +2.467e-01  +2.928e-01
  ->   3    	+3.986e-04  +0.000e+00  +0.000e+00

(200) Simulaciones de 59 días empleando 2699499 personas ...
Resultados para el vector de Susceptibles (S)
--(2.000e+02)-------------------------------------------
Acumulado / Max / Min: 
  Ind  ->      0      1      2      3      4      5      6      7      8      9     10     11     12     13     14     15     16     17     18     19     20     21     22     23     24     25     26     27     28     29     30     31     32     33     34     35     36     37     38     39     40     41     42     43     44     45     46     47     48     49     50     51     52     53     54     55     56     57     58 
  Acum -> 539899800 539899619 539899288 539898713 539897598 539895328 539890617 539879933 539855060 539797277 539662707 539364418 538751704 537637696 535919724 533753470 531587750 529898301 528865516 528362106 528163663 528099554 528082506 528070674 528058795 528047037 528035261 528023358 528011386 527999539 527987611 527975634 527964140 527952930 527942002 527931906 527922282 527913890 527906065 527899396 527893864 527889401 527885941 527883250 527881163 527879743 527878721 527877985 527877413 527876993 527876688 527876485 527876289 527876144 527876033 527875910 527875805 527875697 527875626 
  Max  -> 2699499 2699499 2699499 2699499 2699499 2699498 2699494 2699488 2699479 2699445 2699382 2699253 2699015 2698543 2697824 2696890 2695938 2695181 2694754 2694544 2694471 2694449 2694441 2694438 2694433 2694426 2694421 2694417 2694410 2694405 2694396 2694392 2694387 2694385 2694379 2694376 2694373 2694367 2694364 2694363 2694362 2694361 2694357 2694356 2694356 2694355 2694355 2694355 2694355 2694355 2694355 2694355 2694355 2694355 2694355 2694355 2694355 2694355 2694355 
  Min  -> 2699499 2699495 2699488 2699479 2699459 2699422 2699350 2699185 2698805 2697925 2695825 2691122 2681470 2664327 2637629 2604215 2570504 2544405 2528336 2520296 2517305 2516288 2516030 2515875 2515664 2515452 2515291 2515102 2514922 2514760 2514563 2514384 2514203 2514028 2513861 2513706 2513535 2513401 2513258 2513143 2513071 2512982 2512933 2512879 2512840 2512811 2512797 2512782 2512771 2512766 2512763 2512762 2512761 2512759 2512759 2512757 2512755 2512754 2512752 
Promedio: 
  Prom -> 2.699e+06 2.699e+06 2.699e+06 2.699e+06 2.699e+06 2.699e+06 2.699e+06 2.699e+06 2.699e+06 2.699e+06 2.698e+06 2.697e+06 2.694e+06 2.688e+06 2.680e+06 2.669e+06 2.658e+06 2.649e+06 2.644e+06 2.642e+06 2.641e+06 2.640e+06 2.640e+06 2.640e+06 2.640e+06 2.640e+06 2.640e+06 2.640e+06 2.640e+06 2.640e+06 2.640e+06 2.640e+06 2.640e+06 2.640e+06 2.640e+06 2.640e+06 2.640e+06 2.640e+06 2.640e+06 2.639e+06 2.639e+06 2.639e+06 2.639e+06 2.639e+06 2.639e+06 2.639e+06 2.639e+06 2.639e+06 2.639e+06 2.639e+06 2.639e+06 2.639e+06 2.639e+06 2.639e+06 2.639e+06 2.639e+06 2.639e+06 2.639e+06 2.639e+06 
Resultados para el vector de Infectados (I1) 
--(2.000e+02)-------------------------------------------
Acumulado / Max / Min: 
  Ind  ->      0      1      2      3      4      5      6      7      8      9     10     11     12     13     14     15     16     17     18     19     20     21     22     23     24     25     26     27     28     29     30     31     32     33     34     35     36     37     38     39     40     41     42     43     44     45     46     47     48     49     50     51     52     53     54     55     56     57     58 
  Acum -> 000000 000581 000512 001083 002168 004376 008926 019266 043411 099749 231150 522319 1118718 2195316 3830848 5823183 7653513 8760501 8893978 8175255 6916047 5442737 4011651 2790981 1844331 1166601 718288 436853 270383 176101 125014 098186 084303 076897 072616 069214 066227 062700 059056 054578 049690 044273 038672 032899 027504 022463 018001 014085 010799 008167 006171 004628 003461 002630 001915 001485 001192 000994 000829 
  Max  -> 000000 000006 000011 000019 000039 000075 000145 000303 000673 001528 003586 008180 017582 034098 059522 090286 118821 135845 137885 126864 107153 084533 062269 043299 028698 018295 011287 006970 004290 002744 001931 001506 001318 001189 001132 001065 001020 000971 000944 000888 000798 000722 000634 000556 000486 000413 000315 000242 000196 000152 000121 000090 000059 000046 000032 000026 000020 000016 000013 
  Min  -> 000000 000002 000000 000000 000000 000001 000005 000011 000020 000053 000115 000242 000472 000929 001609 002480 003294 003806 003830 003532 002949 002290 001678 001187 000797 000497 000326 000194 000131 000088 000064 000049 000039 000032 000031 000027 000021 000026 000029 000025 000020 000017 000016 000015 000012 000009 000007 000006 000004 000001 000001 000000 000000 000000 000000 000000 000000 000000 000000 
Promedio: 
  Prom -> 0.000e+00 2.905e+00 2.560e+00 5.415e+00 1.084e+01 2.188e+01 4.463e+01 9.633e+01 2.171e+02 4.987e+02 1.156e+03 2.612e+03 5.594e+03 1.098e+04 1.915e+04 2.912e+04 3.827e+04 4.380e+04 4.447e+04 4.088e+04 3.458e+04 2.721e+04 2.006e+04 1.395e+04 9.222e+03 5.833e+03 3.591e+03 2.184e+03 1.352e+03 8.805e+02 6.251e+02 4.909e+02 4.215e+02 3.845e+02 3.631e+02 3.461e+02 3.311e+02 3.135e+02 2.953e+02 2.729e+02 2.485e+02 2.214e+02 1.934e+02 1.645e+02 1.375e+02 1.123e+02 9.001e+01 7.043e+01 5.399e+01 4.083e+01 3.085e+01 2.314e+01 1.731e+01 1.315e+01 9.575e+00 7.425e+00 5.960e+00 4.970e+00 4.145e+00 
Resultados para el vector de Infectados (I2) 
--(2.000e+02)-------------------------------------------
Acumulado / Max / Min: 
  Ind  ->      0      1      2      3      4      5      6      7      8      9     10     11     12     13     14     15     16     17     18     19     20     21     22     23     24     25     26     27     28     29     30     31     32     33     34     35     36     37     38     39     40     41     42     43     44     45     46     47     48     49     50     51     52     53     54     55     56     57     58 
  Acum -> 000400 000000 000000 000003 000025 000074 000204 000491 001085 002236 004821 010520 023559 053722 119905 259746 529188 996642 1714329 2680890 3810719 4951858 5928686 6589127 6844658 6676296 6127074 5299900 4326863 3339116 2440238 1695660 1126039 723701 456302 288292 188179 131157 099787 082712 073009 067135 062710 059251 055500 051282 046677 042019 037317 032493 027636 023133 018947 015181 012071 009352 007175 005436 004100 
  Max  -> 000002 000000 000000 000001 000002 000003 000006 000011 000021 000041 000071 000159 000362 000863 001919 004077 008204 015497 026743 041727 059280 076752 091942 102109 106166 103453 094833 082125 067059 051666 037766 026183 017503 011302 007148 004523 002943 002081 001605 001316 001148 001075 001000 000949 000881 000814 000738 000686 000604 000532 000452 000371 000320 000260 000209 000168 000127 000103 000081 
  Min  -> 000002 000000 000000 000000 000000 000000 000000 000000 000000 000000 000001 000002 000010 000023 000057 000109 000225 000414 000731 001145 001683 002196 002600 002846 002951 002856 002601 002248 001810 001389 001023 000713 000488 000314 000208 000141 000088 000067 000046 000033 000029 000030 000027 000024 000021 000021 000019 000017 000017 000018 000013 000012 000010 000009 000005 000004 000002 000002 000000 
Promedio: 
  Prom -> 2.000e+00 0.000e+00 0.000e+00 1.500e-02 1.250e-01 3.700e-01 1.020e+00 2.455e+00 5.425e+00 1.118e+01 2.410e+01 5.260e+01 1.178e+02 2.686e+02 5.995e+02 1.299e+03 2.646e+03 4.983e+03 8.572e+03 1.340e+04 1.905e+04 2.476e+04 2.964e+04 3.295e+04 3.422e+04 3.338e+04 3.064e+04 2.650e+04 2.163e+04 1.670e+04 1.220e+04 8.478e+03 5.630e+03 3.619e+03 2.282e+03 1.441e+03 9.409e+02 6.558e+02 4.989e+02 4.136e+02 3.650e+02 3.357e+02 3.135e+02 2.963e+02 2.775e+02 2.564e+02 2.334e+02 2.101e+02 1.866e+02 1.625e+02 1.382e+02 1.157e+02 9.474e+01 7.590e+01 6.035e+01 4.676e+01 3.588e+01 2.718e+01 2.050e+01 
Resultados para el vector de Infectados (I3) 
--(2.000e+02)-------------------------------------------
Acumulado / Max / Min: 
  Ind  ->      0      1      2      3      4      5      6      7      8      9     10     11     12     13     14     15     16     17     18     19     20     21     22     23     24     25     26     27     28     29     30     31     32     33     34     35     36     37     38     39     40     41     42     43     44     45     46     47     48     49     50     51     52     53     54     55     56     57     58 
  Acum -> 000000 000000 000400 000401 000409 000422 000453 000510 000642 000930 001503 002796 005919 012859 028589 061660 125516 235843 406907 638435 914325 1205451 1478072 1707101 1877631 1984443 2026528 2006030 1921947 1777917 1581798 1349450 1102522 862396 647349 470733 335617 237877 171048 127164 098144 079099 066398 057135 049781 043842 038868 034294 030161 026429 022920 019696 016766 014078 011758 009723 007950 006397 005117 
  Max  -> 000000 000000 000002 000003 000003 000004 000005 000006 000007 000012 000020 000038 000088 000206 000432 000952 001912 003625 006247 009883 014205 018721 022982 026552 029259 030920 031586 031302 030006 027673 024677 020983 017235 013458 010110 007346 005184 003680 002622 001986 001536 001213 000988 000841 000740 000643 000585 000529 000473 000408 000370 000317 000274 000244 000200 000174 000144 000118 000094 
  Min  -> 000000 000000 000002 000002 000002 000002 000002 000002 000002 000001 000002 000002 000003 000006 000010 000020 000042 000094 000174 000261 000362 000490 000621 000719 000780 000839 000860 000837 000797 000749 000666 000571 000454 000361 000258 000186 000128 000103 000074 000055 000041 000034 000027 000023 000020 000018 000014 000012 000009 000008 000007 000006 000006 000006 000004 000003 000002 000002 000001 
Promedio: 
  Prom -> 0.000e+00 0.000e+00 2.000e+00 2.005e+00 2.045e+00 2.110e+00 2.265e+00 2.550e+00 3.210e+00 4.650e+00 7.515e+00 1.398e+01 2.959e+01 6.430e+01 1.429e+02 3.083e+02 6.276e+02 1.179e+03 2.035e+03 3.192e+03 4.572e+03 6.027e+03 7.390e+03 8.536e+03 9.388e+03 9.922e+03 1.013e+04 1.003e+04 9.610e+03 8.890e+03 7.909e+03 6.747e+03 5.513e+03 4.312e+03 3.237e+03 2.354e+03 1.678e+03 1.189e+03 8.552e+02 6.358e+02 4.907e+02 3.955e+02 3.320e+02 2.857e+02 2.489e+02 2.192e+02 1.943e+02 1.715e+02 1.508e+02 1.321e+02 1.146e+02 9.848e+01 8.383e+01 7.039e+01 5.879e+01 4.862e+01 3.975e+01 3.198e+01 2.559e+01 
Resultados para el vector de Recuperados (R1) 
--(2.000e+02)-------------------------------------------
Acumulado / Max / Min: 
  Ind  ->      0      1      2      3      4      5      6      7      8      9     10     11     12     13     14     15     16     17     18     19     20     21     22     23     24     25     26     27     28     29     30     31     32     33     34     35     36     37     38     39     40     41     42     43     44     45     46     47     48     49     50     51     52     53     54     55     56     57     58 
  Acum -> 000000 000000 000000 000000 000000 000000 000000 000000 000001 000006 000016 000143 000296 000603 001127 002131 004222 008892 019422 043406 095207 200122 398334 740460 1271161 2018692 2978438 4104042 5308959 6486838 7535561 8365489 8915586 9150279 9064770 8678061 8033896 7192224 6226142 5209331 4213403 3296875 2497393 1836997 1315879 923608 640600 443789 311925 226644 172876 139547 118247 103535 092551 083564 075336 067241 059299 
  Max  -> 000000 000000 000000 000000 000000 000000 000000 000000 000001 000001 000002 000003 000005 000010 000019 000037 000065 000132 000288 000728 001552 003199 006262 011640 019659 031264 046282 063543 082282 100728 116896 129907 138167 141840 140615 134647 124689 111548 096706 080813 065352 051083 038808 028698 020504 014457 010121 007031 004896 003587 002715 002192 001879 001605 001470 001302 001193 001080 000942 
  Min  -> 000000 000000 000000 000000 000000 000000 000000 000000 000000 000000 000000 000000 000000 000000 000000 000002 000002 000006 000011 000019 000036 000076 000160 000309 000538 000878 001285 001794 002329 002818 003251 003587 003814 003926 003895 003732 003440 003046 002623 002239 001793 001414 001081 000785 000558 000393 000269 000190 000138 000099 000072 000060 000045 000041 000040 000034 000029 000026 000020 
Promedio: 
  Prom -> 0.000e+00 0.000e+00 0.000e+00 0.000e+00 0.000e+00 0.000e+00 0.000e+00 0.000e+00 5.000e-03 3.000e-02 8.000e-02 7.150e-01 1.480e+00 3.015e+00 5.635e+00 1.066e+01 2.111e+01 4.446e+01 9.711e+01 2.170e+02 4.760e+02 1.001e+03 1.992e+03 3.702e+03 6.356e+03 1.009e+04 1.489e+04 2.052e+04 2.654e+04 3.243e+04 3.768e+04 4.183e+04 4.458e+04 4.575e+04 4.532e+04 4.339e+04 4.017e+04 3.596e+04 3.113e+04 2.605e+04 2.107e+04 1.648e+04 1.249e+04 9.185e+03 6.579e+03 4.618e+03 3.203e+03 2.219e+03 1.560e+03 1.133e+03 8.644e+02 6.977e+02 5.912e+02 5.177e+02 4.628e+02 4.178e+02 3.767e+02 3.362e+02 2.965e+02 
Resultados para el vector de Recuperados (R2) 
--(2.000e+02)-------------------------------------------
Acumulado / Max / Min: 
  Ind  ->      0      1      2      3      4      5      6      7      8      9     10     11     12     13     14     15     16     17     18     19     20     21     22     23     24     25     26     27     28     29     30     31     32     33     34     35     36     37     38     39     40     41     42     43     44     45     46     47     48     49     50     51     52     53     54     55     56     57     58 
  Acum -> 000000 000000 000000 000000 000000 000000 000000 000000 000000 000000 000000 000000 000000 000000 000000 000000 000000 000004 000020 000061 000154 000301 000615 001238 002499 005225 011541 025143 053340 110296 215670 396833 683270 1103471 1680123 2417920 3302673 4303886 5372560 6454650 7493281 8438538 9258578 9935025 10470068 10874884 11169415 11376994 11518834 11613406 11675859 11717034 11745420 11766340 11782599 11796104 11808010 11819110 11829437 
  Max  -> 000000 000000 000000 000000 000000 000000 000000 000000 000000 000000 000000 000000 000000 000000 000000 000000 000000 000001 000002 000003 000003 000006 000010 000018 000038 000088 000177 000388 000838 001769 003431 006246 010698 017199 026056 037517 051325 066911 083343 100224 116363 131102 143703 154067 162470 168714 173251 176490 178781 180234 181231 181897 182324 182687 182917 183144 183317 183484 183666 
  Min  -> 000000 000000 000000 000000 000000 000000 000000 000000 000000 000000 000000 000000 000000 000000 000000 000000 000000 000000 000000 000000 000000 000000 000000 000000 000000 000004 000007 000009 000021 000049 000095 000179 000303 000466 000711 001018 001428 001867 002335 002752 003219 003606 003949 004251 004484 004653 004784 004868 004923 004965 004998 005013 005030 005034 005041 005048 005054 005058 005067 
Promedio: 
  Prom -> 0.000e+00 0.000e+00 0.000e+00 0.000e+00 0.000e+00 0.000e+00 0.000e+00 0.000e+00 0.000e+00 0.000e+00 0.000e+00 0.000e+00 0.000e+00 0.000e+00 0.000e+00 0.000e+00 0.000e+00 2.000e-02 1.000e-01 3.050e-01 7.700e-01 1.505e+00 3.075e+00 6.190e+00 1.249e+01 2.612e+01 5.771e+01 1.257e+02 2.667e+02 5.515e+02 1.078e+03 1.984e+03 3.416e+03 5.517e+03 8.401e+03 1.209e+04 1.651e+04 2.152e+04 2.686e+04 3.227e+04 3.747e+04 4.219e+04 4.629e+04 4.968e+04 5.235e+04 5.437e+04 5.585e+04 5.688e+04 5.759e+04 5.807e+04 5.838e+04 5.859e+04 5.873e+04 5.883e+04 5.891e+04 5.898e+04 5.904e+04 5.910e+04 5.915e+04 
Resultados para el vector de muertes (M)
--(2.000e+02)-------------------------------------------
Acumulado / Max / Min: 
  Ind  ->      0      1      2      3      4      5      6      7      8      9     10     11     12     13     14     15     16     17     18     19     20     21     22     23     24     25     26     27     28     29     30     31     32     33     34     35     36     37     38     39     40     41     42     43     44     45     46     47     48     49     50     51     52     53     54     55     56     57     58 
  Acum -> 000000 000000 000000 000000 000000 000000 000000 000000 000001 000002 000003 000004 000004 000004 000007 000010 000011 000017 000028 000047 000085 000177 000336 000619 001124 001905 003069 004873 007321 010392 014307 018947 024339 030525 037037 044073 051325 058465 065541 072368 078808 084878 090507 095642 100304 104377 107917 111033 113750 116067 118049 119676 121069 122291 123272 124061 124731 125324 125791 
  Max  -> 000000 000000 000000 000000 000000 000000 000000 000000 000001 000001 000001 000001 000001 000001 000001 000001 000001 000001 000002 000003 000003 000005 000008 000011 000017 000029 000050 000076 000108 000161 000237 000292 000377 000485 000579 000697 000805 000909 001023 001131 001233 001324 001435 001511 001580 001649 001694 001741 001780 001822 001849 001872 001891 001905 001928 001938 001949 001953 001961 
  Min  -> 000000 000000 000000 000000 000000 000000 000000 000000 000000 000000 000000 000000 000000 000000 000000 000000 000000 000000 000000 000000 000000 000000 000000 000000 000000 000000 000001 000002 000003 000003 000006 000010 000015 000017 000019 000021 000023 000025 000030 000034 000037 000039 000044 000047 000050 000052 000053 000053 000055 000055 000055 000055 000055 000055 000056 000056 000057 000057 000058 
Promedio: 
  Prom -> 0.000e+00 0.000e+00 0.000e+00 0.000e+00 0.000e+00 0.000e+00 0.000e+00 0.000e+00 5.000e-03 1.000e-02 1.500e-02 2.000e-02 2.000e-02 2.000e-02 3.500e-02 5.000e-02 5.500e-02 8.500e-02 1.400e-01 2.350e-01 4.250e-01 8.850e-01 1.680e+00 3.095e+00 5.620e+00 9.525e+00 1.534e+01 2.437e+01 3.661e+01 5.196e+01 7.153e+01 9.473e+01 1.217e+02 1.526e+02 1.852e+02 2.204e+02 2.566e+02 2.923e+02 3.277e+02 3.618e+02 3.940e+02 4.244e+02 4.525e+02 4.782e+02 5.015e+02 5.219e+02 5.396e+02 5.552e+02 5.687e+02 5.803e+02 5.902e+02 5.984e+02 6.053e+02 6.115e+02 6.164e+02 6.203e+02 6.237e+02 6.266e+02 6.290e+02 

Promedios estimados vs datos reales de muertes diarias (M) <Galicia>
       -> 0.000e+00 0.000e+00 0.000e+00 0.000e+00 0.000e+00 0.000e+00 0.000e+00 0.000e+00 5.000e-03 1.000e-02 1.500e-02 2.000e-02 2.000e-02 2.000e-02 3.500e-02 5.000e-02 5.500e-02 8.500e-02 1.400e-01 2.350e-01 4.250e-01 8.850e-01 1.680e+00 3.095e+00 5.620e+00 9.525e+00 1.534e+01 2.436e+01 3.660e+01 5.196e+01 7.153e+01 9.474e+01 1.217e+02 1.526e+02 1.852e+02 2.204e+02 2.566e+02 2.923e+02 3.277e+02 3.618e+02 3.940e+02 4.244e+02 4.525e+02 4.782e+02 5.015e+02 5.219e+02 5.396e+02 5.552e+02 5.688e+02 5.803e+02 5.902e+02 
       -> 0.000e+00 0.000e+00 0.000e+00 0.000e+00 0.000e+00 0.000e+00 0.000e+00 0.000e+00 0.000e+00 0.000e+00 0.000e+00 0.000e+00 0.000e+00 0.000e+00 0.000e+00 0.000e+00 0.000e+00 0.000e+00 2.000e+00 2.000e+00 3.000e+00 3.000e+00 4.000e+00 5.000e+00 9.000e+00 1.200e+01 1.800e+01 2.000e+01 2.700e+01 3.200e+01 4.300e+01 4.700e+01 6.000e+01 6.600e+01 8.400e+01 1.030e+02 1.200e+02 1.380e+02 1.590e+02 1.740e+02 1.900e+02 2.040e+02 2.130e+02 2.310e+02 2.430e+02 2.610e+02 2.740e+02 2.840e+02 2.900e+02 2.990e+02 3.100e+02 
Función tasa de contagio (R0): 
       -> 4.370e-01 5.233e-01 6.238e-01 7.378e-01 8.623e-01 9.915e-01 1.115e+00 1.220e+00 1.290e+00 1.307e+00 1.260e+00 1.144e+00 9.704e-01 7.604e-01 5.445e-01 3.522e-01 2.033e-01 1.033e-01 4.556e-02 1.720e-02 5.473e-03 1.445e-03 1.000e-03 1.000e-03 1.000e-03 1.000e-03 1.000e-03 1.000e-03 1.000e-03 1.000e-03 1.000e-03 1.000e-03 1.000e-03 1.000e-03 1.000e-03 1.000e-03 1.000e-03 1.000e-03 1.000e-03 1.000e-03 1.000e-03 1.000e-03 1.000e-03 1.000e-03 1.000e-03 1.000e-03 1.000e-03 1.000e-03 1.000e-03 1.000e-03 1.000e-03 1.000e-03 1.000e-03 1.000e-03 1.000e-03 1.000e-03 1.000e-03 1.000e-03 
Suma muertes reales: 
  -> 3.100e+02 (err: 1.771e+02)

Tiempo de cómputo: 1.161e+00

